x, y, z, intensity, ring
0.275147,0.424826,-0.135621,15,0
11.1748,17.2471,0.358717,31,8
0.32328,0.49876,-0.13722,13,1
12.3776,19.0962,1.19263,16,9
3.42438,5.28115,-1.22347,21,2
14.2992,22.0441,2.29882,49,10
3.86244,5.95218,-1.12383,23,3
16.6032,25.5765,3.74407,24,11
4.45317,6.85991,-1.0042,15,4
19.1235,29.4477,5.56125,24,12
5.19158,7.99129,-0.833732,17,5
18.4622,28.4076,6.58558,35,13
6.29465,9.6818,-0.605213,33,6
18.9892,29.2074,8.0429,47,14
8.00158,12.3026,-0.256166,93,7
25.133,38.6277,12.3483,15,15
0.284999,0.436855,-0.139762,14,0
11.2636,17.2585,0.359729,29,8
0.316409,0.484631,-0.133621,14,1
12.4627,19.0885,1.19473,6,9
3.4365,5.26154,-1.22156,21,2
15.5383,23.7812,2.48533,28,10
3.88215,5.93934,-1.12383,27,3
16.7987,25.6908,3.76893,24,11
4.46721,6.83182,-1.00225,17,4
19.1886,29.3345,5.55186,29,12
5.20933,7.96069,-0.832337,17,5
18.7187,28.5943,6.64321,24,13
6.30483,9.62746,-0.60312,37,6
19.1746,29.2795,8.08024,47,14
8.01823,12.2391,-0.255399,93,7
0.286446,0.435907,-0.139762,14,0
11.301,17.191,0.359101,47,8
0.320156,0.486835,-0.134521,14,1
13.4337,20.4198,1.28097,22,9
3.44314,5.23372,-1.21774,21,2
15.4374,23.4566,2.45675,27,10
3.89966,5.92313,-1.1232,23,3
16.9701,25.7659,3.78819,24,11
4.48011,6.7996,-0.999816,19,4
16.9167,25.6652,4.86855,18,12
5.22912,7.93339,-0.831291,17,5
19.4056,29.4302,6.85233,6,13
6.30923,9.56482,-0.600503,37,6
19.2906,29.2336,8.08609,59,14
8.03226,12.1677,-0.254491,93,7
0.279434,0.422019,-0.135621,15,0
11.2604,16.9997,0.355924,18,8
0.343382,0.518204,-0.143519,12,1
13.4718,20.3229,1.27783,24,9
3.45922,5.2184,-1.21698,21,2
15.7659,23.7745,2.49579,28,10
3.90284,5.88315,-1.11819,28,3
16.2016,24.413,3.59758,23,11
4.50162,6.78062,-0.999329,19,4
21.7175,32.6999,6.21733,24,12
5.24686,7.90015,-0.829723,17,5
19.4909,29.3361,6.84623,6,13
6.33373,9.52943,-0.599665,37,6
19.4476,29.2488,8.10904,11,14
8.03038,12.073,-0.253095,94,7
26.0228,39.1082,12.5869,16,15
0.280905,0.421041,-0.135621,15,0
11.1843,16.7574,0.351666,24,8
0.336532,0.504037,-0.13992,13,1
13.6114,20.3787,1.28432,16,9
3.46869,5.19323,-1.21393,21,2
15.6761,23.4609,2.4686,28,10
3.91566,5.85799,-1.116,26,3
16.4356,24.5791,3.63049,11,11
4.5076,6.73846,-0.995429,19,4
19.9265,29.7771,5.67482,20,12
5.25557,7.85364,-0.826759,17,5
19.6226,29.312,6.85653,31,13
6.34696,9.47739,-0.597781,37,6
19.8587,29.6422,8.23726,60,14
8.04576,12.005,-0.252257,94,7
0.295307,0.439297,-0.141833,14,0
11.2237,16.6901,0.351073,24,8
0.331763,0.493157,-0.13722,13,1
12.9175,19.1944,1.21252,1,9
3.4868,5.18109,-1.21393,21,2
15.8324,23.5168,2.48028,14,10
3.93388,5.84101,-1.11538,25,3
17.2712,25.6345,3.79526,24,11
4.51778,6.70294,-0.992504,24,4
20.1927,29.9482,5.72081,5,12
5.2629,7.80551,-0.823622,19,5
20.1223,29.8325,6.99468,46,13
6.36882,9.43862,-0.596735,37,6
19.8726,29.4402,8.20037,60,14
8.04621,11.9155,-0.250966,94,7
20.2026,29.9066,9.67052,8,15
0.292505,0.431865,-0.139762,14,0
11.2,16.5299,0.348525,23,8
0.331295,0.48877,-0.13632,13,1
3.50156,5.16401,-1.21278,23,2
16.5162,24.3485,2.57406,45,10
3.94427,5.81253,-1.11256,23,3
16.6336,24.5032,3.63634,11,11
4.52665,6.66577,-0.989335,22,4
20.3437,29.9461,5.73395,35,12
5.29371,7.78947,-0.82397,19,5
20.2263,29.7621,6.99468,26,13
6.37141,9.37174,-0.593908,40,6
20.2295,29.7445,8.30474,24,14
8.06413,11.8527,-0.250233,94,7
20.2645,29.7736,9.65033,17,15
0.272301,0.39888,-0.12941,15,0
11.1923,16.395,0.3465,23,8
0.340692,0.498876,-0.13947,26,1
14.2387,20.8419,1.32284,82,9
3.51049,5.13655,-1.20935,21,2
16.4996,24.1332,2.55767,29,10
3.96331,5.79478,-1.11194,26,3
17.5192,25.6149,3.81037,25,11
4.53757,6.63191,-0.986654,27,4
20.466,29.901,5.73896,46,12
5.31074,7.75614,-0.822402,16,5
20.11,29.3589,6.91721,13,13
6.40798,9.35162,-0.594118,33,6
25.9004,37.7841,10.5758,17,14
8.06588,11.7667,-0.249011,100,7
20.3246,29.6389,9.62962,17,15
0.286829,0.417027,-0.135621,15,0
11.131,16.1775,0.342765,23,8
0.345833,0.502439,-0.140819,13,1
14.2969,20.7633,1.32117,25,9
3.52506,5.11942,-1.2082,23,2
16.5656,24.0492,2.55488,14,10
3.98015,5.77603,-1.111,25,3
20.7698,30.1301,4.49332,14,11
4.55846,6.61033,-0.985923,28,4
20.5889,29.8453,5.74271,5,12
5.30724,7.69328,-0.817695,17,5
20.2514,29.3451,6.93056,32,13
6.42243,9.30289,-0.592443,33,6
25.9756,37.6117,10.5529,17,14
8.09077,11.7107,-0.248452,96,7
25.8997,37.4738,12.2059,15,15
0.297086,0.428727,-0.139762,14,0
11.0598,15.9545,0.338856,27,8
0.329817,0.475607,-0.133621,14,1
3.5306,5.08934,-1.204,21,2
14.6116,21.0547,2.24217,41,10
3.98564,5.741,-1.10693,25,3
15.8789,22.8638,3.41795,21,11
4.57471,6.5846,-0.984461,23,4
20.6817,29.757,5.73958,10,12
5.31586,7.64853,-0.814906,17,5
20.3515,29.271,6.9298,26,13
6.43662,9.25418,-0.590768,33,6
21.4833,30.8759,8.68401,12,14
8.10075,11.6381,-0.24751,96,7
26.1253,37.5195,12.2504,31,15
0.331756,0.475208,-0.155291,12,0
11.065,15.8437,0.33732,34,8
0.338172,0.484038,-0.13632,13,1
14.5511,20.8276,1.33153,31,9
3.54047,5.06572,-1.20133,23,2
15.7251,22.4911,2.40097,13,10
4.0034,5.72382,-1.1063,25,3
20.9159,29.8933,4.47967,14,11
4.59311,6.56209,-0.983486,24,4
20.778,29.6851,5.73896,25,12
5.34596,7.63482,-0.815429,17,5
20.4006,29.1242,6.91187,52,13
6.43679,9.18586,-0.587838,37,6
26.4009,37.6624,10.6186,18,14
8.09568,11.549,-0.246184,96,7
26.3827,37.6225,12.3125,15,15
0.293403,0.417161,-0.136656,14,0
11.1221,15.8135,0.33746,23,8
0.333047,0.473351,-0.133621,14,1
14.7444,20.9481,1.34252,25,9
3.55813,5.05333,-1.20133,21,2
15.9871,22.6967,2.42886,27,10
4.01781,5.70405,-1.10505,23,3
16.782,23.8165,3.57735,11,11
4.60341,6.53059,-0.981048,38,4
20.6401,29.2701,5.67263,41,12
5.37258,7.61612,-0.815429,17,5
20.4167,28.9425,6.88477,19,13
6.45224,9.14325,-0.586477,37,6
26.5358,37.589,10.6226,18,14
8.11634,11.4929,-0.24559,96,7
26.4414,37.4276,12.2789,31,15
0.290319,0.40988,-0.134586,15,0
11.1507,15.737,0.336657,21,8
0.343713,0.484904,-0.13722,13,1
14.7851,20.8509,1.33959,40,9
3.56238,5.02388,-1.19714,21,2
17.2657,24.3401,2.61084,15,10
4.0354,5.68677,-1.10443,25,3
18.9667,26.7184,4.02315,26,11
4.60894,6.49021,-0.977392,23,4
20.868,29.375,5.70704,41,12
5.38165,7.57552,-0.812989,17,5
29.874,42.0368,10.0243,13,13
6.46445,9.093,-0.584697,37,6
26.7572,37.6232,10.6586,18,14
8.12627,11.4221,-0.244683,87,7
26.6514,37.4468,12.3156,15,15
0.302969,0.42459,-0.139762,14,0
11.137,15.602,0.334598,22,8
0.345403,0.483702,-0.13722,13,1
14.823,20.7504,1.33645,21,9
3.57761,5.00822,-1.19637,21,2
18.9792,26.5589,2.85592,17,10
4.05063,5.66622,-1.10318,22,3
19.0887,26.6924,4.02924,13,11
4.63157,6.47408,-0.977392,23,4
20.9624,29.2908,5.70485,20,12
5.40226,7.54859,-0.812117,16,5
30.1371,42.095,10.0633,13,13
6.48684,9.05739,-0.58386,37,6
27.0801,37.7973,10.7347,18,14
8.12648,11.3384,-0.243496,97,7
26.881,37.4917,12.3612,15,15
0.304449,0.42353,-0.139762,14,0
11.147,15.5013,0.333271,22,8
0.356193,0.495149,-0.140819,13,1
16.1063,22.3813,1.4451,12,9
3.59507,4.99571,-1.19637,21,2
16.9405,23.5318,2.53675,58,10
4.05423,5.62961,-1.0988,17,3
18.952,26.3067,3.98098,13,11
4.65878,6.46431,-0.978367,23,4
21.0807,29.2398,5.70923,10,12
5.41343,7.50868,-0.809851,15,5
27.5047,38.1362,9.13975,10,13
6.50206,9.01201,-0.582395,37,6
27.3123,37.8415,10.7743,18,14
8.12621,11.2548,-0.242309,97,7
26.9959,37.3757,12.354,15,15
0.310458,0.428723,-0.141833,14,0
11.1553,15.3991,0.33191,22,8
0.351059,0.484434,-0.13812,13,1
3.60903,4.97836,-1.19523,21,2
18.9735,26.1628,2.82751,34,10
4.07965,5.62342,-1.10036,18,3
19.0064,26.1889,3.97318,13,11
4.66266,6.42231,-0.974467,23,4
23.5588,32.4378,6.34968,12,12
5.42907,7.47522,-0.808282,16,5
27.6215,38.0177,9.13441,21,13
6.51586,8.96503,-0.580824,37,6
27.584,37.9383,10.8291,18,14
8.13721,11.1876,-0.241471,97,7
0.307398,0.421394,-0.139762,14,0
11.1701,15.3068,0.330758,22,8
0.345854,0.473762,-0.135421,13,1
14.6814,20.1037,1.30463,2,9
3.62175,4.95939,-1.1937,19,2
19.1764,26.2493,2.84407,35,10
4.08411,5.58841,-1.09629,21,3
19.6109,26.8243,4.07994,13,11
4.65927,6.37074,-0.969105,21,4
25.6944,35.1198,6.89219,8,12
5.44925,7.44818,-0.807411,16,5
27.7227,37.8783,9.1241,20,13
6.53178,8.92128,-0.579464,37,6
28.5039,38.9171,11.1369,19,14
8.16085,11.1382,-0.241018,97,7
29.7093,40.5332,13.4658,18,15
0.302004,0.410978,-0.136656,14,0
11.1559,15.1759,0.328768,22,8
0.345196,0.469412,-0.134521,14,1
15.7669,21.4327,1.39444,2,9
3.62741,4.9309,-1.18988,19,2
19.1864,26.0715,2.83204,34,10
4.10476,5.57571,-1.09661,18,3
19.9139,27.0402,4.12333,13,11
4.67559,6.34645,-0.967886,21,4
28.7795,39.0499,7.68312,11,12
5.46576,7.41629,-0.806016,16,5
27.7907,37.6944,9.10312,41,13
6.53799,8.86467,-0.577266,37,6
27.9593,37.8953,10.8723,18,14
8.15693,11.0517,-0.239761,97,7
29.8299,40.4013,13.4565,18,15
0.301138,0.406816,-0.135621,15,0
11.1267,15.026,0.32636,26,8
0.349153,0.471336,-0.135421,13,1
18.0028,24.3028,1.58505,12,9
3.63992,4.9119,-1.18836,19,2
18.957,25.5722,2.78497,34,10
4.11008,5.5423,-1.09285,26,3
21.9218,29.5501,4.5177,14,11
4.68588,6.31415,-0.965449,21,4
26.5591,35.788,7.05864,8,12
5.46905,7.36677,-0.802704,16,5
28.0263,37.7374,9.13708,31,13
6.55579,8.82416,-0.576114,37,6
27.8786,37.5113,10.79,18,14
8.17207,10.9957,-0.239133,99,7
30.109,40.4975,13.5217,18,15
0.311794,0.418152,-0.139762,14,0
11.1263,14.9216,0.324894,24,8
0.364696,0.48892,-0.140819,13,1
15.504,20.7775,1.35864,9,9
3.65705,4.89916,-1.18836,19,2
19.3882,25.964,2.835,34,10
4.09889,5.48908,-1.08503,40,3
22.1741,29.684,4.54938,14,11
4.70917,6.30176,-0.965937,21,4
26.4899,35.4356,7.00733,8,12
5.47922,7.32689,-0.800438,16,5
29.0142,38.7983,9.41719,22,13
6.56587,8.77678,-0.57444,37,6
29.0899,38.8712,11.2089,19,14
8.19123,10.9415,-0.238574,99,7
29.9236,39.9561,13.3758,18,15
11.1639,14.8635,0.324475,26,8
0.34767,0.462717,-0.133621,14,1
15.8284,21.0585,1.38062,11,9
3.67563,4.89015,-1.18912,19,2
19.4359,25.8486,2.82942,34,10
4.12515,5.48421,-1.08691,17,3
21.7954,28.9656,4.45091,14,11
4.72279,6.27418,-0.96423,23,4
26.5814,35.3003,6.99888,17,12
5.49629,7.29913,-0.799393,16,5
31.5321,41.8597,10.1869,14,13
6.56883,8.71712,-0.572032,37,6
29.9199,39.6906,11.4752,20,14
8.18723,10.8569,-0.237353,99,7
29.8,39.5028,13.2588,18,15
0.305311,0.403693,-0.135621,15,0
11.1482,14.7352,0.32252,22,8
0.349283,0.4615,-0.133621,14,1
15.9766,21.1018,1.38711,33,9
3.68438,4.86633,-1.18645,21,2
19.7413,26.0649,2.86063,35,10
4.13114,5.45245,-1.08347,17,3
21.9947,29.019,4.4709,14,11
4.73026,6.23868,-0.961305,17,4
5.50729,7.26085,-0.797301,16,5
29.8291,39.3127,9.59235,11,13
6.56781,8.65278,-0.569311,37,6
29.865,39.3314,11.4014,20,14
8.19,10.7821,-0.23634,99,7
29.9119,39.3648,13.2474,18,15
0.316083,0.414919,-0.139762,14,0
11.1304,14.6055,0.320531,26,8
0.360344,0.472676,-0.13722,13,1
16.1167,21.1333,1.39287,28,9
3.69182,4.84095,-1.1834,21,2
20.6238,27.0334,2.9748,27,10
4.15255,5.44114,-1.08409,16,3
22.0766,28.9169,4.467,14,11
4.74358,6.21108,-0.959599,18,4
30.0112,39.2814,7.82955,11,12
5.53261,7.24158,-0.797301,16,5
29.9363,39.1693,9.58281,22,13
6.58706,8.61552,-0.568369,37,6
30.0992,39.3538,11.4383,20,14
8.20814,10.728,-0.235782,99,7
30.0069,39.2049,13.2288,18,15
0.322234,0.419944,-0.141833,14,0
11.0961,14.4555,0.318088,28,8
0.357244,0.465233,-0.135421,13,1
16.1928,21.0801,1.39308,26,9
3.7087,4.82803,-1.1834,21,2
20.2494,26.3514,2.90752,9,10
4.1667,5.42035,-1.08284,16,3
22.1799,28.8428,4.46749,14,11
4.7616,6.18976,-0.958868,18,4
29.871,38.8164,7.75759,11,12
5.53354,7.19065,-0.793815,16,5
30.9555,40.2111,9.86406,12,13
6.60247,8.57348,-0.567112,37,6
30.3136,39.3489,11.4676,20,14
8.22601,10.674,-0.235224,99,7
30.2403,39.2253,13.2712,18,15
11.0781,14.323,0.316063,30,8
0.363717,0.470086,-0.13722,13,1
16.4106,21.2022,1.40512,28,9
3.72036,4.80665,-1.18149,21,2
20.0665,25.9163,2.8676,17,10
4.17807,5.39411,-1.08065,18,3
22.5407,29.0908,4.51867,14,11
4.78182,6.16913,-0.958381,18,4
30.5747,39.431,7.90276,11,12
5.5501,7.15772,-0.79242,16,5
30.9631,39.9174,9.81979,12,13
6.6265,8.53976,-0.566484,33,6
30.2916,39.0235,11.405,20,14
8.243,10.6153,-0.234595,81,7
31.6282,40.7162,13.8147,19,15
0.332353,0.426772,-0.144939,14,0
11.0739,14.2148,0.314527,30,8
0.367751,0.471888,-0.13812,13,1
16.7129,21.4378,1.42458,22,9
3.73833,4.79518,-1.18187,21,2
20.6996,26.5421,2.94482,36,10
4.19201,5.37326,-1.0794,16,3
4.79844,6.14615,-0.957406,16,4
30.7219,39.3364,7.90526,23,12
5.56769,7.12889,-0.791374,16,5
31.5156,40.3382,9.95031,13,13
6.62921,8.48196,-0.564182,33,6
30.5092,39.022,11.4356,20,14
8.26892,10.5723,-0.234281,81,7
31.7868,40.6268,13.822,19,15
0.312379,0.398249,-0.135621,15,0
11.0358,14.0644,0.312049,26,8
0.354957,0.452206,-0.132721,14,1
16.8283,21.4388,1.42835,17,9
3.75261,4.77901,-1.18111,23,2
20.9054,26.6138,2.96085,18,10
4.20952,5.35704,-1.07909,17,3
25.6115,32.5815,5.08853,17,11
4.80023,6.10439,-0.953506,21,4
30.9157,39.3151,7.92153,23,12
5.58145,7.09531,-0.789805,16,5
30.4883,38.7437,9.58319,22,13
6.6489,8.44621,-0.563344,37,6
30.8719,39.203,11.5202,20,14
8.26682,10.4977,-0.233234,91,7
0.323348,0.409283,-0.139762,14,0
11.0105,13.9367,0.310025,28,8
0.373372,0.472431,-0.13902,26,1
16.5438,20.9256,1.398,23,9
3.75588,4.74895,-1.17691,21,2
21.7214,27.4547,3.06283,19,10
4.22481,5.33995,-1.07846,17,3
25.7342,32.5151,5.09146,17,11
4.80936,6.07443,-0.951312,16,4
5.59257,7.05861,-0.787888,18,5
30.6849,38.7286,9.60456,34,13
6.66943,8.41472,-0.562716,33,6
30.9073,38.9813,11.4851,20,14
8.26613,10.4218,-0.232187,100,7
0.329514,0.414256,-0.141833,14,0
10.9819,13.8012,0.30786,26,8
0.370164,0.465026,-0.13722,13,1
16.7362,21.0177,1.40805,19,9
3.75938,4.72111,-1.17309,21,2
21.9426,27.5462,3.08113,9,10
4.2422,5.32363,-1.07815,18,3
24.8898,31.2236,4.9028,16,11
4.82558,6.0514,-0.950337,18,4
31.3939,39.3546,7.97347,11,12
5.5911,7.00887,-0.784402,16,5
30.9815,38.8238,9.65494,11,13
6.68755,8.37735,-0.561774,37,6
30.9654,38.7758,11.4563,20,14
8.28249,10.3679,-0.231628,82,7
38.0479,47.6107,16.3304,28,15
0.330958,0.413103,-0.141833,14,0
10.9762,13.6957,0.30636,24,8
0.369347,0.460691,-0.13632,13,1
16.702,20.8251,1.39904,16,9
3.77706,4.70949,-1.17348,23,2
22.0598,27.4958,3.08409,29,10
4.24839,5.29338,-1.07502,18,3
4.83797,6.02368,-0.948631,13,4
31.2886,38.943,7.91214,23,12
5.61679,6.99086,-0.784576,16,5
30.7835,38.3007,9.55152,22,13
6.69547,8.32749,-0.559995,37,6
31.125,38.6978,11.4653,20,14
8.2898,10.3031,-0.230826,100,7
0.303283,0.375863,-0.12941,15,0
10.9712,13.5919,0.304894,19,8
0.373401,0.462431,-0.13722,13,1
16.6767,20.6455,1.39088,16,9
3.79348,4.69627,-1.17348,21,2
21.8163,26.9987,3.03685,9,10
4.25194,5.26009,-1.07126,18,3
26.0508,32.216,5.08707,17,11
4.85148,5.9975,-0.947169,16,4
31.5038,38.9318,7.93217,11,12
5.62858,6.9532,-0.782659,18,5
30.943,38.2251,9.55953,22,13
6.70565,8.28078,-0.558425,37,6
31.2917,38.6283,11.477,20,14
8.29801,10.2399,-0.230058,100,7
37.1677,45.8492,15.8149,24,15
0.333906,0.410724,-0.141833,14,0
10.9732,13.4977,0.303637,19,8
0.370095,0.455077,-0.135421,13,1
16.6251,20.4353,1.38062,15,9
3.80571,4.67625,-1.17195,21,2
22.3126,27.4068,3.09194,19,10
4.27369,5.24753,-1.07189,18,3
25.2781,31.0382,4.91499,16,11
4.85107,5.95437,-0.943025,15,4
34.3726,42.175,8.61735,13,12
5.64275,6.92115,-0.781264,18,5
31.0407,38.0597,9.54656,11,13
6.72459,8.24222,-0.557483,33,6
31.4553,38.5405,11.4851,20,14
8.30463,10.1752,-0.229255,100,7
37.3642,45.7641,15.8304,24,15
0.305965,0.373683,-0.12941,15,0
10.9668,13.3893,0.302101,21,8
0.37176,0.453718,-0.135421,13,1
16.6077,20.2691,1.3733,13,9
3.81454,4.65382,-1.16966,23,2
23.0044,28.056,3.17421,30,10
4.28822,5.228,-1.07095,18,3
27.0714,32.9925,5.24014,18,11
4.86531,5.92734,-0.941563,16,4
33.4694,40.7753,8.35517,25,12
5.64537,6.87524,-0.778301,18,5
42.2117,51.3893,12.9269,27,13
6.7343,8.19555,-0.555913,38,6
31.597,38.4395,11.4878,20,14
8.30453,10.1029,-0.228277,100,7
37.7691,45.9318,15.9339,25,15
0.336765,0.408383,-0.141833,14,0
10.9654,13.2973,0.300845,19,8
0.383183,0.464508,-0.13902,13,1
16.4826,19.9737,1.35718,11,9
3.82826,4.63745,-1.1689,23,2
22.936,27.7742,3.15138,20,10
4.30176,5.20918,-1.07001,20,3
27.1782,32.8995,5.23965,18,11
4.88241,5.90811,-0.941075,15,4
33.6291,40.6795,8.35955,12,12
5.65918,6.84321,-0.776906,18,5
6.74489,8.15317,-0.554552,38,6
8.31297,10.0415,-0.227544,100,7
0.338117,0.407264,-0.141833,14,0
10.9517,13.1867,0.299204,21,8
0.379821,0.457172,-0.13722,13,1
16.4246,19.7625,1.34671,17,9
3.84111,4.62171,-1.16813,21,2
23.6814,28.484,3.2408,42,10
4.29844,5.16831,-1.06469,17,3
27.1608,32.6457,5.2143,18,11
4.89919,5.88646,-0.940344,13,4
33.4726,40.2036,8.28571,12,12
5.67292,6.81368,-0.775686,16,5
43.8772,52.6818,13.3269,29,13
6.75157,8.10349,-0.552772,38,6
8.33389,9.99555,-0.227161,100,7
38.074,45.6492,15.9277,25,15
0.324667,0.388297,-0.135621,15,0
10.9361,13.0747,0.297529,19,8
0.378914,0.452855,-0.13632,13,1
16.3409,19.5228,1.33425,19,9
3.85974,4.61129,-1.1689,23,2
23.7859,28.4072,3.2415,21,10
4.30884,5.14419,-1.06282,18,3
4.91843,5.8678,-0.9401,13,4
33.8082,40.3196,8.33389,25,12
5.67875,6.77247,-0.773246,16,5
6.76826,8.0661,-0.55183,38,6
8.33144,9.92199,-0.226148,100,7
38.4667,45.7941,16.025,26,15
0.311088,0.369429,-0.12941,15,0
10.9404,12.9875,0.296412,26,8
0.365423,0.433647,-0.130922,14,1
16.2326,19.2564,1.31991,21,9
3.86822,4.58878,-1.16661,21,2
24.0698,28.5434,3.2666,42,10
4.32677,5.12912,-1.06282,17,3
4.92224,5.83087,-0.936932,15,4
34.0991,40.3795,8.37081,12,12
5.70225,6.75009,-0.773071,15,5
6.77704,8.01955,-0.55026,38,6
38.5554,45.608,13.7877,29,14
8.34407,9.86688,-0.225555,100,7
38.3693,45.3558,15.9184,25,15
0.342434,0.403641,-0.141833,14,0
10.921,12.873,0.294666,22,8
0.384588,0.45317,-0.13722,13,1
16.2222,19.1082,1.31363,23,9
3.87103,4.55811,-1.16241,21,2
24.271,28.5688,3.27967,21,10
4.34171,5.10871,-1.06188,18,3
27.6837,32.5743,5.24891,18,11
4.93228,5.80156,-0.934982,15,4
34.4497,40.507,8.42212,13,12
5.72448,6.72862,-0.772897,15,5
6.79215,7.97793,-0.549109,42,6
38.553,45.2676,13.7274,28,14
8.33567,9.78746,-0.224403,100,7
0.313723,0.367193,-0.12941,15,0
10.9382,12.798,0.293864,26,8
0.369783,0.432502,-0.131371,14,1
16.1642,18.9058,1.30358,20,9
3.88181,4.5386,-1.16088,21,2
26.2008,30.6231,3.52597,11,10
4.36208,5.09653,-1.0625,23,3
27.6712,32.3188,5.22405,18,11
4.9548,5.78495,-0.935225,15,4
34.3571,40.1134,8.36518,25,12
5.71682,6.67229,-0.768714,15,5
42.7727,49.9037,12.7758,26,13
6.81735,7.95114,-0.5489,38,6
38.6879,45.1061,13.7193,28,14
8.36197,9.7492,-0.224194,100,7
0.345244,0.401241,-0.141833,14,0
10.9297,12.7025,0.292502,21,8
0.391556,0.454905,-0.13857,13,1
16.1128,18.713,1.29416,20,9
3.89892,4.52651,-1.16126,23,2
26.3908,30.628,3.53713,12,10
4.36478,5.06557,-1.05906,20,3
27.6564,32.0856,5.20114,18,11
4.96488,5.75796,-0.933519,15,4
34.2027,39.6522,8.29384,12,12
5.72966,6.64023,-0.767319,15,5
42.8173,49.6219,12.7399,26,13
6.82411,7.9058,-0.547329,38,6
38.8398,44.9805,13.7202,28,14
8.37112,9.6912,-0.22353,100,7
41.626,48.1731,17.0593,34,15
0.379459,0.438059,-0.155291,12,0
10.9255,12.6083,0.291211,17,8
0.380377,0.43881,-0.134071,14,1
16.093,18.5586,1.28736,18,9
3.91905,4.51949,-1.16279,23,2
26.6175,30.6848,3.55386,12,10
4.37596,5.04285,-1.0575,16,3
4.97584,5.7301,-0.931813,13,4
5.71637,6.58058,-0.762613,15,5
46.323,53.3073,13.7276,31,13
6.82152,7.84727,-0.544922,38,6
39.1143,44.98,13.7616,28,14
8.36421,9.61515,-0.222448,100,7
42.8718,49.2663,17.4993,37,15
0.332727,0.381412,-0.135621,15,0
10.93,12.5249,0.290164,19,8
0.381907,0.437479,-0.134071,14,1
16.0525,18.3819,1.27899,20,9
3.92318,4.49247,-1.15936,23,2
26.9159,30.8108,3.57931,12,10
4.39354,5.02754,-1.0575,20,3
29.6958,33.9691,5.53994,20,11
4.97882,5.69328,-0.928644,13,4
5.7603,6.58458,-0.765402,15,5
46.5088,53.1453,13.7276,31,13
6.8344,7.80688,-0.543771,38,6
46.1218,52.6659,16.1623,48,14
8.39377,9.58138,-0.222344,100,7
0.344257,0.391859,-0.139762,14,0
10.9447,12.4537,0.289396,26,8
0.380858,0.433217,-0.133171,14,1
16.019,18.2148,1.27124,20,9
3.93235,4.47138,-1.15745,23,2
27.6444,31.4227,3.66159,12,10
4.40323,5.00328,-1.05562,16,3
28.6796,32.5764,5.3291,37,11
4.99473,5.67139,-0.927913,15,4
5.77271,6.55247,-0.764007,15,5
6.85369,7.77398,-0.543143,38,6
8.4007,9.52203,-0.221646,100,7
43.7593,49.5828,17.7198,39,15
10.9337,12.354,0.287965,22,8
0.392702,0.443557,-0.13677,13,1
16.0282,18.0975,1.26695,15,9
3.94273,4.45175,-1.15592,21,2
27.5716,31.1202,3.63753,12,10
4.41935,4.9864,-1.05531,17,3
30.6184,34.5348,5.66692,21,11
5.01054,5.64947,-0.927182,15,4
5.77307,6.50694,-0.761044,15,5
43.3288,48.8195,12.688,26,13
6.87283,7.74105,-0.542515,38,6
8.41928,9.4762,-0.221262,100,7
45.3489,51.0239,18.2913,44,15
0.352124,0.395216,-0.141833,14,0
10.9302,12.2635,0.286743,19,8
0.391654,0.439275,-0.13587,13,1
15.9849,17.9222,1.25858,11,9
3.95955,4.43943,-1.1563,21,2
28.8102,32.2904,3.78605,27,10
4.42358,4.9562,-1.05218,17,3
30.6673,34.3478,5.65376,21,11
5.01569,5.61566,-0.924501,13,4
5.79177,6.48229,-0.760521,15,5
43.512,48.6827,12.6919,26,13
6.87451,7.68872,-0.540526,38,6
8.42565,9.41695,-0.220564,100,7
0.353502,0.393985,-0.141833,14,0
10.9329,12.1806,0.285696,19,8
0.390581,0.435005,-0.134971,14,1
15.9379,17.7444,1.24999,15,9
3.97371,4.42412,-1.15592,21,2
27.9586,31.1167,3.65984,25,10
4.43425,4.93339,-1.05061,15,3
30.7578,34.208,5.6484,21,11
5.02331,5.58483,-0.922307,15,4
48.8514,54.2931,11.5677,26,12
5.79837,6.44426,-0.758429,15,5
43.3454,48.1569,12.5942,25,13
6.88661,7.64835,-0.539374,38,6
46.5917,51.7272,16.0723,47,14
8.43437,9.36074,-0.219935,100,7
0.388549,0.430016,-0.155291,12,0
10.9324,12.0949,0.284579,19,8
0.38687,0.427857,-0.133171,14,1
15.9006,17.5791,1.24225,15,9
3.99045,4.41167,-1.1563,21,2
28.0617,31.013,3.65915,12,10
4.45012,4.91641,-1.0503,16,3
30.6585,33.8591,5.60843,20,11
5.04277,5.56726,-0.922307,13,4
48.8019,53.8587,11.5114,25,12
5.81414,6.4166,-0.757558,13,5
43.5238,48.0169,12.5972,25,13
6.90119,7.61096,-0.538432,38,6
46.903,51.7086,16.1173,48,14
8.43743,9.29866,-0.219167,100,7
0.340642,0.374361,-0.135621,15,0
10.9409,12.0197,0.283706,17,8
0.388361,0.426504,-0.133171,14,1
15.8153,17.3625,1.23084,17,9
3.98599,4.37595,-1.15058,21,2
28.0142,30.744,3.63893,12,10
4.46725,4.90085,-1.0503,16,3
30.9772,33.9719,5.64499,21,11
5.05415,5.54083,-0.920845,15,4
46.8352,51.3271,11.0052,23,12
5.8271,6.38596,-0.756338,13,5
47.6778,52.2322,13.7466,31,13
6.92098,7.57944,-0.537909,38,6
8.44151,9.23816,-0.218434,100,7
0.341816,0.373289,-0.135621,15,0
10.9354,11.9381,0.282589,21,8
0.397598,0.433902,-0.13587,13,1
15.7537,17.1861,1.22184,21,9
4.00314,4.3656,-1.15134,21,2
28.1321,30.6794,3.64172,12,10
4.47729,4.88097,-1.04905,18,3
31.5454,34.3776,5.72883,21,11
5.06616,5.51907,-0.91987,15,4
5.83072,6.34753,-0.754071,12,5
48.0393,52.279,13.8008,31,13
6.93256,7.54175,-0.536862,35,6
8.43936,9.17773,-0.217632,100,7
0.343182,0.372033,-0.135621,15,0
10.9262,11.8406,0.281228,24,8
0.401829,0.435306,-0.13677,13,1
15.7068,17.0094,1.21336,22,9
4.01245,4.34369,-1.14943,21,2
28.2201,30.5497,3.63858,25,10
4.48442,4.85292,-1.04655,26,3
5.08636,5.50047,-0.91987,15,4
49.3271,53.3244,11.5051,25,12
5.84583,6.31734,-0.753026,12,5
48.3987,52.2841,13.8489,32,13
6.94251,7.49724,-0.535502,38,6
8.46342,9.13647,-0.217387,100,7
46.7507,50.4508,18.43,45,15
0.394515,0.424549,-0.155291,12,0
10.9246,11.7522,0.280076,21,8
0.384843,0.413851,-0.130472,14,1
15.6247,16.8024,1.20247,19,9
4.02759,4.32966,-1.14943,21,2
27.7781,29.851,3.56746,12,10
4.49948,4.83356,-1.04592,21,3
5.092,5.46815,-0.917432,15,4
5.86241,6.29107,-0.752328,13,5
48.4283,51.9512,13.8054,31,13
6.94413,7.44666,-0.533617,31,6
8.4789,9.08933,-0.216968,100,7
0.345771,0.369628,-0.135621,15,0
10.9239,11.6735,0.279064,26,8
0.396868,0.423954,-0.134071,14,1
15.597,16.6615,1.19609,19,9
4.03656,4.31054,-1.14791,19,2
27.1795,29.0142,3.47821,11,10
4.51009,4.81284,-1.04467,18,3
46.7512,49.8721,8.39339,48,11
5.1006,5.4411,-0.915726,16,4
5.87234,6.25997,-0.750934,13,5
48.4445,51.6242,13.7611,31,13
6.95101,7.40466,-0.532257,35,6
8.48572,9.03638,-0.216375,100,7
0.397322,0.421924,-0.155291,12,0
10.9241,11.5965,0.278087,24,8
0.390253,0.414126,-0.131371,14,1
15.525,16.4689,1.18614,19,9
4.04409,4.28999,-1.146,21,2
27.2879,28.937,3.47978,23,10
4.53415,4.80649,-1.04655,18,3
5.11275,5.41604,-0.914508,15,4
5.88485,6.23177,-0.749888,12,5
48.5723,51.4176,13.7489,31,13
6.94398,7.34818,-0.529849,38,6
8.48974,8.97764,-0.215677,100,7
0.332327,0.350445,-0.12941,15,0
10.915,11.506,0.27683,18,8
0.407793,0.429724,-0.13677,13,1
15.4985,16.3263,1.17976,19,9
4.05634,4.273,-1.14524,21,2
27.0526,28.4876,3.43707,11,10
4.54274,4.78203,-1.04467,18,3
5.12342,5.38953,-0.913045,15,4
5.88598,6.18953,-0.747273,13,5
48.8867,51.39,13.7871,31,13
6.96545,7.31956,-0.529535,31,6
8.4962,8.92189,-0.215049,100,7
0.400258,0.419139,-0.155291,12,0
10.8902,11.3999,0.27519,31,8
0.39852,0.417027,-0.133171,14,1
15.467,16.1797,1.17306,17,9
4.06716,4.25456,-1.14409,23,2
26.8186,28.0445,3.39489,11,10
4.54985,4.75616,-1.04248,20,3
5.14083,5.37018,-0.912801,13,4
5.90893,6.17039,-0.747448,15,5
6.96609,7.26925,-0.527651,31,6
8.50514,8.86909,-0.21449,100,7
0.366903,0.381536,-0.141833,14,0
10.8952,11.3258,0.274317,24,8
0.399973,0.415633,-0.133171,14,1
15.4071,16.0047,1.16427,17,9
4.08608,4.24458,-1.14524,21,2
26.6731,27.6981,3.36421,11,10
4.56094,4.73455,-1.04123,21,3
5.1554,5.34791,-0.91207,13,4
5.92766,6.14686,-0.747099,15,5
6.96784,7.22046,-0.525872,28,6
8.53188,8.83502,-0.214385,100,7
0.335979,0.346946,-0.12941,15,0
10.8944,11.246,0.273305,22,8
0.410915,0.424031,-0.13632,27,1
15.3627,15.8476,1.15673,16,9
4.0913,4.22042,-1.14256,23,2
26.3008,27.1214,3.30529,10,10
4.57882,4.72002,-1.04154,22,3
5.16298,5.31849,-0.91012,16,4
5.94076,6.11755,-0.746053,15,5
6.98187,7.18463,-0.525034,28,6
8.52503,8.76648,-0.213443,100,7
0.350676,0.359602,-0.134586,15,0
10.9182,11.1922,0.272921,16,8
0.397421,0.407252,-0.131371,14,1
15.3594,15.7338,1.15233,16,9
4.09092,4.19066,-1.13837,26,2
26.1754,26.8042,3.27775,10,10
4.58836,4.69695,-1.03998,21,3
5.17735,5.29618,-0.909389,16,4
5.9565,6.09108,-0.745356,15,5
6.99852,7.15165,-0.524406,28,6
8.54019,8.72095,-0.213059,100,7
0.357343,0.363889,-0.136656,14,0
10.9264,11.1226,0.272153,16,8
0.407035,0.414202,-0.134071,14,1
15.3456,15.6104,1.1472,13,9
4.09451,4.16516,-1.13531,26,2
25.9643,26.403,3.23975,21,10
4.60473,4.6809,-1.03998,20,3
5.19999,5.28232,-0.91012,16,4
5.96061,6.05075,-0.74309,15,5
7.01363,7.11722,-0.523674,28,6
8.5411,8.66119,-0.212326,100,7
0.407584,0.412019,-0.155291,12,0
10.9201,11.0389,0.271036,16,8
0.422186,0.426631,-0.13857,13,1
15.3101,15.4658,1.14051,16,9
4.12081,4.16128,-1.13837,21,2
25.8618,26.1067,3.215,10,10
4.60517,4.64716,-1.03622,21,3
5.2142,5.2599,-0.909389,16,4
50.039,50.46,11.2555,24,12
5.96626,6.01436,-0.741172,15,5
7.03545,7.08721,-0.52336,28,6
8.55295,8.61288,-0.211872,100,7
10.921,10.9592,0.270059,16,8
0.418244,0.41956,-0.13677,13,1
15.2582,15.3062,1.13265,18,9
4.13531,4.14687,-1.13837,23,2
25.6741,25.7369,3.18049,20,10
4.61997,4.62965,-1.03591,18,3
5.22692,5.23605,-0.908414,16,4
5.99003,5.99631,-0.741521,15,5
7.02908,7.03154,-0.521057,28,6
8.54903,8.54904,-0.211035,100,7
0.410379,0.409235,-0.155291,12,0
10.9247,10.8904,0.269256,16,8
0.414111,0.412668,-0.134971,14,1
15.2438,15.1907,1.12784,16,9
4.14764,4.13175,-1.13798,21,2
25.6167,25.5097,3.16288,20,10
4.6297,4.60873,-1.03466,18,3
5.23159,5.20609,-0.90622,16,4
5.99717,5.96377,-0.739952,15,5
7.03536,6.99129,-0.519801,28,6
8.55322,8.49668,-0.210441,100,7
0.384285,0.380681,-0.144939,14,0
10.9252,10.819,0.268383,21,8
0.412707,0.408551,-0.134071,14,1
15.2272,15.0685,1.12271,16,9
4.15993,4.11659,-1.1376,23,2
25.5326,25.2578,3.14214,10,10
4.64355,4.59197,-1.03434,20,3
5.24267,5.18082,-0.905002,17,4
6.00944,5.9344,-0.738906,13,5
7.04997,6.9595,-0.519173,35,6
8.5572,8.44149,-0.209813,100,7
0.385678,0.37927,-0.144939,14,0
10.8945,10.7135,0.266708,27,8
0.411352,0.404375,-0.133171,14,1
15.2042,14.9411,1.11716,15,9
4.17218,4.09857,-1.13684,23,2
25.3649,24.9086,3.11024,19,10
4.66316,4.57768,-1.03497,23,3
5.26356,5.16527,-0.905489,17,4
6.01305,5.89665,-0.736815,13,5
7.07258,6.93082,-0.518963,28,6
8.58233,8.40738,-0.209708,96,7
0.364885,0.356325,-0.136656,14,0
10.9194,10.6595,0.266359,18,8
0.421199,0.411031,-0.13587,13,1
15.1776,14.8112,1.11141,15,9
4.17663,4.07438,-1.13417,23,2
25.1707,24.5459,3.0759,9,10
4.65648,4.53932,-1.02996,18,3
5.2725,5.13624,-0.903783,16,4
6.02931,5.87145,-0.736292,15,5
7.08242,6.89216,-0.517917,35,6
8.58439,8.35087,-0.209045,100,7
0.363353,0.35236,-0.135621,15,0
10.9303,10.5996,0.265765,19,8
0.416963,0.404206,-0.134071,14,1
15.1575,14.6887,1.10617,15,9
4.19929,4.06797,-1.13646,23,2
25.0072,24.2167,3.04557,9,10
4.67293,4.52522,-1.03028,22,3
5.28237,5.11183,-0.902564,15,4
6.04977,5.85037,-0.736292,15,5
7.07364,6.8381,-0.515614,35,6
8.58472,8.29307,-0.208347,100,7
0.367302,0.353833,-0.136656,14,0
10.9355,10.5308,0.264997,19,8
0.415564,0.400045,-0.133171,14,1
15.1051,14.5359,1.09864,16,9
4.20214,4.0424,-1.13341,23,2
24.8633,23.9182,3.01838,9,10
4.67873,4.4993,-1.02809,17,3
5.28444,5.07823,-0.899883,16,4
6.06441,5.82369,-0.735594,13,5
7.09866,6.81213,-0.515614,35,6
8.59197,8.24228,-0.207823,96,7
0.390936,0.373848,-0.144939,14,0
10.9451,10.463,0.264299,21,8
0.428298,0.409291,-0.13677,13,1
15.0962,14.4212,1.09414,16,9
4.21125,4.02155,-1.13188,23,2
24.7001,23.5875,2.98805,18,10
4.70091,4.48758,-1.02934,23,3
5.29871,5.05471,-0.899152,17,4
6.08283,5.79868,-0.735246,13,5
7.12502,6.78744,-0.515719,31,6
8.59461,8.18454,-0.20716,77,7
0.383897,0.364432,-0.141833,14,0
10.937,10.3788,0.263182,19,8
0.42414,0.402353,-0.134971,14,1
15.0895,14.3094,1.08984,15,9
4.21102,3.99331,-1.12806,26,2
24.5927,23.3131,2.96469,18,10
4.70728,4.46081,-1.02715,18,3
5.32296,5.04072,-0.900127,17,4
6.08423,5.7596,-0.73298,12,5
7.13417,6.7488,-0.514672,31,6
8.61292,8.142,-0.206881,77,7
0.368298,0.347188,-0.135621,15,0
10.9338,10.3035,0.26224,21,8
0.425542,0.40087,-0.134971,14,1
15.023,14.1471,1.08147,15,9
4.23351,3.98667,-1.13035,19,2
24.3997,22.969,2.93174,18,10
4.71563,4.43758,-1.02558,21,3
5.33474,5.01667,-0.899152,17,4
6.09413,5.72878,-0.73176,13,5
7.14603,6.71292,-0.513834,28,6
8.6238,8.09546,-0.206462,77,7
0.369508,0.3459,-0.135621,15,0
10.9449,10.2421,0.261646,21,8
0.424093,0.39672,-0.134071,14,1
15.0285,14.0536,1.07833,15,9
4.2517,3.97589,-1.1315,21,2
24.2716,22.6891,2.90682,18,10
4.72388,4.41435,-1.02402,18,3
5.34206,4.98853,-0.897446,16,4
6.10827,5.70203,-0.731062,13,5
7.14459,6.66478,-0.512055,31,6
8.63884,8.05303,-0.206148,86,7
0.382032,0.355131,-0.139762,14,0
10.9337,10.1603,0.26053,22,8
0.425474,0.395237,-0.134071,14,1
14.9956,13.925,1.07247,15,9
4.26411,3.95969,-1.13112,23,2
24.0922,22.3643,2.87597,17,10
4.73347,4.39246,-1.02277,17,3
5.3478,4.95906,-0.895496,17,4
6.12813,5.68068,-0.731062,13,5
7.15902,6.63165,-0.511427,35,6
8.63755,7.99566,-0.20545,86,7
0.371794,0.343442,-0.135621,15,0
10.9318,10.0947,0.259727,16,8
0.435306,0.401829,-0.13677,13,1
14.9835,13.8263,1.06849,13,9
4.27145,3.9402,-1.12959,21,2
23.9485,22.0913,2.85052,17,10
4.7487,4.3789,-1.02308,18,3
5.35459,4.93416,-0.894034,16,4
6.13521,5.64953,-0.729668,13,5
7.17363,6.60111,-0.510904,35,6
8.64496,7.95224,-0.205031,100,7
10.9378,10.0261,0.258994,16,8
0.433902,0.397598,-0.13587,13,1
14.9898,13.7309,1.06535,11,9
4.28007,3.91921,-1.12806,23,2
23.8471,21.8366,2.8289,25,10
4.7618,4.3588,-1.02246,18,3
5.37557,4.91718,-0.894521,16,4
6.14117,5.61356,-0.727925,13,5
7.19188,6.56939,-0.510485,35,6
8.66519,7.91241,-0.204821,96,7
0.377158,0.343308,-0.136656,14,0
10.9478,9.96176,0.258365,19,8
0.43824,0.398628,-0.13677,13,1
14.9609,13.6086,1.05991,13,9
4.29082,3.90161,-1.1273,21,2
23.7987,21.6324,2.81374,25,10
4.77482,4.33866,-1.02183,20,3
5.38829,4.89438,-0.89379,13,4
6.1504,5.58272,-0.726705,13,5
7.20145,6.53217,-0.509543,35,6
8.67498,7.866,-0.204403,96,7
0.392624,0.355012,-0.141833,14,0
10.9452,9.89322,0.257528,18,8
0.430883,0.389333,-0.134071,14,1
14.9199,13.4812,1.05384,13,9
4.30373,3.88736,-1.1273,21,2
23.7032,21.4025,2.79404,34,10
4.78478,4.31883,-1.02089,17,3
5.39418,4.86718,-0.892084,14,4
6.16444,5.55829,-0.726182,13,5
7.2112,6.49756,-0.508706,35,6
8.69359,7.83049,-0.204228,100,7
10.966,9.84618,0.257248,19,8
0.429272,0.385299,-0.133171,14,1
14.903,13.3717,1.04934,13,9
4.31368,3.87044,-1.12654,19,2
23.6421,21.2054,2.77852,33,10
4.80055,4.30426,-1.0212,20,3
5.40079,4.83905,-0.890377,14,4
6.17987,5.53516,-0.725833,13,5
7.22675,6.46828,-0.508287,38,6
8.69851,7.7801,-0.203704,85,7
0.380614,0.339473,-0.136656,14,0
10.966,9.77724,0.256446,16,8
0.421885,0.376019,-0.130472,14,1
14.8974,13.2731,1.04567,13,9
4.30957,3.83969,-1.12196,21,2
23.5478,20.973,2.75883,25,10
4.80964,4.28222,-1.01995,20,3
5.41171,4.81489,-0.889403,14,4
6.19171,5.50693,-0.724961,13,5
7.24033,6.43505,-0.507659,35,6
8.6987,7.72579,-0.203076,95,7
0.36155,0.32021,-0.12941,15,0
10.9611,9.70444,0.255538,15,8
0.431951,0.382293,-0.133171,14,1
14.9047,13.1866,1.04295,12,9
4.32883,3.82983,-1.12348,19,2
23.4761,20.7626,2.74192,24,10
4.81864,4.26018,-1.0187,16,3
5.42253,4.79071,-0.888428,14,4
6.1885,5.4655,-0.722347,13,5
7.25526,6.40313,-0.507135,35,6
8.71512,7.68612,-0.202832,100,7
0.435199,0.382736,-0.155291,12,0
10.9544,9.63046,0.254596,16,8
0.427428,0.375637,-0.131371,14,1
14.8892,13.0804,1.03866,12,9
4.3466,3.81858,-1.12463,19,2
23.3134,20.4741,2.71455,16,10
4.82903,4.23942,-1.01776,17,3
5.44072,4.77306,-0.888671,14,4
6.20304,5.43992,-0.721824,13,5
7.26104,6.36329,-0.505984,35,6
8.72685,7.64248,-0.202483,100,7
0.436532,0.381214,-0.155291,12,0
10.9669,9.57375,0.254107,15,8
0.4258,0.37158,-0.130472,14,1
14.8881,12.9877,1.03541,12,9
4.35317,3.79617,-1.12272,19,2
23.203,20.2342,2.69346,24,10
4.83635,4.21605,-1.0162,20,3
5.44537,4.74361,-0.886721,14,4
6.22594,5.41977,-0.722172,13,5
7.27226,6.32615,-0.505147,38,6
8.75197,7.61065,-0.202448,95,7
0.437927,0.379612,-0.155291,12,0
10.9868,9.5204,0.253758,17,8
0.430105,0.372568,-0.131371,14,1
14.8555,12.8637,1.02987,13,9
4.36705,3.78019,-1.12272,19,2
23.1008,19.9964,2.67307,32,10
4.85177,4.19829,-1.0162,18,3
5.46422,4.72492,-0.886965,15,4
6.24275,5.39431,-0.721824,13,5
7.27424,6.28117,-0.503681,35,6
8.76467,7.56546,-0.202099,95,7
0.439315,0.378004,-0.155291,12,0
10.9973,9.45921,0.2532,17,8
0.438856,0.377342,-0.133621,28,1
14.8186,12.7415,1.02421,11,9
4.38022,3.76492,-1.12272,19,2
23.0122,19.7727,2.65442,23,10
4.86713,4.18048,-1.0162,20,3
5.47616,4.70194,-0.886234,15,4
6.24945,5.3621,-0.720429,13,5
7.28702,6.24794,-0.503053,35,6
8.76977,7.5166,-0.20161,95,7
0.387698,0.33136,-0.136656,14,0
10.9952,9.39411,0.252432,16,8
0.450477,0.384744,-0.13677,13,1
14.8243,12.6612,1.0217,12,9
4.38372,3.74273,-1.12043,19,2
22.8867,19.5333,2.63245,31,10
4.88247,4.1656,-1.01651,17,3
5.49777,4.6889,-0.887209,14,4
6.25961,5.33489,-0.719558,13,5
7.29706,6.21468,-0.502321,38,6
8.78094,7.47581,-0.201296,100,7
0.388795,0.330072,-0.136656,14,0
10.9958,9.33172,0.251734,16,8
0.430947,0.365598,-0.130472,14,1
14.812,12.5615,1.01783,12,9
4.39461,3.7269,-1.12005,19,2
22.8936,19.4083,2.62583,23,10
4.8857,4.14045,-1.01432,20,3
5.5035,4.66071,-0.885503,14,4
6.26358,5.30251,-0.717989,13,5
7.3161,6.18916,-0.502216,38,6
8.79018,7.43092,-0.200912,100,7
0.443119,0.373537,-0.155291,12,0
11.0054,9.27395,0.25121,19,8
0.444143,0.374136,-0.134071,14,1
14.8069,12.4686,1.01448,11,9
4.40609,3.71027,-1.11967,14,2
22.8484,19.2334,2.61293,30,10
4.89257,4.11701,-1.01276,22,3
5.51821,4.64019,-0.885259,14,4
6.2851,5.28318,-0.718338,13,5
7.31319,6.14303,-0.500541,38,6
8.79922,7.38604,-0.200528,100,7
0.44442,0.371988,-0.155291,12,0
11.0162,9.21751,0.250721,19,8
0.437973,0.366332,-0.131821,14,1
14.7906,12.3669,1.0104,12,9
4.42203,3.69739,-1.12043,14,2
22.7457,19.0117,2.59358,30,10
4.90843,4.10117,-1.01307,20,3
5.51914,4.60818,-0.882822,14,4
6.30351,5.26121,-0.718338,13,5
7.33459,6.11746,-0.500541,35,6
8.81266,7.34504,-0.200249,100,7
0.445716,0.370435,-0.155291,12,0
11.0268,9.16111,0.250233,19,8
0.445245,0.369781,-0.133621,14,1
14.786,12.2756,1.00715,12,9
4.42131,3.67064,-1.117,16,2
22.7399,18.8723,2.58539,22,10
4.92271,4.08401,-1.01307,21,3
5.53213,4.58635,-0.882334,16,4
6.30803,5.22773,-0.716769,13,5
7.34821,6.08545,-0.500018,35,6
8.81514,7.29511,-0.199725,100,7
0.447006,0.368877,-0.155291,12,0
11.0263,9.09584,0.2495,15,8
0.455554,0.375664,-0.13632,13,1
14.7733,12.1782,1.00339,11,9
4.4341,3.65519,-1.117,11,2
22.678,18.6877,2.57092,22,10
4.93389,4.06429,-1.01244,23,3
5.55577,4.57332,-0.883553,15,4
6.30624,5.18923,-0.714503,13,5
7.37095,6.06103,-0.500122,35,6
8.82047,7.24779,-0.199272,100,7
0.394496,0.323237,-0.136656,14,0
11.0224,9.02815,0.248697,15,8
0.456863,0.374071,-0.13632,13,1
14.7817,12.0987,1.00108,12,9
4.44683,3.63969,-1.117,16,2
22.5704,18.4671,2.5514,14,10
4.9297,4.03204,-1.00869,22,3
5.57017,4.55264,-0.883309,15,4
6.32277,5.16592,-0.714328,13,5
7.37968,6.02516,-0.499285,35,6
8.83176,7.20558,-0.198957,100,7
0.44957,0.365747,-0.155291,12,0
11.0306,8.9707,0.248173,17,8
0.443045,0.360181,-0.131821,14,1
14.7898,12.0193,0.99878,12,9
4.46408,3.62786,-1.11814,14,2
22.5141,18.2902,2.5378,29,10
4.94374,4.01481,-1.00869,25,3
5.57369,4.52316,-0.881359,14,4
6.33767,5.14131,-0.71398,13,5
7.38516,5.98679,-0.498238,35,6
8.8522,7.17093,-0.198853,100,7
0.375704,0.30348,-0.12941,15,0
11.0447,8.91832,0.247789,15,8
0.444299,0.358632,-0.131821,14,1
14.7803,11.9262,0.995325,12,9
4.47366,3.60979,-1.11738,14,2
22.4491,18.1077,2.52333,21,10
4.95773,3.99752,-1.00869,23,3
5.58326,4.4987,-0.880384,16,4
6.35248,5.11665,-0.713631,13,5
7.40756,5.96223,-0.498343,38,6
8.86471,7.12996,-0.198573,100,7
0.452113,0.3626,-0.155291,12,0
11.057,8.8647,0.24737,16,8
0.451631,0.361954,-0.133621,14,1
14.7736,11.8359,0.992081,12,9
4.47613,3.58478,-1.11471,14,2
22.3847,17.9271,2.50904,21,10
4.96857,3.97772,-1.00806,23,3
5.59583,4.4767,-0.879897,19,4
6.3743,5.09583,-0.71398,13,5
7.42781,5.93378,-0.498238,38,6
8.8708,7.084,-0.198155,100,7
0.453439,0.36094,-0.155291,12,0
11.0722,8.81042,0.246986,19,8
0.462105,0.367575,-0.13632,13,1
14.7731,11.7468,0.98915,12,9
4.48924,3.56835,-1.11471,16,2
22.3052,17.7296,2.49283,21,10
4.98466,3.96072,-1.00838,21,3
5.59821,4.44505,-0.877703,16,4
6.37889,5.06128,-0.712411,13,5
7.45264,5.909,-0.498448,35,6
8.88103,7.03902,-0.197806,100,7
0.400188,0.316163,-0.136656,14,0
11.0699,8.74252,0.246219,17,8
0.472627,0.373124,-0.13902,13,1
14.7925,11.674,0.98758,12,9
4.49766,3.54822,-1.11356,14,2
22.284,17.5799,2.48324,14,10
4.99294,3.93753,-1.00713,21,3
5.60511,4.41713,-0.876241,13,4
6.38644,5.02924,-0.711191,13,5
36.5602,28.7804,9.04435,10,13
7.46169,5.87177,-0.49761,35,6
8.89891,7.00024,-0.197631,93,7
11.0956,8.69694,0.246079,17,8
0.44638,0.349755,-0.130922,14,1
14.788,11.5828,0.984439,12,9
4.51683,3.53655,-1.11509,16,2
22.2102,17.39,2.4679,21,10
5.00111,3.91433,-1.00587,21,3
5.63221,4.40511,-0.877947,14,4
6.40325,5.00457,-0.711016,13,5
35.2669,27.5535,8.69936,19,13
7.45955,5.82594,-0.49604,38,6
8.92608,6.96881,-0.197666,100,7
0.457256,0.356092,-0.155291,12,0
11.1133,8.6515,0.245835,16,8
0.472144,0.367422,-0.13812,13,1
14.766,11.4909,0.980567,12,9
4.52171,3.51752,-1.11356,16,2
22.1624,17.2343,2.45622,13,10
5.01095,3.8953,-1.00525,20,3
5.63191,4.37644,-0.875753,14,4
35.6384,27.6838,7.14749,9,12
6.41265,4.97954,-0.710319,13,5
7.47623,5.80125,-0.495936,38,6
8.93371,6.9297,-0.197352,93,7
0.458434,0.354574,-0.155291,12,0
11.1262,8.60237,0.245486,16,8
0.451773,0.34917,-0.131821,14,1
14.7677,11.4138,0.978159,12,9
4.52403,3.49531,-1.11127,16,2
22.1043,17.0718,2.4435,13,10
5.0254,3.87987,-1.00556,22,3
5.63539,4.34925,-0.874047,13,4
48.0357,37.0593,9.60914,16,12
6.43071,4.95947,-0.710494,13,5
7.49227,5.77399,-0.495726,38,6
8.95506,6.89882,-0.197317,100,7
0.459608,0.353052,-0.155291,12,0
11.1324,8.54838,0.244997,16,8
0.465295,0.357163,-0.135421,13,1
14.7773,11.3391,0.97617,13,9
4.53248,3.4779,-1.11051,14,2
22.039,16.9051,2.43008,13,10
5.03354,3.85958,-1.00462,18,3
5.65369,4.33197,-0.874534,15,4
48.251,36.9575,9.62635,49,12
6.43288,4.92721,-0.708925,13,5
7.50186,5.74183,-0.495098,35,6
8.96638,6.85779,-0.197038,100,7
11.1383,8.49128,0.244473,17,8
0.472739,0.360261,-0.13722,13,1
14.766,11.2487,0.972821,12,9
4.53835,3.4573,-1.10898,14,2
22.0187,16.7677,2.42136,13,10
5.04383,3.83959,-1.004,25,3
36.3698,27.6763,5.6116,20,11
5.67194,4.31461,-0.875022,15,4
48.4112,36.8127,9.63261,49,12
6.43894,4.89629,-0.707705,13,5
7.51231,5.70836,-0.49447,35,6
8.97911,6.81799,-0.196793,100,7
0.462061,0.349835,-0.155291,12,0
11.1599,8.44631,0.244299,16,8
0.452237,0.342148,-0.130922,14,1
14.7956,11.1898,0.972193,12,9
4.54786,3.43827,-1.10822,21,2
21.9881,16.6234,2.4116,13,10
5.04617,3.81363,-1.00181,22,3
5.67113,4.28282,-0.872585,16,4
48.5677,36.6649,9.63824,66,12
6.46002,4.87505,-0.708053,13,5
7.50767,5.66155,-0.492795,35,6
8.99008,6.77697,-0.196514,84,7
11.1604,8.38254,0.243636,16,8
0.462838,0.347509,-0.133621,14,1
14.795,11.1044,0.969471,12,9
4.55886,3.4204,-1.10784,21,2
21.9787,16.4901,2.40393,13,10
5.0617,3.79629,-1.00212,28,3
5.68043,4.25724,-0.87161,19,4
48.7113,36.4938,9.64012,66,12
6.47466,4.84895,-0.707705,13,5
7.52037,5.62801,-0.492272,31,6
9.00045,6.7332,-0.1962,100,7
0.464613,0.346438,-0.155291,12,0
11.1654,8.32246,0.243077,17,8
0.479735,0.357453,-0.13812,13,1
14.7888,11.0192,0.966541,13,9
4.56762,3.40212,-1.10707,19,2
21.9335,16.3309,2.39243,13,10
5.06607,3.77063,-1.00024,26,3
5.68411,4.22909,-0.869903,14,4
48.8479,36.3306,9.642,67,12
6.48995,4.82513,-0.70753,13,5
48.7719,36.2476,11.8118,21,13
7.53356,5.59696,-0.491853,35,6
9.00785,6.68982,-0.195851,100,7
11.1833,8.27825,0.242868,17,8
0.458987,0.339632,-0.131821,14,1
14.8044,10.9547,0.96518,10,9
4.57256,3.38229,-1.10555,19,2
21.9027,16.1953,2.38319,19,10
5.07855,3.75381,-1.00024,27,3
5.6997,4.2114,-0.870147,16,4
48.9776,36.1755,9.64387,67,12
6.48988,4.79175,-0.705787,13,5
48.8665,36.067,11.8057,21,13
7.55369,5.57313,-0.491958,35,6
9.01067,6.64567,-0.195432,100,7
11.1737,8.21388,0.242065,15,8
0.472674,0.34734,-0.135421,13,1
14.8023,10.8734,0.962563,12,9
4.59542,3.37444,-1.10822,19,2
21.8647,16.0554,2.37325,13,10
5.0846,3.73228,-0.998991,35,3
5.71756,4.19383,-0.870635,20,4
49.1259,36.0206,9.64825,67,12
6.50336,4.76672,-0.705439,13,5
48.6722,35.6619,11.7286,21,13
7.55698,5.53493,-0.490911,35,6
9.02897,6.61063,-0.195327,93,7
11.1908,8.16344,0.241786,15,8
0.458198,0.334123,-0.130922,14,1
14.8066,10.7932,0.96026,12,9
4.60458,3.35526,-1.10746,16,2
21.83,15.9071,2.36314,26,10
5.09186,3.70896,-0.997739,23,3
5.72648,4.16817,-0.86966,21,4
49.2864,35.8612,9.65388,33,12
6.51595,4.73933,-0.704916,13,5
7.56752,5.50015,-0.490283,35,6
9.06123,6.58337,-0.195502,100,7
11.2012,8.10829,0.241367,19,8
0.459419,0.332442,-0.130922,14,1
14.8005,10.7098,0.957434,12,9
4.61468,3.33802,-1.10707,19,2
21.8543,15.8024,2.35948,19,10
5.10381,3.68912,-0.997426,26,3
5.72973,4.14002,-0.867954,18,4
6.52761,4.71306,-0.704393,13,5
7.57534,5.46552,-0.489551,38,6
9.0582,6.53298,-0.194943,100,7
11.2134,8.06061,0.241053,20,8
0.447859,0.321819,-0.127322,15,1
14.8067,10.6397,0.95555,13,9
4.61297,3.31353,-1.10402,11,2
21.858,15.695,2.35425,19,10
5.11923,3.67448,-0.998052,23,3
5.74181,4.11984,-0.86771,15,4
6.54482,4.69255,-0.704567,13,5
7.59505,5.44153,-0.489655,38,6
9.05705,6.48661,-0.194455,100,7
11.227,8.01408,0.240773,19,8
0.445751,0.318068,-0.126422,15,1
14.8161,10.5682,0.953771,13,9
4.61753,3.29366,-1.10249,14,2
21.8126,15.553,2.34379,19,10
5.12817,3.65519,-0.997426,26,3
5.75616,4.09977,-0.86771,16,4
6.55385,4.66619,-0.70387,13,5
41.7984,29.7485,9.97244,13,13
7.60491,5.41052,-0.489132,38,6
9.0666,6.44569,-0.194175,100,7
11.2419,7.96559,0.240494,20,8
0.478663,0.339038,-0.135421,13,1
14.8203,10.4934,0.951677,12,9
4.63541,3.28206,-1.10402,11,2
21.831,15.4515,2.33996,19,10
5.128,3.62814,-0.994923,25,3
5.77368,4.08195,-0.868197,16,4
42.241,29.853,8.19247,12,12
6.56034,4.63639,-0.702824,12,5
7.61559,5.37819,-0.488609,38,6
9.07924,6.40708,-0.193966,100,7
11.2467,7.9102,0.240005,17,8
0.457526,0.321674,-0.129122,14,1
14.8356,10.4266,0.950316,10,9
4.65166,3.26924,-1.10517,11,2
21.8277,15.3351,2.33386,12,10
5.13416,3.60567,-0.993672,23,3
5.78302,4.05834,-0.867466,16,4
39.8092,27.9265,7.7019,11,12
6.58464,4.61918,-0.703695,13,5
7.62451,5.34469,-0.48798,38,6
9.10483,6.37764,-0.194036,100,7
11.2529,7.85601,0.239552,19,8
0.474626,0.331227,-0.133621,14,1
14.831,10.3462,0.9477,12,9
4.64855,3.24287,-1.10173,11,2
21.7831,15.1904,2.3234,25,10
5.14672,3.58773,-0.993672,25,3
5.78086,4.02679,-0.865029,19,4
38.5285,26.828,7.43596,10,12
6.59091,4.58934,-0.70265,13,5
36.9545,25.7223,8.75203,9,13
7.63492,5.31234,-0.487457,39,6
9.10734,6.33212,-0.193617,100,7
11.2721,7.81098,0.239377,19,8
0.453352,0.314033,-0.127322,15,1
14.8358,10.2728,0.945711,12,9
4.64911,3.21799,-1.09906,9,2
21.7491,15.0542,2.31416,25,10
5.16571,3.57424,-0.994923,26,3
5.78998,4.0032,-0.864297,15,4
6.59621,4.55722,-0.701429,13,5
7.64941,5.28092,-0.487143,39,6
9.10963,6.28666,-0.193198,100,7
11.2891,7.76169,0.239133,16,8
0.47056,0.323407,-0.131821,14,1
14.8503,10.2025,0.944245,13,9
4.66572,3.20427,-1.1002,9,2
21.699,14.9022,2.303,25,10
5.169,3.54857,-0.993046,26,3
5.7997,3.97858,-0.863566,19,4
6.59973,4.524,-0.700035,13,5
7.65883,5.24607,-0.486515,39,6
9.11942,6.24419,-0.192919,100,7
11.2729,7.68984,0.23819,22,8
0.455642,0.310701,-0.127322,15,1
14.8529,10.1244,0.942047,12,9
4.68175,3.19128,-1.10135,4,2
21.7239,14.8024,2.29987,18,10
5.16891,3.52071,-0.990543,26,3
5.8126,3.95618,-0.863322,19,4
6.6023,4.49197,-0.69864,13,5
7.67544,5.21819,-0.48641,39,6
9.13232,6.20399,-0.192709,100,7
11.2765,7.63474,0.237702,16,8
0.469635,0.317847,-0.130922,14,1
14.8452,10.0434,0.939326,11,9
0.668318,0.452145,-0.156845,17,2
21.7243,14.6919,2.29446,12,10
5.16808,3.49379,-0.98804,26,3
5.8198,3.93142,-0.862348,19,4
6.61464,4.46667,-0.698292,13,5
7.66546,5.17237,-0.484631,39,6
9.13568,6.15978,-0.192326,100,7
11.2931,7.58864,0.237492,20,8
0.493389,0.331419,-0.13722,13,1
14.8286,9.96069,0.936186,12,9
0.681301,0.45747,-0.159516,16,2
21.7291,14.5848,2.28958,24,10
5.1786,3.47463,-0.987727,26,3
39.4201,26.4393,5.82804,22,11
5.81962,3.90325,-0.860398,21,4
6.62191,4.43801,-0.69742,15,5
7.67186,5.1378,-0.483898,39,6
77.5783,51.9538,21.5557,63,14
9.1411,6.11944,-0.192011,100,7
11.3049,7.54228,0.237213,27,8
0.442605,0.295181,-0.122823,15,1
14.8417,9.89816,0.93493,12,9
0.659945,0.439962,-0.154174,18,2
21.7094,14.4674,2.28243,24,10
5.19832,3.46292,-0.989292,25,3
5.82427,3.87843,-0.859179,20,4
6.6283,4.41051,-0.696549,13,5
7.68386,5.10901,-0.483584,39,6
9.15135,6.08245,-0.191802,100,7
11.3115,7.4926,0.236829,22,8
0.474453,0.314153,-0.131371,14,1
14.8677,9.84448,0.934511,11,9
0.685958,0.454025,-0.159898,24,2
21.6841,14.347,2.27476,24,10
5.20648,3.44348,-0.988666,26,3
5.84041,3.86128,-0.859666,22,4
6.63624,4.38411,-0.695851,15,5
7.70243,5.0846,-0.483689,39,6
9.16813,6.04987,-0.191732,100,7
11.3129,7.43967,0.23634,23,8
0.468979,0.308296,-0.129572,14,1
14.8719,9.77647,0.932732,11,9
0.697304,0.458217,-0.162188,22,2
21.6716,14.2356,2.26849,24,10
5.21126,3.42186,-0.987414,25,3
5.85318,3.8419,-0.859666,19,4
6.64741,4.35989,-0.695503,15,5
7.71758,5.05794,-0.483584,39,6
9.18814,6.01943,-0.191732,100,7
11.3376,7.39091,0.236236,16,8
0.470212,0.306411,-0.129572,14,1
14.9027,9.71123,0.932208,11,9
0.713942,0.465059,-0.165622,28,2
21.6768,14.1148,2.26309,24,10
5.21999,3.39768,-0.986476,25,3
5.86523,3.81621,-0.859179,22,4
6.6682,4.33534,-0.695851,13,5
7.72274,5.01713,-0.482642,39,6
9.20552,5.97814,-0.191593,100,7
11.3554,7.34893,0.236096,19,8
0.49086,0.317552,-0.134971,14,1
14.8862,9.6303,0.929173,11,9
0.766586,0.495738,-0.177452,24,2
21.67,14.0082,2.25751,24,10
5.23455,3.38249,-0.987102,25,3
38.8705,25.108,5.68179,21,11
5.87285,3.7935,-0.858448,22,4
6.68254,4.31321,-0.695851,13,5
62.8861,40.574,14.5473,35,13
7.73095,4.98608,-0.482119,39,6
9.21521,5.94108,-0.191383,100,7
11.3628,7.30042,0.235747,17,8
0.472234,0.303285,-0.129572,14,1
14.8726,9.54807,0.926242,12,9
0.793097,0.508964,-0.183177,26,2
21.6274,13.8792,2.24827,23,10
5.24407,3.36405,-0.986789,23,3
5.87435,3.76548,-0.856742,20,4
6.6942,4.28771,-0.695503,13,5
7.75335,4.96229,-0.482433,39,6
9.21905,5.8981,-0.191034,100,7
11.371,7.2469,0.235363,19,8
0.473343,0.301553,-0.129572,14,1
14.8907,9.48277,0.925195,12,9
0.823112,0.523976,-0.189664,22,2
21.6277,13.7678,2.24304,23,10
5.2597,3.34693,-0.987414,22,3
38.7919,24.6752,5.64499,21,11
5.88812,3.74392,-0.856742,19,4
56.644,36.0028,10.6303,21,12
6.69473,4.25352,-0.693934,13,5
7.77317,4.93491,-0.482538,39,6
9.23385,5.85998,-0.190894,100,7
11.3704,7.18808,0.234805,19,8
0.448087,0.283159,-0.122373,15,1
14.9118,9.4196,0.924358,12,9
0.834894,0.527391,-0.191954,24,2
21.6157,13.6491,2.23659,29,10
5.26191,3.3213,-0.985537,22,3
38.5463,24.3209,5.59624,20,11
5.90852,3.72656,-0.857717,19,4
57.337,36.149,10.7355,22,12
6.70448,4.22694,-0.693411,13,5
7.78697,4.90562,-0.482328,39,6
9.22988,5.81012,-0.190371,100,7
11.3836,7.14091,0.23456,20,8
0.449072,0.281593,-0.122373,15,1
14.9125,9.34734,0.922369,11,9
0.841721,0.527601,-0.193099,24,2
21.5552,13.5058,2.22543,35,10
5.26845,3.29977,-0.984599,25,3
38.6074,24.1715,5.59283,20,11
5.91307,3.70064,-0.856498,19,4
6.72595,4.20774,-0.694108,15,5
62.2882,38.9523,14.2801,34,13
7.77695,4.86147,-0.480653,39,6
9.24332,5.77363,-0.190231,100,7
11.3932,7.09162,0.234246,22,8
0.466599,0.290319,-0.126872,15,1
14.9027,9.2725,0.919857,12,9
0.846892,0.526734,-0.193862,24,2
21.6242,13.4442,2.2277,29,10
5.28329,3.28344,-0.985224,25,3
38.587,23.9716,5.57772,20,11
5.9209,3.67684,-0.855767,21,4
48.3386,30.0179,9.01219,14,12
6.73552,4.18109,-0.693585,15,5
7.78539,4.82902,-0.48013,39,6
9.25732,5.73978,-0.190127,100,7
11.4149,7.05275,0.234211,23,8
0.470875,0.290818,-0.127772,14,1
14.901,9.19944,0.917763,12,9
0.795262,0.49078,-0.18165,32,2
21.6337,13.3456,2.22387,23,10
5.29919,3.26902,-0.986163,25,3
38.4805,23.7289,5.55091,20,11
5.93475,3.65822,-0.85601,16,4
6.74159,4.15232,-0.692714,15,5
7.79286,4.79795,-0.479607,39,6
9.25686,5.69486,-0.189708,100,7
11.4275,7.00554,0.233967,22,8
0.48518,0.297319,-0.131371,14,1
14.9057,9.13069,0.916089,15,9
0.770099,0.471733,-0.175544,41,2
21.564,13.2041,2.21219,28,10
5.30383,3.24637,-0.984912,27,3
5.94071,3.63334,-0.855035,20,4
6.74245,4.12045,-0.691319,15,5
61.8485,37.7969,14.0893,33,13
7.81296,4.7728,-0.479816,39,6
9.26303,5.65417,-0.189428,100,7
11.4331,6.95418,0.233583,20,8
0.472894,0.287524,-0.127772,14,1
14.9256,9.07134,0.915356,13,9
0.791958,0.481139,-0.180124,48,2
21.5713,13.1001,2.208,40,10
5.30387,3.21974,-0.982721,25,3
38.4076,23.3155,5.51678,20,11
5.94826,3.60949,-0.854304,19,4
6.74656,4.0907,-0.690273,13,5
7.82528,4.74103,-0.479502,39,6
9.27587,5.61767,-0.189289,100,7
11.438,6.89983,0.233164,24,8
0.453918,0.273713,-0.122373,15,1
14.9331,9.00111,0.913786,15,9
0.828942,0.499656,-0.188138,34,2
21.5999,13.0145,2.20626,28,10
5.31847,3.20324,-0.983347,26,3
38.0778,22.9248,5.45731,19,11
5.96145,3.58767,-0.854304,14,4
6.75739,4.06507,-0.689925,13,5
62.1173,37.3534,14.0893,33,13
7.83322,4.70854,-0.478979,39,6
9.29468,5.58261,-0.189254,100,7
11.438,6.84549,0.232675,27,8
0.454871,0.272127,-0.122373,15,1
14.9216,8.9233,0.911169,16,9
0.845846,0.505827,-0.191572,96,2
21.5905,12.9063,2.20068,34,10
5.32622,3.18263,-0.982721,25,3
38.0213,22.7103,5.43781,19,11
5.9586,3.55768,-0.852111,19,4
54.3085,32.4129,10.0171,18,12
6.77667,4.04452,-0.690448,15,5
7.83932,4.67502,-0.478351,39,6
9.3038,5.54398,-0.189044,100,7
11.4549,6.80144,0.232536,28,8
0.455818,0.270537,-0.122373,15,1
14.9201,8.85541,0.909285,20,9
0.695645,0.412715,-0.157227,51,2
21.6148,12.8186,2.19859,28,10
5.3407,3.16603,-0.983347,28,3
37.7622,22.377,5.38955,19,11
5.96756,3.53484,-0.851623,18,4
6.7856,4.01779,-0.689925,15,5
53.0606,31.405,11.9851,22,13
7.85043,4.64459,-0.478037,39,6
9.31353,5.50801,-0.18887,100,7
11.4671,6.75733,0.232326,25,8
0.490295,0.288806,-0.131371,14,1
14.9251,8.78808,0.907715,22,9
0.683546,0.402318,-0.154174,82,2
21.6113,12.7148,2.19371,33,10
5.33925,3.1413,-0.981157,25,3
5.97925,3.51503,-0.851623,18,4
46.1589,27.1246,8.47969,13,12
6.78241,3.98399,-0.688182,13,5
7.8744,4.62358,-0.47856,39,6
9.32063,5.46838,-0.188626,100,7
11.4699,6.70514,0.231908,23,8
0.514855,0.300857,-0.13767,13,1
14.9523,8.73392,0.907506,22,9
0.683181,0.399059,-0.153792,92,2
21.6138,12.62,2.1897,33,10
5.34677,3.12065,-0.980531,15,3
6.00349,3.50113,-0.853329,21,4
6.78697,3.95646,-0.68731,15,5
48.6898,28.3723,10.954,17,13
7.87324,4.58601,-0.477513,39,6
9.33447,5.43279,-0.188521,100,7
11.4915,6.66406,0.231873,17,8
0.45858,0.26583,-0.122373,15,1
15,8.69168,0.908552,20,9
0.687967,0.39864,-0.154555,91,2
21.6353,12.5315,2.18743,28,10
5.34737,3.09603,-0.978654,11,3
6.00021,3.47121,-0.851136,16,4
48.194,27.8697,8.81759,14,12
6.80592,3.93574,-0.687833,13,5
48.9382,28.2886,10.9875,17,13
7.88228,4.55451,-0.477095,39,6
51.4161,29.6971,13.7081,28,14
9.35165,5.39918,-0.188486,100,7
11.4939,6.61195,0.231454,20,8
0.476399,0.273941,-0.126872,15,1
14.999,8.62135,0.906668,21,9
0.684248,0.393301,-0.15341,100,2
21.6997,12.4678,2.18953,28,10
5.34787,3.07144,-0.976777,6,3
39.0966,22.4453,5.53531,20,11
5.99852,3.44234,-0.849186,14,4
46.036,26.4078,8.40585,13,12
6.8248,3.91493,-0.688356,15,5
48.4201,27.7641,10.8494,17,13
7.88253,4.51802,-0.476153,47,6
9.35656,5.35856,-0.188207,100,7
11.5099,6.56782,0.231314,22,8
0.480737,0.274208,-0.127772,14,1
14.9995,8.55212,0.904889,22,9
0.6805,0.387993,-0.152266,100,2
21.6582,12.3436,2.18099,33,10
5.36714,3.05764,-0.978341,2,3
39.468,22.4756,5.57674,20,11
6.0105,3.42138,-0.849186,18,4
46.3271,26.3602,8.44214,13,12
6.8315,3.88714,-0.687659,15,5
48.6839,27.6901,10.8868,17,13
7.89305,4.48752,-0.475839,39,6
9.37347,5.32487,-0.188172,100,7
11.5258,6.52366,0.231175,23,8
0.491868,0.278286,-0.130472,14,1
15.0397,8.50562,0.905517,19,9
0.686977,0.388515,-0.15341,100,2
21.6249,12.2248,2.17332,39,10
39.0795,22.0742,5.51093,20,11
6.02586,3.40233,-0.849673,20,4
45.9234,25.9187,8.35204,12,12
6.83114,3.85544,-0.686264,15,5
50.1175,28.2743,11.1852,18,13
7.90344,4.457,-0.475525,39,6
9.37283,5.28132,-0.187788,100,7
11.5224,6.4687,0.230651,33,8
0.516629,0.289919,-0.13677,13,1
15.0293,8.43059,0.903109,21,9
0.688329,0.386114,-0.15341,100,2
21.6274,12.1268,2.16931,39,10
35.523,19.902,4.99957,16,11
6.04116,3.38321,-0.850161,20,4
46.3376,25.9397,8.41086,13,12
6.82891,3.82281,-0.684695,20,5
44.6871,25.0055,9.95374,26,13
7.91373,4.42646,-0.475211,39,6
49.1076,27.4566,12.9891,25,14
9.39121,5.24857,-0.187788,100,7
11.5257,6.41775,0.230267,31,8
0.493799,0.274845,-0.130472,14,1
15.022,8.35768,0.900911,22,9
0.696535,0.387527,-0.154937,99,2
21.6191,12.0232,2.16425,44,10
0.745862,0.41463,-0.135159,13,3
35.5923,19.7779,4.99957,16,11
6.04773,3.35922,-0.849429,16,4
40.1104,22.2702,7.26638,9,12
6.84636,3.79969,-0.685044,17,5
7.92563,4.39687,-0.475001,39,6
9.41822,5.2206,-0.187962,100,7
11.5585,6.38327,0.230476,31,8
0.504992,0.27877,-0.133171,14,1
15.0336,8.29555,0.899864,22,9
0.696232,0.384024,-0.154555,100,2
21.6352,11.9285,2.16146,44,10
0.733536,0.404266,-0.132656,35,3
34.3989,18.9579,4.82261,15,11
6.0542,3.33521,-0.848698,21,4
40.1654,22.1176,7.26231,28,12
6.86133,3.77673,-0.685218,15,5
40.9965,22.5566,9.09548,10,13
7.93645,4.3649,-0.474687,39,6
52.5269,28.877,13.8385,29,14
9.42412,5.18096,-0.187718,100,7
11.5678,6.33319,0.230197,37,8
0.499172,0.273176,-0.131371,14,1
15.0621,8.23943,0.89976,20,9
0.692401,0.378764,-0.15341,100,2
21.6487,11.8376,2.15867,44,10
0.747076,0.408335,-0.134847,100,3
34.2208,18.6965,4.788,31,11
6.05593,3.30729,-0.847236,21,4
40.0312,21.8529,7.22352,18,12
6.87513,3.75155,-0.685218,15,5
7.95163,4.33717,-0.474687,39,6
52.9149,28.8501,13.9141,30,14
9.42198,5.13489,-0.187299,100,7
11.5916,6.29372,0.230232,28,8
0.482995,0.262136,-0.126872,15,1
15.0838,8.183,0.899341,21,9
0.686881,0.37248,-0.151884,100,2
21.6674,11.7449,2.15623,44,10
0.745094,0.403712,-0.134221,33,3
33.9804,18.4115,4.74535,31,11
6.06919,3.28707,-0.84748,18,4
40.4529,21.9002,7.28578,9,12
6.87766,3.72185,-0.684173,15,5
40.9254,22.1375,9.04435,20,13
7.97275,4.31085,-0.475001,39,6
52.1665,28.1946,13.6901,28,14
9.43632,5.10008,-0.187229,100,7
11.5825,6.23913,0.229639,26,8
0.497588,0.267924,-0.130472,14,1
15.1178,8.13672,0.89976,19,9
0.693234,0.373112,-0.153029,100,2
21.6691,11.6579,2.15275,44,10
0.723742,0.389206,-0.130153,42,3
34.3735,18.4773,4.79166,31,11
6.08355,3.26881,-0.847967,22,4
37.7322,20.2658,6.78363,23,12
6.86475,3.68702,-0.681732,15,5
40.9083,21.9624,9.02527,10,13
7.98801,4.28673,-0.475106,39,6
9.43732,5.06025,-0.186915,100,7
11.5989,6.19583,0.229534,32,8
0.484768,0.258842,-0.126872,15,1
15.1197,8.06979,0.89819,23,9
0.699728,0.373463,-0.154174,100,2
21.7079,11.5812,2.15257,44,10
0.732068,0.390396,-0.131405,48,3
34.0261,18.1377,4.73438,15,11
6.08616,3.24289,-0.846748,22,4
37.909,20.1906,6.80271,16,12
6.88813,3.66866,-0.682778,15,5
48.1522,25.6353,10.6036,15,13
7.98353,4.2485,-0.473954,39,6
9.4514,5.0254,-0.186845,100,7
11.6187,6.15437,0.229499,31,8
0.468446,0.24803,-0.122373,15,1
15.1231,8.00388,0.896724,22,9
0.701028,0.371018,-0.154174,100,2
21.7376,11.4998,2.15153,44,10
0.73168,0.386914,-0.131092,52,3
34.0629,18.0049,4.73072,30,11
6.09394,3.21977,-0.846261,22,4
41.0955,21.7039,7.36087,9,12
6.90794,3.64831,-0.683475,15,5
41.1196,21.7075,9.03824,10,13
7.99655,4.21967,-0.47385,39,6
49.8655,26.3022,13.0157,25,14
9.47242,4.99424,-0.186915,100,7
11.6259,6.10634,0.22922,30,8
0.469309,0.246393,-0.122373,15,1
15.1191,7.93434,0.89484,26,9
0.695365,0.36492,-0.152647,100,2
21.7671,11.4183,2.15048,38,10
0.745273,0.390779,-0.133282,46,3
34.2363,17.944,4.74608,31,11
6.08228,3.1865,-0.843092,23,4
40.828,21.3807,7.29955,9,12
6.92416,3.62603,-0.683824,15,5
8.00769,4.18988,-0.47364,39,6
9.4579,4.94447,-0.186287,100,7
11.6418,6.06294,0.229115,31,8
0.490909,0.255551,-0.127772,14,1
15.1396,7.87783,0.894422,24,9
0.693214,0.360557,-0.151884,100,2
21.7732,11.3248,2.14717,44,10
0.746632,0.388175,-0.133282,48,3
34.5242,17.9415,4.77728,15,11
6.11274,3.17532,-0.845773,22,4
6.9268,3.59511,-0.682778,15,5
8.01767,4.15774,-0.473326,39,6
49.6742,25.7597,12.9185,24,14
9.50528,4.92707,-0.18688,100,7
11.6338,6.00465,0.228522,25,8
0.488379,0.251963,-0.126872,15,1
15.1755,7.82595,0.89484,23,9
0.694531,0.358014,-0.151884,96,2
21.8323,11.254,2.14891,38,10
0.732246,0.377293,-0.130466,32,3
32.5673,16.7733,4.49795,14,11
6.12434,3.15289,-0.845773,16,4
43.5128,22.3913,7.7507,11,12
6.93993,3.5697,-0.682778,15,5
8.03108,4.12742,-0.473222,39,6
49.9693,25.6808,12.9707,25,14
9.5126,4.88671,-0.186671,100,7
11.6789,5.9738,0.228976,37,8
0.50665,0.259043,-0.131371,14,1
15.1632,7.74937,0.892433,27,9
0.704518,0.360054,-0.153792,83,2
21.8574,11.1657,2.14734,38,10
0.71955,0.367421,-0.127963,99,3
32.6321,16.6556,4.49844,14,11
6.13232,3.12862,-0.845286,16,4
41.4089,21.1171,7.36212,9,12
6.95235,3.54546,-0.682778,15,5
41.7742,21.2942,9.11418,20,13
8.02587,4.08938,-0.47207,43,6
50.2368,25.5859,13.0157,25,14
9.53045,4.85182,-0.186671,100,7
11.705,5.93571,0.22908,31,8
0.507551,0.257273,-0.131371,14,1
15.1313,7.6666,0.888979,25,9
0.716278,0.362917,-0.156082,88,2
21.8838,11.0831,2.14612,44,10
5.47582,2.77204,-0.972084,10,3
31.9107,16.1472,4.3912,14,11
6.1308,3.10092,-0.84358,16,4
43.0372,21.7585,7.63807,10,12
6.96468,3.52117,-0.682778,15,5
41.6572,21.0517,9.07259,10,13
8.03831,4.06044,-0.471966,47,6
46.043,23.2479,11.908,21,14
9.53126,4.81041,-0.186357,100,7
11.7131,5.88853,0.228836,35,8
0.501481,0.251999,-0.129572,14,1
15.1598,7.61464,0.889083,23,9
0.708768,0.356009,-0.154174,91,2
21.9366,11.0138,2.14752,38,10
5.48723,2.75379,-0.972397,13,3
31.5907,15.847,4.33952,14,11
6.14514,3.08128,-0.844067,16,4
42.7138,21.4081,7.56736,10,12
6.9698,3.49326,-0.682081,15,5
41.5058,20.7936,9.02374,10,13
8.04707,4.02967,-0.471652,61,6
45.9252,22.9876,11.8567,21,14
9.54263,4.77443,-0.186252,100,7
11.7139,5.8378,0.228452,31,8
0.519801,0.258937,-0.134071,14,1
15.1881,7.56256,0.889188,22,9
0.702977,0.350032,-0.152647,95,2
21.9392,10.9194,2.14403,33,10
5.50919,2.74078,-0.974587,23,3
31.4503,15.6394,4.31271,14,11
6.15586,3.05981,-0.844067,18,4
43.8674,21.7951,7.75821,11,12
6.96768,3.46182,-0.680686,16,5
41.1842,20.453,8.93826,10,13
8.06288,4.00245,-0.471756,50,6
45.8829,22.7665,11.8252,21,14
9.55744,4.7402,-0.186217,100,7
11.7055,5.7827,0.227894,28,8
0.506723,0.250218,-0.130472,14,1
15.2036,7.5042,0.88856,22,9
0.705955,0.348445,-0.153029,84,2
21.8128,10.7616,2.12799,43,10
5.5205,2.72241,-0.9749,30,3
27.5875,13.5987,3.77649,12,11
6.17006,3.04006,-0.844555,19,4
31.6624,15.5936,5.59003,4,12
6.9839,3.43802,-0.681035,15,5
41.8049,20.5797,9.05732,10,13
8.08397,3.97781,-0.472175,50,6
45.2382,22.2501,11.639,21,14
9.57214,4.70593,-0.186182,100,7
11.7167,5.73741,0.227719,31,8
0.493591,0.241594,-0.126872,15,1
15.2082,7.44055,0.887304,23,9
0.726628,0.355342,-0.157227,69,2
21.6194,10.5679,2.10533,42,10
5.50559,2.69002,-0.97052,23,3
27.0427,13.213,3.69557,24,11
6.18599,3.02112,-0.845286,16,4
31.809,15.528,5.6063,5,12
6.97974,3.40576,-0.679466,16,5
41.5166,20.249,8.97871,10,13
8.08413,3.94115,-0.471338,47,6
45.6698,22.2549,11.7289,21,14
9.5921,4.67424,-0.186252,100,7
11.7538,5.70228,0.228033,31,8
0.504994,0.244885,-0.129572,14,1
15.2282,7.38127,0.886885,23,9
0.715497,0.34681,-0.154555,82,2
21.5952,10.4628,2.09941,42,10
5.52561,2.67595,-0.972397,26,3
27.1624,13.1484,3.70532,12,11
6.18272,2.99151,-0.843336,22,4
31.302,15.1387,5.50712,9,12
7.00235,3.38657,-0.680512,21,5
42.4814,20.5363,9.17181,10,13
8.10144,3.91465,-0.471547,50,6
42.1587,20.3621,10.8089,18,14
9.61097,4.63992,-0.186287,100,7
11.7592,5.65428,0.227754,36,8
0.495307,0.238056,-0.126872,15,1
15.2538,7.32807,0.886885,23,9
0.722012,0.34686,-0.1557,71,2
21.7232,10.4313,2.1083,42,10
5.54917,2.66348,-0.9749,26,3
27.4014,13.1462,3.73164,24,11
6.18418,2.96562,-0.842117,22,4
32.0618,15.3683,5.63133,5,12
7.01772,3.36383,-0.680861,23,5
42.1527,20.1962,9.08556,10,13
8.11145,3.88462,-0.471338,50,6
42.1188,20.1619,10.7806,18,14
9.6253,4.60548,-0.186252,100,7
11.7807,5.61407,0.227789,38,8
0.513728,0.244706,-0.131371,14,1
15.2739,7.27221,0.886571,24,9
0.719673,0.34265,-0.154937,54,2
21.8495,10.3983,2.11701,37,10
5.55308,2.64155,-0.973961,25,3
26.0434,12.383,3.54079,22,11
6.19987,2.94657,-0.842848,22,4
37.618,17.8704,6.59622,7,12
7.00782,3.32906,-0.678769,25,5
42.6238,20.2392,9.17181,10,13
8.14842,3.86741,-0.472698,43,6
42.3825,20.1066,10.83,18,14
9.62687,4.56499,-0.185973,100,7
43.8866,20.8014,13.0134,17,15
11.7948,5.57034,0.227684,37,8
0.521628,0.246239,-0.133171,14,1
15.3046,7.2214,0.886885,25,9
0.701334,0.33092,-0.150739,49,2
21.9397,10.3474,2.12224,21,10
5.55155,2.6171,-0.972084,26,3
26.1062,12.3014,3.54347,22,11
6.21012,2.92491,-0.842848,25,4
37.6908,17.744,6.59809,7,12
7.0194,3.30458,-0.678769,22,5
41.2659,19.4183,8.86499,10,13
8.13476,3.82619,-0.471128,47,6
45.1825,21.242,11.5265,20,14
9.63188,4.52626,-0.185763,100,7
43.7246,20.538,12.9441,17,15
11.816,5.52999,0.227719,33,8
0.501303,0.234508,-0.127772,14,1
15.2682,7.13917,0.883326,25,9
0.716712,0.335123,-0.153792,37,2
22.7121,10.615,2.19336,28,10
5.55528,2.59519,-0.971145,25,3
26.3594,12.3084,3.57199,34,11
6.21669,2.90154,-0.842361,24,4
30.3288,14.149,5.30063,13,12
7.04714,3.28764,-0.680338,20,5
38.2677,17.8445,8.20746,17,13
8.14806,3.79778,-0.471128,39,6
44.5533,20.7566,11.3474,20,14
9.673,4.50443,-0.186252,100,7
43.747,20.3624,12.9296,17,15
11.8189,5.48113,0.227405,36,8
0.498582,0.231117,-0.126872,15,1
15.2133,7.04889,0.878721,25,9
0.712534,0.330143,-0.152647,38,2
22.7581,10.5398,2.19423,28,10
5.57147,2.5791,-0.972397,30,3
26.4311,12.2297,3.57589,23,11
6.21057,2.87232,-0.840167,27,4
30.1592,13.9419,5.26246,8,12
7.07305,3.2697,-0.681732,16,5
37.3869,17.2752,8.00558,8,13
8.13951,3.75926,-0.469872,43,6
44.8626,20.7104,11.4077,20,14
9.68685,4.46981,-0.186217,100,7
43.7512,20.1788,12.9099,17,15
11.847,5.44402,0.227579,35,8
0.517095,0.237509,-0.131371,14,1
15.2596,7.00574,0.879977,24,9
0.706545,0.324377,-0.151121,39,2
22.6028,10.3722,2.17576,78,10
5.58224,2.56046,-0.97271,26,3
26.4574,12.1299,3.5737,45,11
6.21514,2.84814,-0.839436,28,4
30.2293,13.8464,5.26621,8,12
7.06087,3.23421,-0.679466,16,5
36.5117,16.7163,7.80561,16,13
8.16348,3.73581,-0.4705,43,6
41.1776,18.8352,10.4539,17,14
9.67875,4.42515,-0.185763,100,7
43.8213,20.026,12.9099,17,15
11.846,5.39352,0.227195,41,8
0.528563,0.240546,-0.134071,14,1
15.3167,6.96732,0.881861,25,9
0.698738,0.317844,-0.149213,40,2
22.6896,10.3164,2.18064,45,10
5.59294,2.54178,-0.973022,28,3
26.4435,12.012,3.56614,22,11
6.23047,2.82889,-0.840167,25,4
33.5998,15.2486,5.84408,10,12
7.07393,3.21036,-0.67964,16,5
36.7486,16.6699,7.84378,16,13
8.1983,3.71719,-0.471756,47,6
37.6506,17.0632,9.54332,14,14
9.70507,4.39629,-0.185973,100,7
11.852,5.34638,0.226951,33,8
0.532952,0.240302,-0.134971,14,1
15.3755,6.9294,0.88385,23,9
0.705213,0.317823,-0.150357,39,2
22.7364,10.242,2.18168,61,10
5.58917,2.51657,-0.970832,35,3
26.5124,11.9318,3.5698,11,11
6.24393,2.80875,-0.840655,31,4
30.5702,13.7452,5.30876,18,12
7.08565,3.18442,-0.67964,15,5
36.8119,16.5439,7.84492,24,13
8.2258,3.6951,-0.472594,39,6
38.2575,17.1775,9.68189,15,14
9.71306,4.35911,-0.185833,100,7
36.5464,16.394,10.7327,11,15
11.8578,5.29927,0.226707,32,8
0.508878,0.227313,-0.128672,14,1
15.3978,6.87487,0.883745,25,9
0.706373,0.315237,-0.150357,39,2
22.7374,10.1424,2.1782,61,10
5.58392,2.48963,-0.968329,27,3
23.1091,10.3033,3.10669,17,11
6.25732,2.78856,-0.841142,29,4
30.3473,13.5179,5.26183,17,12
7.08944,3.15642,-0.678943,16,5
36.7485,16.3538,7.81859,32,13
8.20462,3.6495,-0.470605,43,6
38.2953,17.0261,9.67559,15,14
9.70264,4.3138,-0.185345,100,7
36.9547,16.4224,10.8357,22,15
11.8881,5.26062,0.226916,37,8
0.518618,0.229387,-0.130922,14,1
15.4065,6.81112,0.882803,21,9
0.707469,0.312769,-0.150357,39,2
22.9221,10.129,2.19249,56,10
5.61246,2.4789,-0.971771,33,3
23.3937,10.3276,3.13984,9,11
6.27113,2.76721,-0.84163,25,4
30.8521,13.6074,5.34067,18,12
7.11008,3.13444,-0.679815,16,5
36.9617,16.2943,7.85179,16,13
8.20817,3.61681,-0.470082,47,6
41.6431,18.3408,10.5052,17,14
9.72021,4.27902,-0.185379,100,7
36.8768,16.2262,10.7953,22,15
11.921,5.22552,0.227195,31,8
0.519416,0.227575,-0.130922,14,1
15.4027,6.74528,0.881233,25,9
0.694222,0.303876,-0.147305,42,2
20.1097,8.79826,1.92039,30,10
5.61246,2.45435,-0.970207,32,3
23.4405,10.2507,3.1413,36,11
6.27893,2.7445,-0.841386,24,4
29.3663,12.8298,5.07567,4,12
7.13193,3.11438,-0.680861,18,5
36.942,16.1242,7.835,16,13
8.22869,3.5899,-0.4705,47,6
37.8195,16.4915,9.52533,14,14
9.74059,4.24746,-0.185484,100,7
36.9881,16.1213,10.8114,11,15
11.9007,5.16715,0.226462,30,8
0.520207,0.225761,-0.130922,14,1
15.3645,6.66794,0.877779,21,9
0.693425,0.300791,-0.146923,42,2
20.0784,8.70536,1.91464,35,10
5.61513,2.43337,-0.969268,37,3
22.467,9.73167,3.00627,8,11
6.29212,2.72415,-0.841874,22,4
29.3252,12.6962,5.06128,4,12
7.13673,3.08834,-0.680338,20,5
36.8277,15.9291,7.79951,16,13
8.25155,3.56735,-0.471128,50,6
38.1172,16.4711,9.58651,15,14
9.73626,4.20721,-0.185135,100,7
37.0981,16.0231,10.828,11,15
11.9104,5.1245,0.226323,33,8
0.520953,0.224035,-0.130922,14,1
15.4941,6.66,0.88385,24,9
0.698079,0.299918,-0.147686,41,2
20.0886,8.62658,1.91272,21,10
5.60138,2.40539,-0.965514,37,3
23.736,10.188,3.17153,18,11
6.30841,2.7064,-0.842848,24,4
30.7474,13.1847,5.29875,18,12
7.13648,3.0587,-0.679292,21,5
42.0087,18.005,8.88407,10,13
8.26517,3.54075,-0.471233,47,6
37.7704,16.1728,9.48574,29,14
9.74905,4.17241,-0.1851,100,7
37.3314,15.9694,10.8797,11,15
11.9448,5.08995,0.226637,36,8
0.51456,0.21916,-0.129122,14,1
15.4971,6.59727,0.882698,25,9
0.695457,0.296064,-0.146923,42,2
20.1996,8.59503,1.92056,26,10
5.61338,2.38737,-0.966139,46,3
23.7988,10.1167,3.17518,18,11
6.31782,2.68436,-0.842848,22,4
30.8914,13.119,5.31564,9,12
7.15628,3.03766,-0.680163,18,5
37.322,15.8422,7.88118,8,13
8.26277,3.50564,-0.470396,54,6
40.4567,17.1562,10.1453,16,14
9.77644,4.14381,-0.185345,20,7
36.7643,15.5753,10.6985,10,15
11.9569,5.04589,0.226532,40,8
0.490185,0.20676,-0.122823,15,1
15.4924,6.5315,0.881128,23,9
0.696537,0.293513,-0.146923,42,2
19.7866,8.33377,1.87838,17,10
5.62938,2.36984,-0.967391,36,3
22.9411,9.65769,3.05624,8,11
6.31435,2.6569,-0.841142,22,4
30.9552,13.0187,5.31877,18,12
7.18154,3.01884,-0.681558,15,5
37.4413,15.7312,7.89415,8,13
8.2682,3.47224,-0.469977,61,6
41.0153,17.216,10.2695,17,14
9.80929,4.1174,-0.185694,100,7
36.8506,15.4603,10.7079,10,15
11.9311,4.98353,0.225695,40,8
0.534099,0.22298,-0.133621,14,1
15.4358,6.4443,0.876627,23,9
0.686686,0.286543,-0.144633,44,2
19.7824,8.25085,1.87524,16,10
5.65038,2.3555,-0.969581,28,3
23.0423,9.60103,3.06501,34,11
6.32404,2.63374,-0.841142,23,4
24.1256,10.0475,4.13926,8,12
7.17548,2.98686,-0.679989,15,5
42.4916,17.6789,8.94589,10,13
8.28211,3.44412,-0.470082,54,6
36.9075,15.3404,9.22749,13,14
9.80144,4.07393,-0.185275,100,7
36.956,15.353,10.7229,21,15
11.9106,4.92865,0.224996,45,8
0.52403,0.216739,-0.130922,14,1
15.4398,6.38275,0.875581,26,9
0.67861,0.280396,-0.142725,45,2
20.1776,8.33309,1.90993,39,10
5.67276,2.34278,-0.972084,35,3
23.1199,9.5435,3.07111,43,11
6.3309,2.612,-0.840899,24,4
24.2263,9.99031,4.15052,16,12
7.16191,2.95193,-0.677723,17,5
40.6296,16.7463,8.54214,9,13
8.28795,3.41435,-0.469768,65,6
37.4808,15.4332,9.35796,14,14
9.80081,4.0336,-0.184996,100,7
36.6985,15.0961,10.6328,21,15
11.9443,4.89387,0.225311,37,8
0.52839,0.216386,-0.131821,14,1
15.4897,6.34016,0.877151,22,9
0.692304,0.283229,-0.145396,43,2
20.2568,8.28725,1.91481,39,10
5.65714,2.31324,-0.968017,31,3
23.0612,9.42519,3.05892,17,11
6.33998,2.58988,-0.840899,25,4
27.2365,11.1206,4.65956,16,12
7.19246,2.93519,-0.67964,17,5
38.7856,15.8202,8.1422,8,13
8.29856,3.3832,-0.469663,54,6
37.0255,15.0948,9.23109,55,14
9.80927,3.9971,-0.184891,100,7
11.9696,4.85306,0.22545,41,8
0.511119,0.207128,-0.127322,15,1
15.6109,6.32309,0.882698,29,9
0.693338,0.28069,-0.145396,43,2
18.8022,7.61184,1.77467,37,10
5.68206,2.29916,-0.970832,31,3
23.7599,9.6093,3.14691,18,11
6.34575,2.56514,-0.840411,28,4
31.7204,12.8159,5.41858,23,12
7.20687,2.91031,-0.679989,20,5
40.2852,16.2599,8.44444,18,13
8.30164,3.34903,-0.46914,58,6
9.84426,3.96935,-0.185275,20,7
37.9846,15.3082,10.9734,23,15
12.004,4.81586,0.225764,35,8
0.526345,0.211056,-0.130922,14,1
15.7619,6.31709,0.889921,21,9
0.67609,0.270964,-0.14158,46,2
18.8318,7.54362,1.77484,33,10
5.67944,2.27392,-0.968955,45,3
24.429,9.77584,3.23076,19,11
6.35143,2.54039,-0.839924,30,4
27.3191,10.9213,4.65987,13,12
7.21143,2.88291,-0.679466,18,5
40.3454,16.1207,8.44521,9,13
8.32441,3.32447,-0.469768,58,6
38.2573,15.2709,9.51003,14,14
9.84203,3.92657,-0.184961,20,7
12.0468,4.78426,0.226253,33,8
0.530701,0.210655,-0.131821,14,1
15.9324,6.32096,0.898294,11,9
0.69528,0.275843,-0.145396,32,2
19.2136,7.61884,1.80831,38,10
5.69469,2.25699,-0.970207,26,3
19.8675,7.87012,2.62385,6,11
6.37133,2.52259,-0.841386,23,4
27.3204,10.8114,4.65361,37,12
7.22516,2.85918,-0.679815,22,5
37.1956,14.7118,7.77508,8,13
8.35082,3.30127,-0.470605,54,6
38.0766,15.0448,9.45199,14,14
9.84451,3.88779,-0.184751,100,7
36.6503,14.4665,10.5577,10,15
12.0671,4.74365,0.226323,38,8
0.527806,0.207376,-0.130922,14,1
16.9961,6.67783,0.957015,24,9
0.699894,0.274849,-0.14616,42,2
18.8432,7.39594,1.771,18,10
5.70989,2.23998,-0.971458,37,3
20.0852,7.87536,2.64895,12,11
6.40043,2.5083,-0.844067,22,4
27.586,10.8108,4.69272,16,12
7.22767,2.83104,-0.679118,18,5
32.2778,12.6365,6.73785,6,13
8.34742,3.26627,-0.469768,61,6
37.1833,14.542,9.21759,13,14
9.85921,3.85585,-0.184786,100,7
38.231,14.9441,10.9988,11,15
12.0735,4.69998,0.226148,36,8
0.52849,0.205625,-0.130922,14,1
17.3656,6.7531,0.976484,22,9
0.689869,0.268137,-0.14387,44,2
18.737,7.27891,1.75863,18,10
5.70624,2.21674,-0.969581,33,3
20.163,7.82882,2.65578,25,11
6.40316,2.48491,-0.843336,25,4
27.6806,10.7366,4.70242,14,12
7.23008,2.80291,-0.67842,22,5
37.0404,14.3596,7.72204,16,13
8.37124,3.24363,-0.4705,54,6
37.3549,14.4665,9.24819,13,14
9.87261,3.82141,-0.184786,100,7
36.7659,14.2237,10.5629,21,15
12.0805,4.65421,0.225974,35,8
0.521931,0.200978,-0.129122,14,1
17.6519,6.7936,0.991243,22,9
0.690755,0.265848,-0.14387,33,2
18.7741,7.22174,1.75985,10,10
5.69919,2.19114,-0.967078,33,3
18.5355,7.12254,2.43812,10,11
6.40809,2.46112,-0.842848,28,4
21.9475,8.42486,3.72345,27,12
7.24912,2.78123,-0.679292,20,5
36.9803,14.188,7.69914,15,13
8.36945,3.20938,-0.469768,65,6
37.7363,14.463,9.33007,14,14
9.88963,3.78835,-0.184856,100,7
36.7829,14.0828,10.5536,10,15
12.0948,4.61129,0.225939,32,8
0.529913,0.20193,-0.130922,14,1
16.1375,6.14618,0.904993,8,9
0.699064,0.266108,-0.145396,43,2
19.5825,7.45045,1.83306,32,10
5.71826,2.17445,-0.968955,33,3
18.5807,7.06556,2.4408,10,11
6.40365,2.4338,-0.841142,33,4
21.9121,8.32365,3.7125,15,12
7.26065,2.75661,-0.679466,22,5
37.2726,14.1436,7.74914,16,13
8.37743,3.17727,-0.469558,58,6
39.9757,15.1535,9.86995,15,14
9.89344,3.75027,-0.184681,100,7
38.6925,14.6593,11.0868,12,15
12.1172,4.56905,0.226044,40,8
0.534297,0.201361,-0.131821,14,1
17.8271,6.71498,0.998361,28,9
0.674267,0.253978,-0.140054,47,2
18.9316,7.12722,1.76978,26,10
5.72952,2.15587,-0.969581,28,3
18.5396,6.97225,2.43202,20,11
6.40881,2.40891,-0.840655,25,4
21.8722,8.21688,3.70061,31,12
7.27209,2.73195,-0.67964,20,5
37.2151,13.9734,7.727,16,13
8.39968,3.15222,-0.470186,61,6
38.2804,14.3582,9.43895,14,14
9.89963,3.71117,-0.184542,100,7
38.4963,14.4238,11.0153,11,15
12.1331,4.52673,0.226044,33,8
0.524041,0.19541,-0.129122,14,1
17.2029,6.41138,0.962144,6,9
0.693546,0.258479,-0.14387,44,2
18.0601,6.72727,1.68611,21,10
5.75922,2.14413,-0.973335,37,3
18.6661,6.94558,2.44543,26,11
6.43206,2.39206,-0.842605,25,4
23.8228,8.85488,4.02537,10,12
7.28158,2.70655,-0.67964,20,5
38.9715,14.4779,8.08114,8,13
8.42,3.12635,-0.47071,50,6
38.3084,14.2163,9.43355,14,14
9.90315,3.67312,-0.184367,20,7
38.5102,14.2759,11.005,11,15
12.177,4.49473,0.226567,36,8
0.535689,0.197626,-0.131821,14,1
16.8485,6.21241,0.941105,2,9
0.683392,0.251981,-0.14158,46,2
18.1508,6.68899,1.69239,31,10
5.74813,2.11718,-0.970207,33,3
18.3195,6.74391,2.39693,41,11
6.43851,2.36891,-0.842361,24,4
23.2436,8.54736,3.92244,15,12
7.27229,2.67424,-0.677897,21,5
21.982,8.07909,4.55232,27,13
8.40274,3.08661,-0.46914,61,6
37.9718,13.9408,9.33862,42,14
9.90464,3.63439,-0.184158,24,7
38.5308,14.1308,10.9967,11,15
12.1851,4.44946,0.226428,36,8
0.51807,0.189074,-0.127322,15,1
0.699022,0.254976,-0.144633,44,2
18.2714,6.66108,1.70145,38,10
5.75363,2.09643,-0.969894,31,3
18.4959,6.73562,2.41691,51,11
6.44861,2.3471,-0.842605,29,4
22.3748,8.13933,3.77101,2,12
7.27971,2.64816,-0.677723,27,5
22.0913,8.03184,4.56911,24,13
8.40971,3.0559,-0.46893,72,6
37.9854,13.7955,9.33007,14,14
9.90975,3.59707,-0.184018,100,7
39.5097,14.3335,11.2617,12,15
12.2099,4.4103,0.226602,35,8
0.537056,0.193882,-0.131821,14,1
0.699908,0.252535,-0.144633,44,2
18.6694,6.73244,1.73632,56,10
5.76278,2.077,-0.970207,32,3
20.3421,7.32761,2.6548,38,11
6.42688,2.31382,-0.838705,25,4
22.1763,7.97958,3.73284,4,12
7.30436,2.62685,-0.679118,21,5
39.3057,14.1354,8.1193,8,13
8.41656,3.02518,-0.468721,65,6
38.0553,13.6708,9.33547,14,14
9.96554,3.57799,-0.184821,20,7
40.3341,14.4735,11.4822,13,15
12.2252,4.36765,0.226602,35,8
0.523047,0.186763,-0.128222,14,1
0.686036,0.244691,-0.14158,46,2
5.77407,2.05719,-0.970832,38,3
18.563,6.61366,2.41959,30,11
6.44052,2.29337,-0.839436,28,4
21.0669,7.49744,3.54168,8,12
7.30222,2.59733,-0.678072,27,5
39.9936,14.2175,8.25058,26,13
8.43513,2.99698,-0.46914,65,6
38.9022,13.8142,9.53073,14,14
9.95158,3.53382,-0.184332,20,7
40.8869,14.5109,11.6251,13,15
12.2204,4.31549,0.226218,37,8
0.534754,0.188736,-0.130922,14,1
17.9996,6.35279,1.00035,25,9
0.683183,0.240989,-0.140817,46,2
18.6701,6.58211,1.73196,38,10
5.77749,2.03571,-0.970207,33,3
20.3547,7.16802,2.64968,12,11
6.46347,2.27615,-0.841386,25,4
23.9699,8.43645,4.02475,10,12
7.29433,2.56588,-0.676503,31,5
40.0282,14.0726,8.24753,8,13
8.45872,2.97216,-0.469872,54,6
39.9663,14.043,9.77997,15,14
9.98084,3.50502,-0.184646,20,7
12.2045,4.26438,0.22566,36,8
0.546416,0.190817,-0.133621,14,1
18.0922,6.31809,1.00433,41,9
0.6951,0.242604,-0.143107,45,2
18.4887,6.44929,1.71313,21,10
5.77675,2.01394,-0.968955,33,3
20.6745,7.20369,2.68819,13,11
6.48223,2.25862,-0.842848,27,4
23.7926,8.28545,3.99033,5,12
7.32538,2.54953,-0.678595,25,5
43.4902,15.1279,8.95047,10,13
8.47231,2.9454,-0.470082,50,6
40.7158,14.1549,9.95183,16,14
10.0113,3.47847,-0.184996,100,7
38.4499,13.352,10.9061,23,15
12.1845,4.21213,0.225031,36,8
0.524943,0.181367,-0.128222,14,1
18.0565,6.23849,1.00119,22,9
0.699612,0.241579,-0.14387,44,2
17.9543,6.1962,1.66171,28,10
5.77779,1.99284,-0.968017,31,3
17.9958,6.20349,2.33721,10,11
6.47655,2.23258,-0.841142,30,4
21.4405,7.38676,3.59174,8,12
7.34698,2.52977,-0.679815,21,5
39.6083,13.6305,8.1422,8,13
8.4707,2.91339,-0.469454,50,6
10.0171,3.4433,-0.184891,100,7
38.9086,13.367,11.0236,11,15
12.1719,4.16264,0.224543,37,8
0.514477,0.175844,-0.125523,15,1
16.8902,5.77292,0.935453,5,9
0.704125,0.240527,-0.144633,44,2
18.0427,6.1598,1.66799,77,10
5.79559,1.97749,-0.969894,33,3
18.1046,6.1739,2.34867,40,11
6.47452,2.20789,-0.839924,31,4
21.5248,7.33601,3.60175,12,12
7.3591,2.50668,-0.680163,22,5
42.0656,14.3203,8.63754,19,13
8.46329,2.87949,-0.468512,61,6
45.6313,15.5253,11.1279,19,14
10.0474,3.4165,-0.18524,100,7
39.9222,13.5673,11.298,12,15
12.3311,4.16665,0.227195,41,8
0.529889,0.178945,-0.129122,14,1
15.6311,5.27563,0.86459,38,9
0.693882,0.234057,-0.142344,45,2
16.2282,5.47402,1.49838,26,10
5.79905,1.95498,-0.969268,35,3
19.2464,6.48461,2.49369,22,11
6.48295,2.18302,-0.839924,31,4
21.71,7.30624,3.62803,21,12
7.35734,2.47459,-0.679118,27,5
42.0272,14.1274,8.61846,9,13
8.50079,2.85588,-0.469977,58,6
39.2806,13.1965,9.56672,14,14
10.0529,3.37535,-0.1851,100,7
39.9593,13.409,11.2938,12,15
12.5208,4.17968,0.230407,36,8
0.549027,0.183169,-0.133621,14,1
0.687285,0.229029,-0.140817,46,2
18.4994,6.16469,1.70599,24,10
5.80805,1.93434,-0.969581,32,3
19.2211,6.39773,2.48735,33,11
6.49279,2.15986,-0.840167,30,4
21.6954,7.2129,3.62115,21,12
7.37203,2.44949,-0.67964,21,5
43.7444,14.5264,8.95963,10,13
8.48846,2.81715,-0.468721,68,6
39.373,13.0671,9.57752,14,14
10.0462,3.33219,-0.184751,100,7
39.2747,13.0193,11.0868,12,15
13.0811,4.31349,0.240424,27,8
0.520081,0.171397,-0.126422,15,1
17.0285,5.61187,0.93964,18,9
0.68435,0.2254,-0.140054,35,2
16.2755,5.3574,1.49908,3,10
5.80384,1.90933,-0.967704,30,3
21.7582,7.15372,2.81226,14,11
6.50406,2.13843,-0.840655,34,4
21.6229,7.10507,3.60488,14,12
7.35972,2.4169,-0.677723,26,5
39.29,12.8951,8.03802,34,13
8.50962,2.79124,-0.469349,65,6
10.0673,3.30021,-0.184926,100,7
39.9368,13.0842,11.2607,12,15
13.3957,4.36803,0.245939,41,8
0.539175,0.175709,-0.130922,14,1
16.9445,5.52195,0.933988,51,9
0.692561,0.225561,-0.14158,34,2
16.6436,5.41748,1.53133,16,10
5.82329,1.89435,-0.969894,33,3
19.2898,6.27137,2.49052,11,11
6.52245,2.12053,-0.842117,28,4
21.915,7.12061,3.64962,29,12
7.38475,2.39803,-0.679292,21,5
44.3203,14.3834,9.05732,10,13
8.49984,2.75684,-0.468302,68,6
39.4981,12.8109,9.58651,15,14
10.0743,3.26558,-0.184856,100,7
39.572,12.8195,11.1458,12,15
13.6537,4.40213,0.250407,38,8
0.524916,0.169139,-0.127322,15,1
17.0397,5.48726,0.938174,28,9
0.689607,0.22194,-0.140817,46,2
17.0788,5.49655,1.56967,6,10
5.83706,1.87745,-0.971145,35,3
21.4007,6.87925,2.7601,14,11
6.5128,2.09229,-0.839924,31,4
21.4544,6.88827,3.5689,10,12
7.38359,2.36919,-0.67842,25,5
47.6381,15.2766,9.72439,12,13
8.49039,2.72106,-0.467255,65,6
10.08,3.22856,-0.184751,100,7
39.6827,12.7025,11.1644,12,15
13.6678,4.35145,0.250372,35,8
0.506963,0.161305,-0.122823,15,1
16.2698,5.1736,0.894736,30,9
0.686673,0.218221,-0.140054,47,2
18.3292,5.82494,1.68263,45,10
5.8552,1.85963,-0.973022,37,3
19.7551,6.27048,2.54488,23,11
6.51664,2.0672,-0.839436,27,4
22.0143,6.97913,3.65775,18,12
7.39982,2.34452,-0.679118,23,5
8.4965,2.68872,-0.467046,79,6
39.8787,12.6196,9.6567,15,14
10.0879,3.19039,-0.184681,100,7
39.6921,12.5454,11.1541,12,15
13.0828,4.11244,0.239377,37,8
0.565184,0.177552,-0.13677,13,1
16.1496,5.07025,0.887095,44,9
0.683685,0.214647,-0.139291,24,2
17.1661,5.38612,1.57403,16,10
5.85444,1.83579,-0.971771,36,3
18.594,5.82701,2.39254,15,11
6.53554,2.04686,-0.840899,33,4
21.8776,6.84765,3.63084,25,12
7.39465,2.31451,-0.677897,30,5
38.6662,12.095,7.87507,8,13
8.53824,2.66918,-0.468826,65,6
40.0065,12.4989,9.67649,15,14
10.111,3.15697,-0.184891,100,7
13.1696,4.08928,0.240704,56,8
0.528577,0.164027,-0.127772,14,1
16.419,5.09194,0.900911,20,9
0.69193,0.214586,-0.140817,46,2
17.1315,5.30965,1.56915,30,10
5.84949,1.81184,-0.969894,36,3
18.9195,5.85658,2.43178,20,11
6.55781,2.02873,-0.842848,27,4
22.1845,6.85876,3.67777,22,12
7.39887,2.2875,-0.677549,31,5
38.8976,12.0185,7.91361,24,13
8.57422,2.6476,-0.470291,54,6
40.0648,12.3638,9.68009,15,14
10.1468,3.12932,-0.185345,100,7
12.6485,3.87912,0.23093,28,8
0.506788,0.155328,-0.122373,15,1
16.4462,5.03752,0.901435,18,9
0.692675,0.212169,-0.140817,46,2
16.8337,5.15302,1.54022,39,10
5.84634,1.78852,-0.968329,32,3
18.5355,5.66688,2.37986,41,11
6.56675,2.00641,-0.843092,28,4
21.7398,6.63822,3.60018,23,12
7.42968,2.26865,-0.67964,23,5
27.1244,8.27723,5.51247,16,13
8.58914,2.61941,-0.470605,58,6
39.3546,11.9944,9.49833,14,14
10.1557,3.0933,-0.18531,100,7
27.027,8.22689,7.56994,5,15
12.6677,3.83668,0.231035,7,8
0.507327,0.153558,-0.122373,15,1
16.284,4.92573,0.891595,49,9
0.69717,0.210887,-0.14158,46,2
16.7505,5.06366,1.53098,26,10
5.85822,1.76981,-0.969268,42,3
17.3409,5.23552,2.22412,4,11
6.56422,1.98061,-0.841874,31,4
22.1221,6.67064,3.65963,18,12
7.44328,2.24442,-0.680163,23,5
27.2791,8.22046,5.53804,8,13
8.59249,2.58769,-0.470291,54,6
38.3923,11.5548,9.25629,14,14
10.1722,3.05956,-0.185414,100,7
27.0001,8.11583,7.55441,20,15
12.6561,3.78499,0.230581,37,8
0.534,0.159599,-0.128672,14,1
16.148,4.82312,0.883222,45,9
0.690377,0.206204,-0.140054,35,2
16.7872,5.01086,1.53272,13,10
5.88707,1.75613,-0.973022,48,3
17.3723,5.17892,2.22582,38,11
6.55397,1.95258,-0.83968,34,4
21.6833,6.45585,3.58329,31,12
7.46252,2.22184,-0.681209,23,5
38.6732,11.5069,7.84301,8,13
8.59956,2.5571,-0.470186,58,6
37.6814,11.1975,9.07543,13,14
10.1828,3.02403,-0.185414,100,7
26.0522,7.73186,7.28162,9,15
12.583,3.7153,0.22901,72,8
0.54203,0.159939,-0.130472,14,1
16.2835,4.80175,0.889711,41,9
0.679794,0.200461,-0.137764,36,2
18.3392,5.40448,1.67269,42,10
5.90643,1.73948,-0.975213,56,3
17.4208,5.12721,2.22972,28,11
6.57217,1.93305,-0.841142,34,4
16.9317,4.97686,2.79517,12,12
7.47023,2.19578,-0.681209,21,5
25.8458,7.59212,5.23618,14,13
8.6046,2.52595,-0.469977,58,6
37.9073,11.1208,9.12042,13,14
10.1876,2.98678,-0.18531,100,7
26.042,7.63002,7.27126,19,15
12.6323,3.68199,0.229674,53,8
0.531359,0.154777,-0.127772,14,1
15.2838,4.44903,0.834235,4,9
0.68426,0.199185,-0.138527,36,2
16.6974,4.85736,1.52139,39,10
5.8954,1.71389,-0.972397,36,3
18.0734,5.2508,2.31089,9,11
6.60557,1.91784,-0.844555,34,4
16.9471,4.91717,2.79486,12,12
7.46637,2.16636,-0.680163,25,5
26.006,7.5407,5.26328,7,13
8.60185,2.49256,-0.469349,65,6
10.1826,2.94676,-0.18503,100,7
26.2763,7.59917,7.32924,19,15
12.6951,3.65225,0.230581,55,8
0.520659,0.14969,-0.125073,15,1
0.692499,0.198963,-0.140054,35,2
16.8272,4.83149,1.53167,35,10
5.90324,1.69384,-0.97271,37,3
17.5726,5.03885,2.24459,19,11
6.6065,1.89314,-0.843823,33,4
19.9419,5.71071,3.28544,19,12
7.48347,2.14302,-0.681035,20,5
26.0926,7.46715,5.27549,7,13
8.64122,2.47131,-0.471024,54,6
26.7829,7.6546,6.4309,9,14
10.189,2.91009,-0.184961,100,7
26.3305,7.51535,7.337,19,15
12.8982,3.66198,0.234037,53,8
0.498681,0.141489,-0.119674,16,1
0.693189,0.196545,-0.140054,47,2
17.0395,4.82813,1.54945,52,10
5.89391,1.66892,-0.970207,32,3
17.8212,5.04289,2.27408,34,11
6.58982,1.86473,-0.840899,38,4
17.6132,4.98071,2.89904,5,12
7.46789,2.11038,-0.678943,21,5
25.9881,7.33921,5.24916,14,13
8.64211,2.43896,-0.470605,58,6
26.6431,7.51916,6.39131,26,14
10.1985,2.87629,-0.184961,100,7
26.4408,7.45212,7.36081,19,15
13.1124,3.67586,0.237702,66,8
0.536678,0.150348,-0.128672,14,1
0.678712,0.190011,-0.137001,49,2
17.0305,4.76462,1.54719,32,10
5.91083,1.65256,-0.972084,38,3
17.4592,4.87799,2.22582,33,11
6.59214,1.8418,-0.840411,33,4
17.5611,4.90314,2.88778,19,12
7.46142,2.08186,-0.677723,28,5
26.1976,7.30466,5.28655,7,13
8.6463,2.40921,-0.470396,58,6
26.5083,7.3863,6.35307,8,14
10.3525,2.88268,-0.187578,22,7
26.6608,7.41877,7.41517,19,15
0.533417,0.147529,-0.127772,14,1
16.3767,4.52628,0.890444,22,9
0.679339,0.187759,-0.137001,37,2
17.0174,4.70016,1.54457,65,10
5.92961,1.63663,-0.974274,35,3
17.3968,4.79843,2.21583,52,11
6.60618,1.82089,-0.841386,33,4
21.5489,5.93554,3.54011,10,12
7.46444,2.05605,-0.677374,27,5
37.2098,10.2423,7.50185,7,13
8.65039,2.37947,-0.470186,58,6
25.9026,7.12017,6.2019,33,14
10.563,2.90162,-0.191209,21,7
26.545,7.28679,7.37583,14,15
11.3855,3.10833,0.206008,37,8
0.545209,0.148743,-0.130472,14,1
16.6891,4.54998,0.906564,23,9
0.687567,0.187452,-0.138527,36,2
5.93528,1.61592,-0.974274,36,3
17.5054,4.76268,2.22753,42,11
6.61825,1.79938,-0.842117,32,4
22.8619,6.21144,3.75224,11,12
7.49464,2.03625,-0.679466,22,5
27.6299,7.50169,5.56514,8,13
8.67407,2.35344,-0.471024,58,6
25.9593,7.03839,6.20955,24,14
10.8279,2.93376,-0.195816,100,7
26.9618,7.30011,7.48453,10,15
11.6531,3.13771,0.210651,8,8
0.511852,0.137725,-0.122373,15,1
13.2216,3.55509,0.717526,22,9
0.684425,0.184032,-0.137764,49,2
17.8849,4.80563,1.62023,6,10
5.95424,1.59877,-0.976464,50,3
17.035,4.57088,2.16562,37,11
6.62065,1.77524,-0.84163,37,4
16.6155,4.45209,2.72446,15,12
7.52287,2.01575,-0.681384,20,5
27.6009,7.39048,5.55407,16,13
8.65908,2.31696,-0.469768,61,6
26.1531,6.99302,6.25004,33,14
11.0351,2.9486,-0.199376,22,7
27.0973,7.23536,7.51507,5,15
0.51233,0.135938,-0.122373,15,1
16.3383,4.33201,0.885838,26,9
0.696449,0.18466,-0.140054,47,2
16.8461,4.46352,1.5247,26,10
5.92732,1.56939,-0.971145,41,3
16.9146,4.47534,2.14831,27,11
6.61529,1.74907,-0.840167,30,4
16.7531,4.42637,2.74449,22,12
7.52986,1.98948,-0.681384,20,5
27.6588,7.3026,5.56056,8,13
8.6787,2.28977,-0.470396,65,6
26.6503,7.02641,6.36297,8,14
11.3489,2.99004,-0.204856,25,7
26.8646,7.07285,7.44364,5,15
12.3441,3.2315,0.222728,33,8
0.512801,0.134148,-0.122373,15,1
0.685724,0.179129,-0.137764,49,2
16.8963,4.41376,1.52784,65,10
5.94806,1.55268,-0.973648,46,3
16.6996,4.35614,2.11906,18,11
6.64057,1.73098,-0.842605,30,4
16.9061,4.40371,2.76701,34,12
7.53518,1.96136,-0.681209,22,5
27.8906,7.25456,5.60177,12,13
8.7025,2.26197,-0.471233,54,6
26.6407,6.92451,6.35487,35,14
11.3922,2.95895,-0.20545,39,7
27.1827,7.05523,7.52491,10,15
12.9619,3.34253,0.233653,53,8
0.551031,0.141994,-0.131371,14,1
16.5255,4.25533,0.894317,13,9
0.682574,0.175636,-0.137001,37,2
16.9008,4.34882,1.52679,52,10
5.94988,1.52989,-0.973022,46,3
16.7558,4.30528,2.12418,36,11
6.65071,1.70761,-0.843092,30,4
17.0178,4.36627,2.78266,13,12
7.5481,1.93522,-0.681732,21,5
26.8805,6.88673,5.39379,15,13
8.67977,2.22213,-0.469558,65,6
38.5103,9.85914,9.17755,13,14
11.2073,2.86712,-0.201924,100,7
27.2495,6.96608,7.53629,20,15
12.759,3.24036,0.229778,63,8
0.551548,0.139973,-0.131371,14,1
14.6553,3.71654,0.792366,21,9
0.690825,0.175062,-0.138527,48,2
16.6095,4.20903,1.49908,35,10
5.94204,1.50468,-0.970832,38,3
15.1761,3.84015,1.92212,24,11
6.66655,1.68566,-0.844311,33,4
15.04,3.80011,2.45696,13,12
7.55321,1.90705,-0.681558,18,5
42.043,10.6073,8.42842,9,13
8.74596,2.20495,-0.472698,58,6
26.9931,6.80525,6.42685,18,14
27.2187,6.85201,7.52076,10,15
12.7067,3.17757,0.228627,86,8
0.536932,0.134171,-0.127772,14,1
13.1012,3.27136,0.707687,48,9
0.695272,0.17348,-0.139291,36,2
16.3175,4.07144,1.47136,21,10
5.94369,1.48193,-0.970207,56,3
15.1785,3.78163,1.92066,8,11
6.67653,1.66217,-0.844798,33,4
17.1356,4.26286,2.79674,15,12
7.56789,1.88128,-0.682255,17,5
26.271,6.52576,5.26175,7,13
8.75786,2.17384,-0.472908,58,6
26.8704,6.66965,6.39176,35,14
11.4997,2.85229,-0.206811,27,7
27.1892,6.73874,7.50575,5,15
12.7962,3.15728,0.230058,46,8
0.548704,0.135282,-0.130472,14,1
13.2937,3.27509,0.717526,33,9
0.705315,0.173764,-0.141199,46,2
16.6339,4.09493,1.49873,71,10
5.95215,1.46419,-0.970832,36,3
16.6554,4.09404,2.1059,49,11
6.67594,1.63977,-0.844067,34,4
17.4175,4.27493,2.84054,30,12
7.58118,1.86071,-0.682952,22,5
26.969,6.61425,5.39761,7,13
8.76427,2.14785,-0.472908,58,6
26.8136,6.56621,6.37331,26,14
10.5569,2.58325,-0.189708,83,7
38.9951,9.53483,10.7565,11,15
12.8694,3.1277,0.231175,52,8
0.515086,0.125088,-0.122373,15,1
13.4895,3.27342,0.72747,6,9
0.690654,0.167597,-0.138146,36,2
5.9841,1.44992,-0.975213,47,3
15.1608,3.6706,1.9153,24,11
6.66233,1.61179,-0.84163,37,4
16.7718,4.05443,2.73291,9,12
7.58763,1.83424,-0.682952,26,5
27.6179,6.67128,5.52278,16,13
8.77948,2.11912,-0.473326,54,6
26.9576,6.5018,6.40211,17,14
10.527,2.53702,-0.18901,21,7
38.5811,9.29102,10.6333,10,15
12.9736,3.1051,0.23285,63,8
0.549635,0.131449,-0.130472,14,1
0.687445,0.164153,-0.137382,24,2
16.0614,3.83525,1.44469,28,10
5.98913,1.42902,-0.975213,52,3
15.2373,3.63284,1.92334,16,11
6.67371,1.5899,-0.842361,33,4
7.58461,1.80411,-0.682081,20,5
26.4006,6.27491,5.27472,14,13
8.79107,2.08785,-0.473536,65,6
27.6304,6.56212,6.55642,37,14
10.3645,2.45962,-0.185938,36,7
11.778,2.77336,0.211209,18,8
0.57667,0.135682,-0.13677,13,1
14.5197,3.41358,0.78169,44,9
0.691864,0.16253,-0.138146,36,2
16.0501,3.77043,1.44243,15,10
5.98471,1.4048,-0.973648,42,3
15.2273,3.57154,1.92042,16,11
6.68336,1.56634,-0.842848,31,4
16.5119,3.86675,2.68598,11,12
7.59699,1.77766,-0.682604,23,5
26.9798,6.30819,5.38578,11,13
8.79478,2.0547,-0.473326,65,6
39.3514,9.19355,9.32962,14,14
10.4747,2.44526,-0.187753,100,7
41.9879,9.79409,11.5526,13,15
11.7063,2.71122,0.209743,43,8
0.51641,0.119507,-0.122373,15,1
14.5496,3.36439,0.782632,12,9
0.696253,0.160999,-0.138909,36,2
16.1978,3.74252,1.45446,12,10
5.98212,1.38108,-0.972397,37,3
15.2074,3.50812,1.91627,16,11
6.70453,1.5454,-0.844798,34,4
14.7357,3.39388,2.39501,16,12
7.60703,1.75203,-0.682952,21,5
27.3747,6.29983,5.46019,11,13
8.78243,2.01951,-0.47228,65,6
39.8482,9.15574,9.4394,14,14
10.4232,2.39298,-0.186671,9,7
39.5456,9.07168,10.8714,11,15
11.7274,2.67301,0.209952,16,8
0.516824,0.117704,-0.122373,15,1
14.4171,3.28079,0.774886,16,9
0.692982,0.157696,-0.138146,36,2
14.3884,3.2716,1.29095,2,10
6.00231,1.36369,-0.9749,46,3
15.0957,3.42688,1.90067,49,11
6.69246,1.51803,-0.842605,31,4
14.2697,3.23414,2.31742,7,12
7.61893,1.72678,-0.683475,21,5
31.6454,7.16643,6.307,21,13
8.78553,1.98796,-0.47207,58,6
31.3493,7.08788,7.42024,10,14
10.9289,2.46895,-0.195572,100,7
11.7503,2.63513,0.210197,41,8
0.55146,0.123569,-0.130472,14,1
14.372,3.21778,0.771851,10,9
0.693528,0.155276,-0.138146,36,2
14.2364,3.18482,1.27631,46,10
6.01667,1.34489,-0.976464,45,3
14.9894,3.34777,1.88581,33,11
6.69578,1.49423,-0.842361,30,4
7.60352,1.69541,-0.681558,27,5
31.7143,7.06574,6.31578,21,13
8.79632,1.95816,-0.47228,58,6
44.4613,9.88941,10.5156,17,14
10.5685,2.34879,-0.188975,82,7
11.7458,2.59107,0.209952,28,8
0.555694,0.122482,-0.131371,14,1
13.2538,2.91888,0.711246,13,9
0.690231,0.15201,-0.137382,37,2
14.407,3.17022,1.2906,22,10
6.0194,1.32345,-0.976151,42,3
14.7954,3.25028,1.85997,24,11
6.68156,1.46659,-0.839924,37,4
14.2398,3.12301,2.30897,31,12
7.60744,1.66843,-0.681384,20,5
17.5992,3.85656,3.50211,13,13
8.77968,1.92231,-0.471024,65,6
44.0882,9.64502,10.4193,17,14
10.4907,2.29309,-0.187439,9,7
12.5814,2.72939,0.224717,55,8
0.544691,0.118065,-0.128672,14,1
13.3829,2.89838,0.717631,21,9
0.683083,0.147937,-0.135856,25,2
14.4881,3.13508,1.29688,11,10
6.02592,1.30285,-0.976464,45,3
14.7446,3.1852,1.85217,24,11
6.74097,1.45499,-0.846748,28,4
17.2688,3.72419,2.79799,11,12
7.64049,1.64775,-0.683824,20,5
31.6227,6.81397,6.28792,16,13
9.01674,1.94125,-0.483375,65,6
43.9806,9.46076,10.386,17,14
11.4742,2.46614,-0.204856,100,7
44.1146,9.47346,12.09,15,15
12.6828,2.70506,0.226358,48,8
0.5451,0.116163,-0.128672,14,1
12.8753,2.74144,0.689893,50,9
0.698956,0.148823,-0.138909,36,2
14.6899,3.12511,1.31396,51,10
6.03043,1.28181,-0.976464,45,3
14.4799,3.07516,1.81756,24,11
6.75378,1.4331,-0.847723,28,4
14.5917,3.09359,2.36247,12,12
7.65399,1.62272,-0.684521,21,5
31.5868,6.69096,6.27609,10,13
9.20518,1.94823,-0.493109,77,6
44.1487,9.3358,10.4179,17,14
11.5023,2.4302,-0.205205,100,7
12.4984,2.62015,0.222902,50,8
0.534058,0.111862,-0.125973,15,1
13.3774,2.79957,0.71627,31,9
0.684099,0.143165,-0.135856,37,2
14.7904,3.09257,1.32198,48,10
6.0426,1.26237,-0.977716,33,3
14.3681,2.99904,1.8022,24,11
6.73737,1.40505,-0.845042,25,4
7.66964,1.59669,-0.685393,25,5
43.3633,9.02748,8.60968,19,13
9.45048,1.9657,-0.505879,84,6
46.3943,9.6416,10.9398,19,14
11.6419,2.41728,-0.207544,30,7
44.104,9.14955,12.0693,15,15
12.3312,2.5402,0.219761,32,8
0.553532,0.113926,-0.130472,14,1
13.3852,2.75245,0.716165,25,9
0.684619,0.140657,-0.135856,37,2
6.04332,1.23942,-0.97709,38,3
14.4213,2.95764,1.80757,44,11
6.7539,1.38392,-0.846505,27,4
17.2894,3.53958,2.79517,15,12
7.69273,1.5735,-0.686962,28,5
39.5664,8.08586,7.84988,8,13
9.56134,1.95223,-0.511427,73,6
44.749,9.1287,10.5439,17,14
11.131,2.2707,-0.198294,100,7
43.9464,8.95699,12.0175,14,15
11.6034,2.34598,0.206636,11,8
0.553946,0.111896,-0.130472,14,1
13.3756,2.69943,0.715119,60,9
0.677408,0.136713,-0.13433,25,2
14.988,3.0221,1.33767,2,10
6.05341,1.21948,-0.978028,46,3
14.5682,2.93219,1.82463,44,11
6.75892,1.35915,-0.846505,27,4
7.6806,1.5431,-0.685393,25,5
9.7228,1.94987,-0.519696,66,6
44.6392,8.94412,10.5106,17,14
11.4648,2.29505,-0.204088,24,7
44.0054,8.80113,12.0247,14,15
11.4958,2.28249,0.204577,1,8
0.539041,0.106929,-0.126872,15,1
0.674029,0.133584,-0.133566,26,2
14.9007,2.95042,1.32895,40,10
6.03826,1.19451,-0.9749,48,3
14.6874,2.90287,1.83828,44,11
6.77921,1.33863,-0.848454,25,4
14.6088,2.88203,2.35841,47,12
7.70548,1.52014,-0.687136,26,5
49.8153,9.81853,9.8694,12,13
9.82949,1.9356,-0.525034,66,6
44.632,8.78071,10.5016,17,14
10.4602,2.05601,-0.186078,36,7
43.998,8.64003,12.0144,14,15
11.5155,2.24464,0.204787,3,8
0.53176,0.103556,-0.125073,15,1
16.6799,3.24527,0.890549,4,9
0.693763,0.13498,-0.137382,24,2
15.3529,2.9843,1.36835,15,10
6.03463,1.17192,-0.973648,53,3
14.4149,2.79676,1.80294,40,11
6.78579,1.31534,-0.848698,28,4
14.5296,2.81374,2.34401,20,12
7.70709,1.49113,-0.686787,26,5
52.2548,10.11,10.3457,14,13
9.87148,1.9081,-0.526918,84,6
11.6965,2.25663,-0.207928,32,7
44.1075,8.50177,12.0361,14,15
0.535947,0.102431,-0.125973,15,1
0.69811,0.133172,-0.138146,24,2
15.354,2.92614,1.36747,21,10
6.04859,1.15164,-0.975213,63,3
14.4578,2.75273,1.80708,16,11
6.79424,1.29239,-0.849186,30,4
7.73574,1.46868,-0.688879,28,5
47.3189,8.97524,9.36185,10,13
45.5017,8.61408,10.6915,18,14
11.8006,2.23401,-0.209638,27,7
12.4924,2.3424,0.221855,56,8
0.547811,0.102619,-0.128672,14,1
13.1592,2.46267,0.701616,21,9
0.69857,0.130734,-0.138146,36,2
17.6202,3.29435,1.56828,13,10
6.06034,1.13197,-0.976464,42,3
14.6258,2.72922,1.82682,40,11
6.80478,1.26857,-0.849917,31,4
7.73103,1.43984,-0.688007,28,5
45.4391,8.45446,8.98405,10,13
8.89522,1.65345,-0.474164,90,6
47.8421,8.8843,11.2341,19,14
11.4744,2.12873,-0.203704,27,7
45.6337,8.45771,12.4357,16,15
12.646,2.32554,0.224438,61,8
0.540499,0.0992976,-0.126872,15,1
13.1814,2.41925,0.702349,26,9
0.679712,0.12475,-0.13433,51,2
14.4863,2.65612,1.28851,22,10
6.07008,1.11188,-0.977403,37,3
14.6313,2.67743,1.82633,8,11
6.81112,1.24516,-0.850161,30,4
14.4674,2.64221,2.32931,39,12
7.73796,1.4132,-0.688182,27,5
27.3868,4.99678,5.41134,15,13
8.91469,1.6249,-0.474897,36,6
27.1708,4.94756,6.37601,35,14
11.8418,2.15416,-0.210092,25,7
12.6206,2.27535,0.223845,71,8
0.537007,0.0967198,-0.125973,15,1
13.2193,2.37853,0.703919,7,9
0.678211,0.12203,-0.133948,26,2
14.4641,2.59989,1.28572,24,10
6.08365,1.09243,-0.978967,45,3
14.4081,2.58464,1.79733,8,11
6.8252,1.22313,-0.851379,33,4
14.6768,2.62755,2.36154,25,12
7.74677,1.38689,-0.68853,27,5
27.3191,4.88595,5.39455,19,13
8.91834,1.59342,-0.474792,79,6
27.0958,4.83626,6.35442,8,14
11.4555,2.04261,-0.203111,33,7
46.6064,8.30187,12.6847,33,15
12.0101,2.12203,0.212884,45,8
0.521989,0.0921347,-0.122373,15,1
0.692167,0.122048,-0.136619,25,2
14.1885,2.49927,1.26045,30,10
6.08743,1.07119,-0.978967,50,3
14.288,2.51164,1.78124,23,11
6.82747,1.19896,-0.851136,30,4
12.7519,2.23703,2.05054,45,12
7.75549,1.36053,-0.688879,26,5
27.2838,4.7814,5.38425,27,13
27.0453,4.7299,6.33867,34,14
46.9377,8.19193,12.767,17,15
12.0273,2.0818,0.213059,55,8
0.54535,0.0942963,-0.127772,14,1
13.2316,2.28551,0.703709,21,9
0.686785,0.118629,-0.135474,25,2
14.5211,2.50562,1.28921,33,10
6.10865,1.05295,-0.981783,37,3
15.9126,2.74001,1.98257,21,11
6.7964,1.16906,-0.846748,24,4
12.7694,2.19418,2.05211,46,12
7.76435,1.33277,-0.689228,28,5
27.2964,4.68549,5.38349,19,13
10.6871,1.83255,-0.568264,74,6
47.8924,8.2036,11.2179,19,14
10.8743,1.86073,-0.19257,100,7
45.3207,7.74682,12.3198,15,15
12.4406,2.10864,0.220249,22,8
0.545676,0.0923922,-0.127772,14,1
12.7059,2.14904,0.675343,4,9
0.693023,0.117091,-0.136619,25,2
14.5833,2.46134,1.29391,43,10
6.11636,1.03121,-0.982409,48,3
15.0138,2.53131,1.86948,57,11
6.80631,1.14631,-0.84748,27,4
12.2003,2.05258,1.9595,7,12
7.76503,1.305,-0.688879,27,5
27.2921,4.58182,5.37929,19,13
10.6209,1.78114,-0.564391,77,6
45.1775,7.56825,10.5754,17,14
11.7445,1.96747,-0.207858,100,7
47.6035,7.96608,12.9327,17,15
13.3696,2.21572,0.23655,53,8
0.557546,0.0923011,-0.130472,14,1
0.683743,0.113071,-0.134711,25,2
14.576,2.40782,1.29252,52,10
6.11603,1.00921,-0.981783,41,3
14.8271,2.44398,1.8451,36,11
6.82614,1.12394,-0.849429,31,4
7.74813,1.27298,-0.686962,30,5
27.1316,4.45758,5.34456,11,13
8.91829,1.46362,-0.47364,39,6
45.1883,7.40797,10.5718,17,14
9.03033,1.47878,-0.159724,22,7
45.661,7.46909,12.3974,16,15
11.8692,1.92452,0.209883,20,8
0.530934,0.0859926,-0.124173,15,1
13.3696,2.16301,0.70978,19,9
0.693843,0.112129,-0.136619,25,2
14.5199,2.3439,1.28677,30,10
6.11188,0.985532,-0.980531,37,3
14.2829,2.30309,1.77637,19,11
6.84374,1.10231,-0.851136,32,4
12.2362,1.96868,1.96294,10,12
7.74859,1.24529,-0.686613,27,5
34.1126,5.47616,6.71571,24,13
9.04192,1.4499,-0.479921,87,6
43.9413,7.03827,10.274,17,14
8.93868,1.43175,-0.158014,25,7
47.3617,7.57762,12.8519,17,15
11.8537,1.8817,0.209499,22,8
0.546613,0.086673,-0.127772,14,1
13.3925,2.12116,0.710618,19,9
0.684515,0.108294,-0.134711,25,2
14.8833,2.35463,1.31832,25,10
6.11495,0.966327,-0.980531,36,3
14.2728,2.25292,1.77417,15,11
6.84539,1.07931,-0.850892,29,4
14.7949,2.33006,2.37217,13,12
7.79401,1.22608,-0.690273,27,5
34.2392,5.38008,6.73708,6,13
8.95394,1.40536,-0.475001,100,6
34.0332,5.34164,7.95337,46,14
9.00462,1.4117,-0.159096,100,7
11.8289,1.83333,0.20894,46,8
0.535373,0.0828801,-0.125073,15,1
9.47227,1.46469,0.502321,37,9
0.688788,0.106384,-0.135474,25,2
13.99,2.16077,1.23848,57,10
6.13797,0.946919,-0.98366,37,3
14.279,2.2003,1.77393,42,11
6.85715,1.05542,-0.851867,33,4
14.8327,2.28032,2.37687,16,12
7.86935,1.2084,-0.696549,27,5
34.3421,5.26736,6.75349,12,13
9.00247,1.37918,-0.477304,100,6
43.603,6.67999,10.184,16,14
9.01567,1.37959,-0.159201,33,7
43.6093,6.66538,11.8208,14,15
11.802,1.78488,0.208347,13,8
0.570357,0.0861564,-0.133171,14,1
9.45783,1.42699,0.501274,39,9
0.663919,0.100171,-0.130513,27,2
6.15312,0.926178,-0.985537,41,3
14.4695,2.1754,1.7966,16,11
6.88257,1.03352,-0.854548,40,4
8.05085,1.20752,-0.712237,22,5
13.8979,2.08202,2.73162,32,13
9.04278,1.35307,-0.479188,97,6
41.1255,6.14624,9.60001,15,14
8.96331,1.33798,-0.158189,27,7
43.5876,6.49866,11.8084,28,15
0.547519,0.080753,-0.127772,14,1
13.0629,1.9243,0.691986,21,9
0.67786,0.099856,-0.133185,26,2
14.4901,2.13195,1.28136,99,10
6.16023,0.90527,-0.986163,41,3
15.08,2.21337,1.87143,45,11
6.89399,1.01064,-0.855523,37,4
12.296,1.80037,1.96826,28,12
8.38621,1.2279,-0.741521,31,5
13.8449,2.02468,2.71979,38,13
9.27077,1.35411,-0.491016,80,6
40.1594,5.85862,9.36966,14,14
9.11831,1.32859,-0.160841,23,7
43.5756,6.34147,11.799,14,15
11.4579,1.65111,0.202064,28,8
0.563229,0.0810623,-0.131371,14,1
15.0026,2.15924,0.794355,12,9
0.687921,0.0988857,-0.135093,25,2
13.7717,1.97717,1.21722,36,10
6.1438,0.880958,-0.983034,42,3
15.1092,2.16381,1.87411,45,11
6.93071,0.992556,-0.859666,38,4
12.5346,1.79287,2.00549,16,12
8.45553,1.20792,-0.747273,34,5
13.8596,1.97745,2.72132,12,13
9.24776,1.3178,-0.489551,77,6
36.8718,5.25422,8.59853,12,14
9.21176,1.31103,-0.162412,30,7
39.9395,5.67711,10.8093,11,15
9.57024,1.34671,0.168695,22,8
0.540337,0.0759394,-0.125973,15,1
13.0754,1.83762,0.691986,11,9
0.690189,0.0968773,-0.135474,25,2
13.8314,1.93895,1.22192,23,10
6.1506,0.861126,-0.98366,41,3
14.902,2.08374,1.84754,44,11
6.9202,0.967648,-0.85796,34,4
12.3624,1.72643,1.97702,34,12
8.57197,1.19556,-0.757209,31,5
9.26791,1.28933,-0.490388,80,6
37.03,5.15151,8.63137,12,14
8.98828,1.24883,-0.158398,27,7
36.8448,5.11264,9.96712,18,15
9.38248,1.28858,0.165309,92,8
0.527071,0.0722936,-0.122823,15,1
13.9781,1.91476,0.739402,17,9
0.673017,0.0920724,-0.13204,26,2
13.897,1.90118,1.22715,2,10
6.16125,0.841793,-0.984912,41,3
15.0033,2.04719,1.85924,44,11
6.9255,0.943752,-0.858204,33,4
12.3547,1.6814,1.97483,20,12
8.63729,1.17395,-0.762613,33,5
37.3578,5.0709,7.32821,14,13
9.25256,1.25428,-0.489341,80,6
36.9377,5.00729,8.60573,12,14
8.86774,1.20054,-0.156199,26,7
12.7674,1.72622,3.45213,12,15
9.33759,1.24756,0.164437,62,8
0.554375,0.0739694,-0.129122,14,1
14.0009,1.86563,0.74024,9,9
0.677242,0.0901231,-0.132803,26,2
13.8683,1.84551,1.22402,10,10
6.16037,0.818686,-0.984286,57,3
14.5954,1.93708,1.80781,44,11
6.93088,0.918625,-0.858448,34,4
15.2551,2.01921,2.43725,4,12
8.65141,1.14359,-0.763484,37,5
37.3041,4.92445,7.31409,7,13
9.13433,1.20418,-0.482852,97,6
37.0524,4.88462,8.62822,12,14
8.89984,1.17169,-0.156688,22,7
12.8272,1.68647,3.46662,44,15
9.35995,1.21564,0.164751,42,8
0.527587,0.068428,-0.122823,15,1
14.7659,1.91514,0.780329,8,9
0.677553,0.0877584,-0.132803,26,2
6.18096,0.798381,-0.987102,38,3
14.6497,1.88967,1.81366,24,11
6.93617,0.893465,-0.858692,33,4
16.0281,2.06462,2.55958,21,12
8.59211,1.10525,-0.757906,41,5
9.09093,1.16619,-0.480339,100,6
13.3856,1.71474,3.11557,27,14
9.02288,1.15586,-0.158782,100,7
12.7411,1.62991,3.44178,43,15
9.38575,1.18736,0.165135,72,8
0.551012,0.0696091,-0.128222,14,1
14.7269,1.85783,0.777922,11,9
0.673959,0.0849018,-0.13204,26,2
14.5394,1.82903,1.28206,41,10
6.16006,0.774922,-0.983347,38,3
14.7839,1.85716,1.8295,48,11
6.94895,0.871695,-0.85991,32,4
8.66907,1.0844,-0.764356,34,5
9.13438,1.14099,-0.482433,97,6
13.4106,1.67276,3.12007,40,14
9.1737,1.14265,-0.161365,28,7
9.38389,1.15386,0.16503,51,8
0.539646,0.0662602,-0.125523,15,1
0.682046,0.0835032,-0.133566,26,2
14.933,1.82826,1.31623,40,10
6.15684,0.752694,-0.982409,36,3
14.7942,1.80603,1.82999,44,11
6.95195,0.847435,-0.85991,34,4
15.6519,1.90518,2.49732,4,12
8.51458,1.0349,-0.750411,35,5
37.6733,4.57232,7.37668,14,13
9.12661,1.10606,-0.481805,97,6
20.3093,2.46129,4.72307,24,14
9.11014,1.10245,-0.160178,26,7
12.8097,1.54787,3.4573,2,15
9.32054,1.11141,0.163843,61,8
0.543755,0.0647428,-0.126422,15,1
14.6506,1.74179,0.773212,22,9
0.6726,0.0798458,-0.131658,26,2
14.9198,1.77117,1.31448,83,10
6.17722,0.732217,-0.985224,38,3
14.8382,1.75622,1.83462,4,11
6.94121,0.82032,-0.858204,33,4
15.6804,1.85035,2.50076,15,12
8.99716,1.06011,-0.792594,27,5
38.5087,4.53056,7.53696,7,13
9.24962,1.08658,-0.488085,59,6
13.2906,1.56129,3.08948,57,14
9.05056,1.0616,-0.159061,25,7
59.4578,6.96364,16.0406,26,15
9.61855,1.1112,0.169009,60,8
0.551733,0.0636428,-0.128222,14,1
13.9505,1.60673,0.735948,27,9
0.670924,0.0772727,-0.131277,27,2
15.142,1.74128,1.33348,51,10
6.19163,0.710922,-0.987102,38,3
30.8192,3.5332,3.8089,24,11
6.95008,0.795549,-0.858935,30,4
33.3269,3.80891,5.31283,18,12
8.46436,0.967386,-0.745356,31,5
9.24541,1.05338,-0.487667,79,6
13.2265,1.50464,3.07328,59,14
9.10407,1.03406,-0.159934,23,7
9.62436,1.07785,0.169044,38,8
0.567445,0.0634487,-0.131821,14,1
13.9997,1.56289,0.738251,35,9
0.667288,0.0744944,-0.130513,27,2
14.946,1.6659,1.3157,23,10
6.19604,0.689525,-0.987414,37,3
12.5381,1.39308,1.54896,54,11
6.95874,0.771942,-0.859666,33,4
33.3322,3.69169,5.31158,22,12
8.53303,0.945073,-0.751108,35,5
33.3722,3.69021,6.52643,23,13
9.15374,1.01059,-0.482642,100,6
9.17918,1.01015,-0.16119,23,7
38.2849,4.20642,10.3202,19,15
9.33383,1.01233,0.163878,100,8
0.559913,0.0606283,-0.130022,14,1
14.1997,1.53506,0.748509,22,9
0.671447,0.0725868,-0.131277,27,2
14.924,1.61072,1.31326,51,10
6.19841,0.66789,-0.987414,35,3
12.5192,1.34676,1.54603,18,11
6.96336,0.747857,-0.85991,34,4
8.50854,0.912306,-0.748668,23,5
33.2892,3.56347,6.50773,34,13
9.09168,0.971621,-0.479188,100,6
11.9733,1.27747,2.77995,29,14
9.03352,0.962216,-0.158573,26,7
42.2432,4.49214,11.3829,12,15
9.31344,0.977241,0.163459,56,8
0.529111,0.0554252,-0.122823,15,1
9.81891,1.02681,0.517393,4,9
0.687318,0.0718763,-0.13433,25,2
15.0643,1.57269,1.32512,23,10
6.20267,0.646456,-0.987727,45,3
12.7647,1.32812,1.57577,43,11
6.97778,0.724774,-0.861373,34,4
13.6753,1.41803,2.17757,32,12
8.55329,0.886917,-0.752328,27,5
13.8025,1.42879,2.69728,0,13
9.06124,0.936387,-0.477409,100,6
11.9234,1.23007,2.76735,46,14
9.01693,0.928631,-0.158224,100,7
42.251,4.34385,11.3808,12,15
9.69082,0.982649,0.170021,91,8
0.529301,0.0535778,-0.122823,15,1
0.695377,0.0702663,-0.135856,25,2
15.1034,1.52349,1.32808,31,10
6.22258,0.62658,-0.990543,42,3
12.5204,1.25854,1.54506,61,11
6.95854,0.698234,-0.858692,33,4
13.69,1.37127,2.17913,30,12
8.6059,0.862017,-0.756686,37,5
9.31089,0.929351,-0.490388,63,6
11.8326,1.17897,2.7453,68,14
8.93057,0.888242,-0.156653,31,7
42.7119,4.24063,11.5009,13,15
9.74992,0.954271,0.170999,57,8
0.529485,0.05173,-0.122823,15,1
9.70259,0.94622,0.510904,120,9
0.668263,0.0651706,-0.130513,27,2
9.87145,0.960949,0.867723,66,10
6.24439,0.606767,-0.993672,41,3
12.9179,1.25296,1.59356,100,11
6.97279,0.675089,-0.860154,33,4
8.64455,0.835423,-0.759824,30,5
13.7223,1.32373,2.67972,22,13
9.39758,0.904886,-0.494784,77,6
11.8735,1.1412,2.75385,57,14
8.9376,0.857446,-0.156723,28,7
42.6495,4.08413,11.4802,13,15
9.64369,0.909903,0.169079,75,8
0.529662,0.0498812,-0.122823,15,1
12.0423,1.13197,0.633893,21,9
0.676305,0.0635723,-0.13204,26,2
13.612,1.27713,1.19613,28,10
6.24253,0.584597,-0.993046,36,3
13.0131,1.21635,1.60478,29,11
7.02056,0.654988,-0.86576,32,4
8.49069,0.790647,-0.746053,23,5
13.6115,1.26509,2.65721,23,13
8.86373,0.822267,-0.466523,39,6
11.8852,1.10046,2.75565,12,14
11.2444,1.03915,-0.197107,93,7
9.61694,0.873519,0.168555,30,8
0.560886,0.0508473,-0.130022,14,1
13.0308,1.17902,0.685706,20,9
0.684344,0.0619189,-0.133566,26,2
18.2894,1.6516,1.60663,16,10
6.2347,0.561917,-0.991482,38,3
9.88159,0.888864,1.21821,66,11
7.17307,0.643966,-0.884284,46,4
13.6052,1.21902,2.16349,27,12
8.4815,0.759935,-0.745007,28,5
13.4535,1.20306,2.62553,52,13
8.84864,0.789722,-0.465581,100,6
11.8307,1.05378,2.74215,23,14
9.08678,0.807778,-0.159236,75,7
14.082,1.24935,3.78808,4,15
11.2375,0.981183,0.196898,25,8
0.529998,0.0461825,-0.122823,15,1
0.688467,0.0598698,-0.13433,25,2
13.5293,1.17415,1.18811,30,10
6.24253,0.540663,-0.99242,41,3
7.49962,0.646903,-0.924257,41,4
13.7176,1.18085,2.1807,35,12
8.45432,0.727767,-0.742393,34,5
13.3129,1.14366,2.59729,25,13
8.98865,0.770598,-0.472803,100,6
11.8421,1.01315,2.74395,10,14
10.6556,0.90976,-0.186671,23,7
14.1209,1.20314,3.79739,13,15
11.3943,0.954806,0.199586,25,8
0.530156,0.0443321,-0.122823,15,1
13.0009,1.08487,0.683717,46,9
0.684759,0.0571401,-0.133566,26,2
13.5353,1.12707,1.18828,67,10
6.25225,0.519522,-0.993672,42,3
20.6436,1.71173,2.54341,28,11
7.6601,0.633814,-0.943756,38,4
8.51837,0.703332,-0.747796,37,5
12.0724,0.994658,2.35458,40,13
9.07688,0.746256,-0.477304,100,6
11.7582,0.964633,2.72371,27,14
9.22573,0.755257,-0.161574,93,7
14.1366,1.15479,3.8005,25,15
13.3988,1.07569,0.23463,20,8
0.569158,0.0455935,-0.131821,14,1
12.915,1.03232,0.679007,41,9
0.684954,0.0547494,-0.133566,26,2
13.6186,1.08615,1.19525,60,10
6.25993,0.498166,-0.99461,45,3
13.0585,1.03691,1.60843,14,11
7.77308,0.615849,-0.957406,38,4
20.5056,1.62104,3.2579,19,12
8.54858,0.675793,-0.750237,31,5
11.6217,0.916693,2.26605,41,13
9.19491,0.723654,-0.483375,97,6
11.7576,0.923281,2.72281,23,14
9.45757,0.741009,-0.165588,94,7
11.1774,0.858097,0.195676,51,8
0.549883,0.0421181,-0.127322,15,1
13.5598,1.03623,0.712711,42,9
0.677311,0.0517595,-0.13204,26,2
13.5706,1.03468,1.19072,60,10
6.27936,0.477659,-0.997426,48,3
13.1096,0.994918,1.61428,79,11
7.82071,0.592165,-0.963012,32,4
19.7764,1.49394,3.1412,13,12
8.48532,0.640994,-0.744484,34,5
11.6797,0.880248,2.27673,10,13
9.05199,0.680627,-0.475734,39,6
12.2252,0.917071,2.83033,27,14
9.34643,0.699482,-0.163599,93,7
20.4015,1.52327,5.48179,23,15
11.2084,0.819162,0.196165,32,8
0.530598,0.0386855,-0.122823,15,1
13.3464,0.970732,0.701302,55,9
0.689245,0.0501314,-0.13433,25,2
13.4968,0.979301,1.18392,55,10
6.26728,0.453644,-0.995236,45,3
13.1171,0.947151,1.61477,21,11
7.87827,0.567484,-0.969836,35,4
8.41816,0.603424,-0.738383,31,5
20.025,1.42839,4.63489,18,14
8.97195,0.638398,-0.157002,8,7
47.8167,3.39398,12.8447,17,15
11.1972,0.779063,0.195921,21,8
0.530729,0.036833,-0.122823,15,1
13.2481,0.917107,0.695964,43,9
0.677672,0.0467935,-0.13204,26,2
13.7349,0.945983,1.20449,63,10
6.27481,0.431077,-0.996175,42,3
10.4883,0.720545,1.29084,24,11
7.92575,0.543107,-0.975442,49,4
13.7698,0.941148,2.18602,39,12
8.34269,0.568748,-0.731585,26,5
11.7622,0.799803,2.29162,31,13
8.58049,0.58195,-0.450717,47,6
12.9996,0.879384,3.00805,2,14
9.86994,0.667673,-0.172674,28,7
20.2134,1.36383,5.42847,22,15
9.88904,0.651631,0.172988,47,8
0.530861,0.0348876,-0.122823,15,1
13.3289,0.875962,0.700046,44,9
0.68175,0.0446844,-0.132803,26,2
13.6606,0.892968,1.19769,60,10
6.29402,0.410326,-0.998991,45,3
10.4988,0.682611,1.29182,18,11
7.98316,0.517649,-0.982267,45,4
13.6883,0.887583,2.17256,70,12
8.58521,0.555182,-0.752677,11,5
11.8746,0.765819,2.31299,54,13
9.04886,0.581994,-0.475211,87,6
13.0298,0.835751,3.01434,12,14
9.76444,0.626307,-0.170789,100,7
13.0655,0.83575,3.50803,11,15
9.89913,0.619335,0.173128,75,8
0.530974,0.0331271,-0.122823,15,1
13.3439,0.83017,0.700674,62,9
0.670145,0.0415751,-0.130513,27,2
13.5144,0.836048,1.18462,72,10
6.29929,0.389695,-0.999616,45,3
10.5466,0.6506,1.29742,21,11
8.05814,0.495684,-0.991285,41,4
13.6302,0.836044,2.16286,65,12
8.38822,0.513045,-0.735246,26,5
11.8967,0.727632,2.3168,30,13
8.45467,0.515632,-0.443914,39,6
19.0644,1.15935,4.40949,16,14
9.69471,0.587859,-0.169533,25,7
13.0876,0.791306,3.51321,12,15
12.5263,0.73981,0.219028,33,8
0.554431,0.032648,-0.128222,14,1
13.1513,0.772118,0.690416,38,9
0.674199,0.0395825,-0.131277,27,2
13.1174,0.767829,1.14958,77,10
6.30258,0.36782,-0.999929,37,3
8.87225,0.516233,1.09122,35,11
8.04397,0.466631,-0.989335,49,4
13.8795,0.80272,2.20197,42,12
8.34223,0.481011,-0.731062,15,5
12.2853,0.708366,2.39198,36,13
8.66778,0.498265,-0.455009,43,6
13.8037,0.791082,3.19206,40,14
9.5889,0.547857,-0.167648,69,7
11.1271,0.618211,0.194525,10,8
0.570107,0.0315747,-0.131821,14,1
13.1998,0.728735,0.692823,41,9
0.68218,0.0375425,-0.132803,26,2
12.9768,0.711892,1.13703,68,10
6.29994,0.3445,-0.999304,46,3
8.87796,0.485474,1.09171,20,11
8.1288,0.443085,-0.999572,56,4
12.7855,0.694683,2.02802,9,12
8.47516,0.458997,-0.742567,35,5
12.3113,0.664601,2.39656,33,13
8.81114,0.474113,-0.462441,79,6
19.2921,1.03469,4.46033,13,14
9.45098,0.506883,-0.165204,69,7
13.0966,0.700118,3.51425,5,15
10.9875,0.570065,0.192046,26,8
0.531296,0.0274724,-0.122823,15,1
13.338,0.687343,0.699941,23,9
0.686228,0.0353633,-0.133566,26,2
13.0768,0.671594,1.14558,80,10
6.29716,0.32231,-0.998678,46,3
13.3919,0.683092,1.64645,26,11
8.19381,0.416515,-1.00737,56,4
12.7288,0.644815,2.01863,9,12
8.58018,0.434654,-0.751631,20,5
12.3116,0.621526,2.39618,10,13
8.4497,0.425088,-0.44339,29,6
19.5505,0.980128,4.51927,13,14
11.3501,0.56703,-0.198364,46,7
11.0035,0.532386,0.192291,52,8
0.531389,0.0256175,-0.122823,15,1
11.1678,0.536425,0.585953,17,9
0.69027,0.0331559,-0.13433,25,2
13.2283,0.633089,1.15865,27,10
6.30219,0.300513,-0.999304,46,3
13.5508,0.64378,1.66571,78,11
8.21702,0.388945,-1.01005,64,4
13.834,0.652399,2.19352,18,12
8.45428,0.398696,-0.740475,42,5
8.45313,0.395685,-0.443495,39,6
19.4877,0.908795,4.50397,27,14
10.4871,0.48722,-0.18325,81,7
13.0975,0.606204,3.51321,14,15
11.0891,0.497737,0.193757,55,8
0.562624,0.025155,-0.130022,14,1
11.1596,0.497002,0.58543,30,9
0.666845,0.0296985,-0.12975,27,2
13.308,0.59035,1.16545,70,10
6.29136,0.277987,-0.997426,42,3
8.83305,0.388753,1.08561,55,11
8.25998,0.362083,-1.01517,53,4
12.6817,0.553695,2.0105,20,12
8.23871,0.358274,-0.721475,20,5
8.89145,0.3851,-0.466418,100,6
19.8606,0.856717,4.58945,21,14
11.2499,0.483319,-0.196549,75,7
13.5859,0.581295,3.64365,36,15
11.0608,0.457782,0.193233,60,8
0.531555,0.0219071,-0.122823,15,1
11.1772,0.458697,0.586267,25,9
0.670873,0.027414,-0.130513,27,2
8.24167,0.335344,0.72165,37,10
6.29431,0.255008,-0.997739,38,3
13.5669,0.54965,1.66717,18,11
8.27309,0.333726,-1.01663,59,4
8.63729,0.346911,1.36911,35,12
8.00102,0.319958,-0.700558,47,5
8.35197,0.331072,-0.438052,72,6
10.4962,0.414236,-0.183355,99,7
12.8639,0.505423,3.44954,52,15
11.0824,0.417995,0.193582,82,8
0.531632,0.0199586,-0.122823,15,1
8.49635,0.318971,0.445588,33,9
0.678812,0.0253658,-0.13204,26,2
8.24877,0.306793,0.722172,22,10
6.29319,0.23296,-0.997426,48,3
8.90504,0.328093,1.09414,55,11
8.00844,0.293656,-0.983973,35,4
12.7662,0.468115,2.02332,8,12
7.96625,0.290717,-0.69742,22,5
13.306,0.483265,2.58813,21,13
8.20138,0.296431,-0.430097,100,6
12.8397,0.461837,2.9662,51,14
10.6455,0.382911,-0.185938,25,7
12.605,0.451196,3.37966,31,15
11.0598,0.38042,0.193163,61,8
0.547276,0.0187288,-0.126422,15,1
11.1003,0.377935,0.582081,10,9
0.69067,0.0233947,-0.13433,25,2
6.30972,0.212624,-0.999929,42,3
8.82275,0.295766,1.08391,80,11
8.31688,0.277354,-1.02175,78,4
8.64739,0.286861,1.37037,17,12
8.49093,0.280191,-0.743264,16,5
8.41192,0.276115,-0.441087,87,6
10.4649,0.339845,-0.182762,100,7
12.6219,0.407689,3.3838,28,15
11.145,0.344408,0.194629,82,8
0.531755,0.0163397,-0.122823,15,1
0.698596,0.0212223,-0.135856,25,2
7.92207,0.24066,0.693411,65,10
6.4052,0.193461,-1.01495,42,3
8.36141,0.251081,1.02711,33,11
7.92493,0.236594,-0.973492,27,4
13.4052,0.39318,2.60683,20,13
8.34899,0.243421,-0.437738,32,6
12.8562,0.374832,2.96935,23,14
10.7019,0.310146,-0.18688,100,7
12.9052,0.371746,3.45938,24,15
11.1841,0.304589,0.195292,86,8
0.570772,0.0154447,-0.131821,14,1
8.46133,0.22748,0.4436,30,9
0.690819,0.0184518,-0.13433,25,2
7.94481,0.212206,0.695328,54,10
6.4888,0.172183,-1.02809,41,3
8.3722,0.220697,1.02833,68,11
8.29286,0.217157,-1.01858,74,4
13.1851,0.342964,2.08903,52,12
7.82947,0.202288,-0.685218,40,5
13.3968,0.34379,2.60492,49,13
8.50556,0.216786,-0.445902,18,6
12.916,0.329196,2.98285,23,14
10.7009,0.270872,-0.186845,25,7
13.0996,0.329301,3.51114,28,15
11.1632,0.263079,0.194908,36,8
0.563032,0.0131702,-0.130022,14,1
8.46007,0.197894,0.443495,69,9
0.69873,0.0162227,-0.135856,25,2
8.29212,0.191073,0.725659,86,10
6.66713,0.152462,-1.05625,48,3
8.53965,0.193795,1.04881,57,11
7.78951,0.175411,-0.956674,38,4
12.6254,0.28431,2.00017,60,12
8.59103,0.191957,-0.751805,31,5
10.3333,0.227282,-0.541677,45,6
12.921,0.281936,2.98375,23,14
10.7398,0.234343,-0.187509,91,7
18.7404,0.405652,5.02264,17,15
11.096,0.224679,0.193722,77,8
0.594246,0.0119289,-0.13722,13,1
8.48467,0.16884,0.444751,60,9
0.71056,0.0140157,-0.138146,24,2
8.21106,0.160528,0.718512,41,10
6.8888,0.134678,-1.09129,36,3
8.77246,0.169972,1.07733,77,11
8.04807,0.154532,-0.98836,61,4
11.3109,0.215207,1.7918,20,12
8.6295,0.162683,-0.755117,12,5
13.601,0.256404,2.64423,9,13
8.31314,0.155267,-0.435749,32,6
13.8688,0.25661,3.2024,31,14
10.6866,0.195865,-0.186566,20,7
18.7397,0.340193,5.02213,19,15
8.67546,0.145374,0.151452,13,8
0.531933,0.00882073,-0.122823,15,1
8.43728,0.138438,0.442239,85,9
0.698825,0.0114662,-0.135856,25,2
8.0721,0.131037,0.70631,54,10
6.98206,0.112123,-1.10599,22,3
8.63803,0.137208,1.06075,38,11
8.58645,0.134885,-1.05441,50,4
11.2958,0.17548,1.7893,33,12
14.3203,0.219958,2.7839,13,13
8.2657,0.125518,-0.433237,29,6
13.7624,0.206592,3.17766,56,14
10.7412,0.159359,-0.187509,21,7
18.793,0.275537,5.0361,8,15
8.70791,0.115513,0.15201,40,8
0.531961,0.00696374,-0.122823,15,1
8.42374,0.108806,0.441506,25,9
0.710639,0.00917906,-0.138146,24,2
8.16016,0.103974,0.71398,60,10
7.18585,0.090305,-1.13822,43,3
8.60471,0.106638,1.05661,68,11
8.26531,0.100985,-1.01493,34,4
11.2786,0.135833,1.78648,21,12
8.65232,0.104203,-0.757035,35,5
18.6398,0.221242,3.62346,16,13
8.71544,0.101921,-0.456788,36,6
13.7182,0.158031,3.16731,18,14
10.7977,0.122502,-0.188486,21,7
18.8923,0.21104,5.0625,1,15
11.1578,0.10906,0.194769,31,8
0.531982,0.00510692,-0.122823,15,1
8.48797,0.0800014,0.444856,50,9
0.70674,0.00666122,-0.137382,24,2
8.20431,0.0758919,0.717815,75,10
7.22761,0.0655991,-1.14479,45,3
8.61694,0.0767051,1.05807,47,11
7.77531,0.0678524,-0.954725,23,4
8.6128,0.0721584,-0.753549,31,5
18.0535,0.151253,3.50936,11,13
18.4949,0.148495,4.27002,28,14
11.01,0.0864774,-0.192186,100,7
19.7932,0.152,5.30372,22,15
8.7085,0.0547213,0.15201,72,8
0.563175,0.00344025,-0.130022,14,1
8.67394,0.0514723,0.45459,21,9
0.710686,0.00409361,-0.138146,24,2
8.2643,0.0461568,0.723044,60,10
7.2515,0.0392346,-1.14854,52,3
8.69061,0.047021,1.06709,57,11
11.2536,0.0569599,1.78241,63,12
8.89193,0.0434546,-0.777952,25,5
10.4076,0.0472289,-0.545445,100,6
18.5323,0.0808638,4.27857,3,14
10.9362,0.047719,-0.190894,25,7
19.7974,0.0829382,5.30476,20,15
12.3441,0.0323127,0.215467,31,8
0.532004,0.00130002,-0.122823,15,1
8.44439,0.0191611,0.442553,104,9
0.70677,0.00160373,-0.137382,24,2
8.29031,0.0173607,0.72531,78,10
7.27728,0.0139727,-1.15261,46,3
8.67683,0.0151456,1.06538,42,11
8.78402,0.0137956,-1.07854,39,4
11.2438,0.0157018,1.78085,87,12
8.6908,0.0106198,-0.760347,16,5
10.4457,0.0109362,-0.547434,42,6
18.4779,0.0161297,4.26597,6,14
10.8783,0.00759734,-0.189882,46,7
19.8478,0.0103882,5.31821,11,15
11.9742,-0.0104494,0.20901,28,8
0.563186,-0.000589767,-0.130022,14,1
8.51031,-0.0103973,0.446007,58,9
0.728367,-0.00101699,-0.14158,23,2
8.21461,-0.0129035,0.718686,76,10
7.33061,-0.0127943,-1.16106,50,3
8.63315,-0.0150677,1.06002,52,11
8.79593,-0.016887,-1.08001,56,4
11.4394,-0.0239586,1.81182,20,12
8.64894,-0.0196239,-0.756686,15,5
13.0281,-0.0318338,2.53242,30,13
9.40306,-0.0246172,-0.492795,14,6
20.2746,-0.0566175,4.68078,31,14
9.57051,-0.026726,-0.167054,100,7
19.3126,-0.0573019,5.17483,7,15
8.67059,-0.0393462,0.151347,20,8
0.551487,-0.00259884,-0.127322,15,1
8.47227,-0.0414037,0.444018,106,9
0.722469,-0.00353068,-0.140435,23,2
8.35598,-0.0422937,0.731062,91,10
7.37003,-0.0385897,-1.16731,50,3
8.72832,-0.0472252,1.07172,23,11
8.6767,-0.0484604,-1.06538,38,4
11.4471,-0.0659314,1.81308,33,12
9.4079,-0.0558282,-0.823099,11,5
13.1732,-0.0781723,2.56066,11,13
9.07538,-0.055439,-0.475629,10,6
20.1963,-0.126899,4.66279,22,14
9.49236,-0.0612998,-0.165693,34,7
19.3123,-0.128086,5.17483,10,15
12.4457,-0.0999226,0.217248,23,8
0.567064,-0.00465176,-0.130922,14,1
9.16111,-0.0767497,0.48013,70,9
0.710672,-0.0060779,-0.138146,24,2
8.72235,-0.0761188,0.763136,43,10
7.40737,-0.0659361,-1.17326,46,3
11.2213,-0.0998853,1.37785,94,11
8.90476,-0.0808192,-1.09341,67,4
8.5898,-0.083958,-0.450194,29,6
20.4315,-0.203267,4.71722,24,14
9.4241,-0.0937576,-0.164506,69,7
33.4502,-0.338625,8.96342,7,15
8.6781,-0.099969,0.151487,18,8
0.551456,-0.00644886,-0.127322,15,1
9.09887,-0.107993,0.476885,37,9
0.702796,-0.00834134,-0.136619,25,2
8.69814,-0.104755,0.761044,86,10
7.43871,-0.0908856,-1.17826,57,3
11.2487,-0.139399,1.38127,35,11
9.0652,-0.113923,-1.11315,45,4
12.9446,-0.167195,2.51639,25,13
8.99888,-0.117802,-0.471652,47,6
20.3996,-0.270606,4.71003,42,14
9.95758,-0.133828,-0.173826,22,7
18.5305,-0.252282,4.9657,6,15
8.66171,-0.13002,0.151208,20,8
0.586503,-0.00890636,-0.135421,13,1
8.62514,-0.132483,0.452078,16,9
0.712577,-0.0109453,-0.138527,24,2
8.881,-0.137964,0.777081,43,10
7.45218,-0.117068,-1.18045,50,3
11.3374,-0.180082,1.39224,35,11
8.93573,-0.143494,-1.09731,41,4
13.2491,-0.215072,2.09873,15,12
9.18371,-0.149079,-0.803576,21,5
12.8497,-0.210833,2.49807,19,13
20.4121,-0.342041,4.71317,44,14
9.99305,-0.169195,-0.174454,24,7
18.7304,-0.320401,5.01954,19,15
8.68719,-0.160736,0.151661,55,8
0.531913,-0.00993465,-0.122823,15,1
8.76242,-0.165187,0.4593,52,9
0.720386,-0.0135806,-0.140054,35,2
8.83465,-0.168091,0.773071,61,10
7.51295,-0.144256,-1.19015,66,3
10.7175,-0.207658,1.31619,59,11
7.35336,-0.14376,-0.903052,7,4
9.08497,-0.179199,1.4392,21,12
9.17715,-0.181017,-0.803053,24,5
8.92711,-0.177644,1.7356,10,13
8.50262,-0.170681,-0.445693,3,6
8.93899,-0.181002,2.06415,37,14
9.73249,-0.198768,-0.169917,100,7
18.6828,-0.384825,5.00711,17,15
0.531875,-0.0117913,-0.122823,15,1
8.67193,-0.193765,0.45459,105,9
0.710521,-0.0158758,-0.138146,24,2
8.89576,-0.20032,0.778475,39,10
7.45118,-0.169091,-1.18045,55,3
10.675,-0.244114,1.31107,15,11
7.39052,-0.170296,-0.907683,17,4
9.06454,-0.210452,1.43607,76,12
6.73645,-0.1564,-0.589521,15,5
8.97747,-0.209998,1.74552,4,13
8.59781,-0.202619,-0.450717,7,6
10.7462,-0.255125,2.48166,45,14
9.42387,-0.225377,-0.164541,21,7
18.6833,-0.450085,5.00763,16,15
0.531831,-0.0136478,-0.122823,15,1
8.60931,-0.222435,0.451345,108,9
0.710461,-0.0183559,-0.138146,24,2
8.89102,-0.231267,0.778126,24,10
7.40118,-0.193807,-1.17263,57,3
13.6229,-0.359108,1.67327,30,11
13.335,-0.356175,2.1128,21,12
8.79322,-0.236402,-0.769585,59,5
9.56537,-0.258831,-0.501483,56,6
10.7628,-0.293113,2.48571,24,14
9.42902,-0.258436,-0.164646,100,7
18.6855,-0.515406,5.00867,6,15
0.551259,-0.0160721,-0.127322,15,1
7.13514,-0.209273,0.374097,17,9
0.706464,-0.020844,-0.137382,24,2
8.85626,-0.262848,0.775163,24,10
7.62748,-0.227711,-1.20861,50,3
10.6096,-0.316738,1.30327,27,11
9.02336,-0.272536,1.42981,27,12
8.51354,-0.258625,-0.745182,9,5
8.98751,-0.274593,1.74781,26,13
9.50247,-0.291987,-0.498238,84,6
10.7889,-0.333401,2.49201,30,14
9.6839,-0.299253,-0.169114,77,7
18.6623,-0.579967,5.00297,6,15
0.560935,-0.0184121,-0.129572,14,1
0.720122,-0.0237631,-0.140054,23,2
10.8745,-0.360743,0.951915,44,10
7.68587,-0.256309,-1.218,88,3
8.4577,-0.283526,1.03906,19,11
7.69977,-0.259464,-0.94595,1,4
12.7971,-0.433466,2.02802,13,12
8.91979,-0.303693,1.73484,36,13
9.56327,-0.327272,-0.501483,94,6
10.7877,-0.371059,2.49201,46,14
9.41694,-0.325556,-0.164471,22,7
18.4574,-0.64132,4.94862,17,15
9.00875,-0.325612,0.157351,51,8
0.529708,-0.0192384,-0.122373,15,1
7.43285,-0.271251,0.389798,38,9
0.727883,-0.026563,-0.14158,23,2
7.34539,-0.270627,-1.16419,43,3
8.13529,-0.301151,0.999572,90,11
8.53542,-0.318947,-0.747273,11,5
8.97949,-0.33711,1.74667,104,13
9.48623,-0.357792,-0.497506,35,6
13.9157,-0.527291,3.215,27,14
9.53364,-0.362913,-0.166531,25,7
23.3525,-0.893032,6.26187,13,15
8.93162,-0.354047,0.156025,75,8
0.529638,-0.0210873,-0.122373,15,1
7.38795,-0.295439,0.387495,32,9
0.733671,-0.029339,-0.142725,22,2
9.32085,-0.374364,0.816126,16,10
7.44507,-0.300326,-1.18014,81,3
8.13022,-0.329386,0.999085,67,11
8.90349,-0.363827,1.41135,79,12
10.3875,-0.426287,-0.909557,16,5
8.86645,-0.363863,1.72491,43,13
9.45698,-0.389751,-0.49604,70,6
13.8379,-0.57272,3.19745,9,14
9.50634,-0.39511,-0.166077,100,7
23.3628,-0.975106,6.26549,13,15
8.8664,-0.382464,0.154908,71,8
0.556818,-0.0241165,-0.128672,14,1
7.38288,-0.321053,0.387286,38,9
0.713944,-0.0311715,-0.138909,24,2
8.28039,-0.362978,0.725136,3,10
7.41629,-0.326396,-1.17576,53,3
8.02987,-0.3534,0.986898,36,11
8.66141,-0.384224,1.37318,66,12
6.67984,-0.297489,-0.584989,18,5
8.96312,-0.400743,1.74399,39,13
11.9296,-0.535461,-0.625833,20,6
13.8532,-0.624224,3.2015,15,14
12.01,-0.541169,-0.209848,100,7
23.3824,-1.0577,6.2717,13,15
11.0662,-0.517997,0.193373,15,8
0.513901,-0.024145,-0.118774,16,1
7.36576,-0.346072,0.386449,37,9
0.721676,-0.0340334,-0.140435,23,2
7.36577,-0.349938,-1.16794,50,3
8.20896,-0.391432,1.00908,18,11
8.11569,-0.388405,-0.997623,38,4
8.78827,-0.420594,1.39352,90,12
6.6907,-0.321377,-0.586035,15,5
9.03618,-0.43562,1.7585,64,13
9.07193,-0.440517,-0.158538,30,7
9.00332,-0.451362,0.157351,60,8
0.529388,-0.0266324,-0.122373,15,1
7.3665,-0.371882,0.386553,15,9
0.713709,-0.036155,-0.138909,24,2
8.29357,-0.421585,0.72653,24,10
7.24818,-0.368445,-1.14948,36,3
7.94988,-0.405506,0.977392,54,11
7.88836,-0.403748,-0.969836,20,4
9.09253,-0.466972,1.44201,34,12
6.69352,-0.344935,-0.586384,13,5
9.03861,-0.465784,1.75926,32,13
10.6392,-0.550127,-0.55832,81,6
11.0423,-0.572905,2.55274,18,14
9.20613,-0.479251,-0.160911,27,7
9.79273,-0.511501,2.62753,0,15
0.529292,-0.0284801,-0.122373,15,1
7.20561,-0.38898,0.37818,63,9
0.73711,-0.0397914,-0.143488,22,2
8.25433,-0.447038,0.723218,24,10
6.8701,-0.373274,-1.08972,23,3
7.58965,-0.413698,0.933276,67,11
9.11057,-0.49979,1.44514,57,12
6.67045,-0.365929,-0.584466,10,5
9.08202,-0.499814,1.76804,68,13
9.44065,-0.521203,-0.495517,10,6
9.87667,-0.547004,2.2837,13,14
9.2024,-0.511272,-0.160876,22,7
9.76967,-0.544499,2.62184,25,15
7.42276,-0.424094,0.129776,48,8
0.552536,-0.0316655,-0.127772,14,1
7.3378,-0.42181,0.385193,60,9
0.709527,-0.0407868,-0.138146,24,2
8.30642,-0.478945,0.727925,15,10
7.31445,-0.423029,-1.16043,62,3
7.53664,-0.437199,0.926938,20,11
6.78746,-0.394928,-0.834805,19,4
9.13835,-0.533315,1.44983,12,12
8.98036,-0.524095,-0.787016,16,5
9.5265,-0.559304,-0.500122,73,6
9.92722,-0.58457,2.29585,29,14
9.17461,-0.541859,-0.160423,100,7
9.79471,-0.580197,2.62908,40,15
7.43321,-0.450728,0.129986,42,8
0.52908,-0.0321745,-0.122373,15,1
0.723097,-0.0440999,-0.140817,23,2
7.374,-0.451013,0.646347,15,10
7.0921,-0.435014,-1.12539,16,3
7.47562,-0.459848,0.919626,65,11
8.53952,-0.526787,-1.05051,46,4
8.99842,-0.556673,1.42793,7,12
9.06995,-0.561098,-0.795035,16,5
9.69991,-0.603468,-0.509334,24,6
9.95819,-0.621282,2.3035,56,14
9.2525,-0.578875,-0.161819,100,7
9.78298,-0.613779,2.6265,16,15
10.7583,-0.690048,0.188172,43,8
0.56008,-0.0360224,-0.129572,14,1
0.717062,-0.0462446,-0.139672,23,2
7.66863,-0.495908,0.672319,7,10
6.55239,-0.424873,-1.03998,38,3
7.41653,-0.482205,0.912558,51,11
7.773,-0.506745,-0.956431,15,4
7.60477,-0.49711,1.20705,8,12
6.6921,-0.43745,-0.586732,12,5
10.6083,-0.695302,2.06646,30,13
9.43069,-0.619773,-0.495308,14,6
9.94818,-0.655526,2.3017,76,14
9.22249,-0.609323,-0.16133,34,7
9.80584,-0.649584,2.63323,7,15
0.517177,-0.0350762,-0.119674,16,1
8.98689,-0.611089,0.47207,33,9
0.728639,-0.0496737,-0.141962,23,2
6.75189,-0.461481,-1.07189,53,3
7.43856,-0.509719,0.915483,20,11
6.68789,-0.459453,-0.823106,4,4
9.28633,-0.641221,-0.814383,6,5
10.731,-0.742856,2.09088,13,13
6.71262,-0.46586,-0.35264,20,6
9.89723,-0.686874,2.29045,48,14
12.2764,-0.854147,-0.214804,23,7
9.78809,-0.682733,2.62908,1,15
9.74376,-0.695023,0.17051,18,8
0.528707,-0.0378055,-0.122373,15,1
7.19365,-0.515647,0.37797,6,9
0.716703,-0.0514997,-0.139672,23,2
7.38468,-0.530636,0.647741,63,10
6.78365,-0.488638,-1.07721,40,3
7.53762,-0.544271,0.927913,65,11
6.7515,-0.488692,-0.831149,49,4
8.91514,-0.646866,1.41573,111,12
6.74833,-0.49083,-0.591962,3,5
10.6088,-0.773474,2.06761,51,13
6.68099,-0.488276,-0.35107,47,6
9.86549,-0.721014,2.2837,79,14
10.7508,-0.789488,2.88842,0,15
0.528565,-0.039743,-0.122373,15,1
0.728265,-0.0548864,-0.141962,23,2
7.70454,-0.582012,0.67598,37,10
6.85666,-0.519165,-1.0891,23,3
7.68997,-0.583611,0.946925,11,11
6.93177,-0.527286,-0.853573,7,4
7.58122,-0.578019,1.20423,54,12
10.2033,-0.777936,-0.895264,1,5
6.67327,-0.511137,-0.350756,84,6
9.94439,-0.763433,2.3026,17,14
9.21336,-0.708929,-0.161295,42,7
10.7209,-0.826807,2.88117,24,15
9.84419,-0.773026,0.17236,20,8
0.520652,-0.0409762,-0.120574,15,1
6.96279,-0.549206,0.366038,66,9
0.708498,-0.0558844,-0.138146,36,2
7.72232,-0.610472,0.677723,20,10
6.73468,-0.533579,-1.07001,26,3
7.50979,-0.596309,0.924988,11,11
6.15814,-0.490064,-0.758515,8,4
7.51812,-0.599611,1.19453,16,12
9.40609,-0.750187,-0.825539,14,5
13.5875,-1.08607,2.64957,15,13
6.67144,-0.534428,-0.350756,94,6
10.1689,-0.816387,2.35524,45,14
9.6932,-0.779896,-0.169742,100,7
8.62172,-0.707319,0.150998,11,8
0.590425,-0.0485418,-0.13677,13,1
7.07837,-0.581948,0.372213,129,9
0.720038,-0.0593244,-0.140435,35,2
7.68043,-0.634145,0.674237,20,10
6.89815,-0.570767,-1.09629,67,3
7.64614,-0.634002,0.94205,63,11
6.1643,-0.512214,-0.75949,42,4
7.55546,-0.62781,1.20079,27,12
9.39944,-0.782685,-0.825191,17,5
13.5798,-1.13316,2.64881,26,13
8.84495,-0.739622,-0.465162,43,6
10.1757,-0.852692,2.35749,37,14
8.15816,-0.683626,-0.1429,24,7
30.1736,-2.53375,8.11346,6,15
0.528128,-0.0451837,-0.122373,15,1
7.17381,-0.615012,0.377342,63,9
0.715914,-0.0615014,-0.139672,23,2
7.69603,-0.662489,0.675806,15,10
6.81946,-0.587032,-1.08409,36,3
7.644,-0.659354,0.94205,11,11
6.19224,-0.535217,-0.763146,52,4
7.53944,-0.652987,1.1986,29,12
9.51575,-0.825826,-0.835649,6,5
10.0044,-0.868238,1.95198,30,13
9.02153,-0.784522,-0.474583,43,6
10.167,-0.885924,2.35614,66,14
6.93655,-0.605649,-0.121539,6,7
9.87654,-0.864085,2.65652,24,15
8.70235,-0.773602,0.152499,31,8
0.527967,-0.0470269,-0.122373,15,1
9.28843,-0.827336,0.488713,56,9
0.715706,-0.0638751,-0.139672,35,2
7.7573,-0.693685,0.681384,43,10
6.69342,-0.599727,-1.06438,60,3
7.67328,-0.688872,0.94595,90,11
6.53633,-0.587951,-0.8058,42,4
8.16757,-0.736121,-0.717466,6,5
9.98766,-0.901919,1.9493,10,13
6.62382,-0.599318,-0.348558,37,6
10.0241,-0.90874,2.32374,84,14
6.83094,-0.61926,-0.119724,25,7
9.9121,-0.900327,2.66687,50,15
8.43291,-0.777844,0.147822,62,8
0.512284,-0.0473428,-0.118774,16,1
6.99046,-0.647255,0.367922,36,9
0.70375,-0.0652849,-0.137382,24,2
7.06048,-0.656224,0.620375,15,10
6.66976,-0.619909,-1.06094,41,3
7.60968,-0.708608,0.938394,58,11
6.39401,-0.596531,-0.788495,64,4
7.56039,-0.70668,1.20267,69,12
9.26789,-0.867915,-0.814383,17,5
7.22458,-0.676563,1.41046,4,13
6.64565,-0.623518,-0.349814,74,6
10.0191,-0.941794,2.32329,68,14
6.80286,-0.640664,-0.11927,31,7
9.87812,-0.932018,2.65859,52,15
8.42389,-0.809645,0.147717,20,8
0.527617,-0.0508037,-0.122373,15,1
7.04769,-0.678615,0.371062,43,9
0.699598,-0.0674868,-0.136619,50,2
7.10364,-0.686506,0.624384,31,10
6.74794,-0.653319,-1.07377,48,3
7.56739,-0.733989,0.933519,27,11
6.38377,-0.62031,-0.78752,53,4
7.57938,-0.736487,1.20611,56,12
8.96521,-0.872728,-0.788062,30,5
6.84,-0.668258,-0.360176,54,6
10.0833,-0.986901,2.33904,69,14
6.79051,-0.664619,-0.119095,43,7
9.79389,-0.960299,2.63685,45,15
8.37539,-0.833023,0.146914,48,8
0.542959,-0.0540988,-0.125973,15,1
6.93597,-0.692302,0.365305,72,9
0.718893,-0.0718818,-0.140435,47,2
7.09327,-0.710504,0.623686,75,10
6.64549,-0.665651,-1.05781,56,3
7.22321,-0.724792,0.891352,35,11
6.60487,-0.66391,-0.815062,41,4
7.58462,-0.763731,1.20736,68,12
6.53971,-0.659667,-0.575054,16,5
13.2183,-1.33334,2.58241,15,13
6.86756,-0.693948,-0.361746,27,6
10.0276,-1.01503,2.32689,76,14
6.81998,-0.691546,-0.119654,12,7
9.77702,-0.993114,2.63323,27,15
6.81889,-0.702258,0.119654,15,8
0.527259,-0.0543939,-0.122373,15,1
6.9494,-0.718151,0.366142,50,9
0.710839,-0.0734581,-0.138909,36,2
7.10673,-0.735663,0.625081,99,10
6.69815,-0.694549,-1.06657,25,3
7.43388,-0.772151,0.917676,69,11
6.41691,-0.667651,-0.792151,49,4
7.56423,-0.788359,1.20455,66,12
6.47803,-0.675154,-0.569824,27,5
13.2135,-1.37947,2.58241,52,13
6.91475,-0.723109,-0.364363,54,6
10.433,-1.09287,2.42182,17,14
7.70452,-0.808418,-0.135221,100,7
9.88109,-1.03854,2.66221,51,15
9.51472,-1.01347,0.16702,35,8
0.546443,-0.0583015,-0.126872,15,1
6.9687,-0.744739,0.367294,57,9
0.734004,-0.0784424,-0.143488,33,2
7.07243,-0.757073,0.622292,69,10
5.73916,-0.615365,-0.914203,10,3
7.56535,-0.81251,0.93425,29,11
6.94941,-0.747586,-0.858204,19,4
6.94473,-0.748308,1.1063,52,12
6.48356,-0.698616,-0.570521,13,5
13.2086,-1.42559,2.58241,50,13
7.18224,-0.776436,-0.378598,91,6
9.8121,-1.06594,2.64461,37,15
15.7366,-1.73178,0.276341,10,8
0.546237,-0.0602086,-0.126872,15,1
7.25788,-0.801278,0.382681,42,9
0.714212,-0.0788497,-0.139672,35,2
7.09548,-0.784602,0.624558,73,10
5.71538,-0.633003,-0.910762,5,3
7.55063,-0.8376,0.932788,42,11
6.77709,-0.752987,-0.837242,38,4
6.9676,-0.775385,1.11037,54,12
8.42544,-0.939109,-0.741695,11,5
13.348,-1.48778,2.61065,29,13
6.72295,-0.750536,-0.354524,23,6
10.4929,-1.17326,2.43757,43,14
6.82032,-0.763816,-0.119793,6,7
9.95615,-1.11676,2.68447,5,15
9.76571,-1.10921,0.171557,8,8
0.526661,-0.0599123,-0.122373,15,1
6.96928,-0.79405,0.367608,23,9
0.713918,-0.0814669,-0.139672,35,2
7.15986,-0.818295,0.630485,90,10
7.55358,-0.864628,0.933519,49,11
6.81978,-0.781839,-0.842848,52,4
6.95504,-0.798575,1.10881,104,12
8.41815,-0.968058,-0.741347,42,5
6.88478,-0.792943,1.34711,22,13
7.25983,-0.837423,-0.382995,45,6
10.6182,-1.22669,2.46771,71,14
6.84939,-0.79129,-0.120352,100,7
10.5049,-1.21546,2.83355,3,15
6.87184,-0.806039,0.120771,16,8
0.526437,-0.0618422,-0.122373,15,1
0.70193,-0.0825821,-0.137382,24,2
7.08771,-0.835123,0.624384,76,10
6.98585,-0.824357,-1.11413,42,3
7.55627,-0.893007,0.93425,72,11
6.75181,-0.79913,-0.834805,28,4
6.91676,-0.819876,1.10318,103,12
8.20681,-0.974245,-0.723044,15,5
7.11591,-0.844743,1.39291,20,13
7.25091,-0.862052,-0.382681,17,6
7.272,-0.865846,1.69073,47,14
10.0956,-1.20562,2.72433,5,15
8.05219,-0.972996,0.141574,57,8
0.526218,-0.0636794,-0.122373,15,1
6.95351,-0.842699,0.367084,77,9
0.721113,-0.0875196,-0.141199,46,2
7.12613,-0.866143,0.628044,86,10
7.52749,-0.916259,0.931082,36,11
6.83175,-0.832782,-0.845042,38,4
6.90405,-0.842818,1.10161,74,12
6.60343,-0.807289,-0.582026,13,5
7.2715,-0.891539,-0.383937,17,6
7.26104,-0.891544,1.68893,56,14
7.76251,-0.953117,-0.136513,100,7
10.0894,-1.24061,2.72381,10,15
6.86391,-0.854945,0.120736,41,8
0.525981,-0.0656077,-0.122373,15,1
6.99413,-0.872404,0.369387,66,9
0.709114,-0.0885762,-0.138909,36,2
7.14284,-0.893486,0.629787,93,10
7.48272,-0.938654,0.925963,63,11
6.61199,-0.830599,-0.818231,22,4
6.93438,-0.871098,1.10693,35,12
8.41725,-1.05887,-0.742218,27,5
7.25249,-0.914916,-0.383099,10,6
7.36035,-0.929829,1.71278,50,14
7.70557,-0.97344,-0.13557,100,7
10.1061,-1.27849,2.72951,19,15
6.86103,-0.877702,0.120736,34,8
0.506432,-0.0648754,-0.117874,16,1
6.8702,-0.881311,0.363002,108,9
0.704906,-0.0905506,-0.138146,24,2
7.13968,-0.918414,0.629787,30,10
6.9063,-0.888393,-1.10286,50,3
7.46185,-0.96118,0.92377,69,11
6.59148,-0.850235,-0.816037,75,4
6.89212,-0.890238,1.10067,33,12
9.4153,-1.21782,-0.830594,17,5
7.28191,-0.941878,1.42725,19,13
7.28903,-0.944092,-0.385193,3,6
7.67997,-0.996091,1.78791,46,14
7.7993,-1.01295,-0.137281,26,7
10.0978,-1.31326,2.72847,47,15
6.92534,-0.910509,0.121923,68,8
0.548707,-0.0722387,-0.127772,14,1
6.85322,-0.90346,0.36227,74,9
0.690977,-0.0910915,-0.135474,25,2
7.14054,-0.942606,0.630136,9,10
6.85811,-0.906541,-1.09567,53,3
7.16129,-0.947889,0.886965,54,11
6.41136,-0.849764,-0.794101,38,4
6.87526,-0.912471,1.09848,63,12
9.26111,-1.22912,-0.817347,17,5
7.35642,-0.977636,1.44252,15,13
8.54088,-1.13656,-0.451555,32,6
7.67451,-1.02264,1.78746,26,14
7.57372,-1.01055,-0.133371,100,7
10.0778,-1.34645,2.72433,40,15
6.97761,-0.942169,0.1229,68,8
0.560039,-0.0757202,-0.130472,14,1
6.88169,-0.931664,0.363944,68,9
0.696491,-0.0942931,-0.136619,37,2
8.66731,-1.17495,0.765227,43,10
6.56325,-0.890886,-1.04905,63,3
7.154,-0.972345,0.886478,87,11
6.73094,-0.91604,-0.834074,51,4
6.8505,-0.933531,1.09504,71,12
9.11857,-1.2426,-0.805145,16,5
7.22069,-0.98526,1.41657,37,13
8.61008,-1.17637,-0.455428,7,6
7.71081,-1.05625,-0.13585,100,7
7.57445,-1.04969,0.133476,60,8
0.555911,-0.077139,-0.129572,14,1
6.93972,-0.964201,0.367189,52,9
0.709753,-0.0987388,-0.139291,24,2
13.4427,-1.87011,1.18741,30,10
6.70879,-0.934503,-1.07283,23,3
7.1663,-0.999506,0.888428,59,11
6.69821,-0.935412,-0.830418,57,4
9.37676,-1.31114,1.49958,30,12
9.24221,-1.29397,-0.816475,43,5
7.20148,-1.00954,1.41351,102,13
11.1156,-1.56022,-0.588256,16,6
31.6665,-4.44479,7.38244,21,14
7.77242,-1.09234,-0.137001,62,7
35.6507,-5.01673,9.6467,8,15
0.524756,-0.0747773,-0.122373,15,1
6.71469,-0.958034,0.355466,106,9
0.703555,-0.100507,-0.138146,36,2
7.31156,-1.0445,0.646173,11,10
6.16952,-0.882448,-0.987102,31,3
7.20385,-1.03167,0.893546,47,11
6.59452,-0.945586,-0.817987,31,4
8.4742,-1.21813,-0.749016,22,5
7.00924,-1.0088,1.3765,28,13
7.3295,-1.0562,1.70963,14,14
7.83566,-1.13053,-0.138188,63,7
7.78223,-1.13669,0.137281,6,8
0.526407,-0.0769821,-0.122823,15,1
6.67754,-0.977719,0.353686,112,9
0.707085,-0.103531,-0.138909,36,2
13.5489,-1.98623,1.19804,28,10
6.17016,-0.905628,-0.987727,23,3
7.26876,-1.06817,0.902077,33,11
6.68135,-0.983042,-0.829199,52,4
6.86345,-1.01106,1.0988,74,12
6.96683,-1.02753,1.36886,27,13
9.05919,-1.33775,-0.479921,76,6
7.30052,-1.07935,1.70378,14,14
7.95608,-1.17769,-0.140387,48,7
7.12795,-1.05638,1.93079,72,15
9.20214,-1.37691,0.162412,55,8
0.541553,-0.0811289,-0.126422,15,1
6.66816,-1.00013,0.353372,80,9
0.702837,-0.105416,-0.138146,36,2
6.42872,-0.966514,-1.02965,72,3
7.58299,-1.1414,0.941563,63,11
6.76032,-1.01878,-0.839436,42,4
6.86379,-1.0356,1.09942,106,12
6.97096,-1.05301,1.37039,21,13
8.87674,-1.34248,-0.4705,54,6
7.27359,-1.10133,1.69838,20,14
7.10703,-1.07864,1.92613,20,15
8.96404,-1.37329,0.158293,81,8
0.548971,-0.0842005,-0.128222,14,1
0.696643,-0.106975,-0.137001,24,2
10.3878,-1.59698,0.919493,54,10
6.39992,-0.985042,-1.02558,57,3
7.49263,-1.15457,0.930838,29,11
6.78615,-1.04691,-0.843092,49,4
6.80157,-1.05051,1.09004,120,12
6.84695,-1.05874,1.34673,35,13
8.94503,-1.38476,-0.474373,68,6
7.24081,-1.12223,1.69163,48,14
8.78749,-1.36352,-0.155222,75,7
7.0345,-1.09277,1.9075,13,15
7.92794,-1.2429,0.140073,70,8
0.514021,-0.0806774,-0.120124,15,1
7.32791,-1.15145,0.388752,12,9
0.688507,-0.108187,-0.135474,37,2
14.0804,-2.215,1.24702,30,10
6.42962,-1.0126,-1.0309,67,3
7.37091,-1.16216,0.916214,11,11
6.81579,-1.07586,-0.847236,42,4
6.81542,-1.07702,1.09285,63,12
8.15723,-1.28906,-0.722521,32,5
6.8277,-1.08018,1.34368,28,13
7.67171,-1.21508,-0.407069,32,6
7.09058,-1.12431,1.65744,42,14
9.03547,-1.43431,-0.15969,100,7
7.27295,-1.15583,1.97324,8,15
7.88999,-1.26518,0.13948,61,8
0.525281,-0.0843244,-0.122823,15,1
0.699756,-0.112459,-0.137764,36,2
10.3331,-1.6625,0.915658,44,10
6.42604,-1.03504,-1.0309,67,3
24.2464,-3.90969,3.01554,33,11
6.80416,-1.09838,-0.846261,48,4
6.88767,-1.11309,1.10505,32,12
8.23332,-1.33056,-0.729668,10,5
6.94599,-1.12376,1.36772,24,13
9.04161,-1.46442,-0.480025,25,6
6.93657,-1.12472,1.62235,9,14
9.00672,-1.462,-0.159271,100,7
7.20022,-1.17005,1.9546,3,15
7.8796,-1.29175,0.139375,100,8
0.505753,-0.0830015,-0.118324,16,1
7.28027,-1.19611,0.386658,29,9
0.687735,-0.112991,-0.135474,25,2
10.3961,-1.70988,0.921759,24,10
6.60951,-1.08827,-1.06094,50,3
24.3618,-4.01561,3.03162,17,11
6.76699,-1.11663,-0.842117,49,4
6.95286,-1.14854,-0.61654,12,5
7.05824,-1.16722,1.39062,32,13
8.9655,-1.48423,-0.476257,47,6
9.0568,-1.50259,-0.160248,68,7
6.98952,-1.1709,0.123703,61,8
0.543898,-0.0912125,-0.127322,15,1
7.33711,-1.23176,0.389903,21,9
0.695081,-0.116691,-0.137001,24,2
10.3036,-1.73163,0.914089,20,10
6.77125,-1.13919,-1.08753,53,3
6.87874,-1.15851,0.856498,9,11
6.71019,-1.13133,-0.835536,51,4
6.76481,-1.14175,1.08659,75,12
7.9095,-1.33495,-0.701778,42,5
7.46258,-1.26086,1.47114,121,13
9.44865,-1.59812,-0.502216,98,6
6.9785,-1.18158,1.63404,50,14
9.38667,-1.59101,-0.166182,94,7
7.16331,-1.21544,1.94684,11,15
0.562784,-0.0964007,-0.131821,14,1
7.34458,-1.25939,0.390531,43,9
0.69854,-0.11978,-0.137764,24,2
7.4266,-1.27479,0.659246,43,10
6.6329,-1.13974,-1.06594,46,3
6.91182,-1.18891,0.861129,26,11
6.79424,-1.16991,-0.846505,38,4
6.79972,-1.17207,1.09285,93,12
7.46781,-1.28857,1.47305,105,13
6.94745,-1.20128,1.62775,55,14
9.04806,-1.56612,-0.160283,100,7
7.02058,-1.22655,0.124401,66,8
0.524052,-0.0916503,-0.122823,15,1
7.32047,-1.28158,0.389484,78,9
0.686514,-0.120186,-0.135474,50,2
10.5837,-1.85476,0.940062,74,10
6.70282,-1.17586,-1.07783,63,3
6.88612,-1.20925,0.858448,68,11
5.6972,-1.0015,-0.710255,14,4
6.81309,-1.19888,1.09567,69,12
7.54286,-1.32729,-0.670053,11,5
7.43298,-1.31063,-0.395555,39,6
6.96049,-1.22857,1.63179,51,14
9.08586,-1.60535,-0.161051,59,7
7.0329,-1.24389,1.91371,103,15
7.03003,-1.25351,0.124645,52,8
0.493034,-0.0880004,-0.115625,16,1
7.34151,-1.31169,0.390845,37,9
0.697687,-0.124654,-0.137764,36,2
7.34299,-1.31328,0.652622,37,10
6.42645,-1.15051,-1.03403,28,3
6.89554,-1.23573,0.860154,83,11
5.67804,-1.01857,-0.708305,23,4
6.87886,-1.23522,1.10693,60,12
8.75597,-1.57229,-0.778301,16,5
7.42049,-1.33516,-0.395137,29,6
6.96191,-1.2539,1.63314,76,14
14.2658,-2.57196,-0.253025,43,7
7.01901,-1.26671,1.91112,80,15
7.05119,-1.28269,0.125099,82,8
0.5234,-0.0953066,-0.122823,15,1
0.689521,-0.12568,-0.136238,25,2
5.65676,-1.03311,-0.910762,13,3
7.01811,-1.283,0.875997,45,11
6.09623,-1.11557,-0.760952,29,4
6.99692,-1.28165,1.12664,127,12
8.3778,-1.5361,-0.745182,15,5
6.66603,-1.22224,1.31735,118,13
9.77312,-1.7937,-0.520743,56,6
6.90957,-1.26939,1.6219,58,14
9.89455,-1.81956,-0.175606,44,7
7.13044,-1.31254,1.9427,47,15
7.31603,-1.35727,0.129881,77,8
0.523064,-0.097133,-0.122823,15,1
7.90555,-1.46949,0.421409,28,9
0.669755,-0.124615,-0.132421,26,2
7.27269,-1.35448,0.647219,18,10
6.9648,-1.2984,0.869903,26,11
5.91862,-1.10443,-0.73926,43,4
6.93221,-1.29482,1.11694,69,12
7.86711,-1.47087,-0.700209,26,5
6.8236,-1.277,1.3494,37,13
10.3181,-1.93285,-0.550156,28,6
6.90487,-1.29471,1.6219,50,14
9.8449,-1.84598,-0.174838,71,7
7.1524,-1.34241,1.94994,40,15
9.03414,-1.71028,0.160492,51,8
0.499728,-0.0946956,-0.117424,16,1
7.84909,-1.48878,0.418688,52,9
0.684747,-0.129879,-0.135474,37,2
5.69968,-1.08315,-0.918896,22,3
6.95025,-1.32206,0.868685,66,11
7.21266,-1.37458,1.16293,74,12
7.59184,-1.44685,-0.676154,45,5
6.82103,-1.30118,1.34978,39,13
5.60687,-1.07058,-0.299152,12,6
6.9941,-1.33673,1.64394,59,14
9.82432,-1.87942,-0.174594,97,7
7.18538,-1.37588,1.9603,43,15
7.81271,-1.50732,0.138886,71,8
0.503221,-0.0971784,-0.118324,16,1
7.81051,-1.50972,0.416908,120,9
0.674651,-0.130406,-0.133566,26,2
5.64738,-1.09365,-0.911074,50,3
6.91441,-1.34027,0.864785,52,11
5.77026,-1.11953,-0.72171,8,4
7.21751,-1.40164,1.1645,15,12
7.36964,-1.43118,-0.656806,62,5
7.02073,-1.36469,1.39023,29,13
5.59526,-1.08862,-0.298734,15,6
7.05443,-1.3738,1.65924,57,14
7.30341,-1.42361,-0.129881,78,7
7.11607,-1.38838,1.9427,21,15
0.522,-0.102696,-0.122823,15,1
7.87378,-1.55048,0.420572,59,9
0.691528,-0.136174,-0.137001,37,2
7.24247,-1.42748,0.645824,43,10
5.61833,-1.10838,-0.907007,38,3
7.0577,-1.39362,0.883309,26,11
5.76242,-1.1389,-0.721223,29,4
7.46207,-1.47753,-0.665521,22,5
6.89074,-1.3644,1.36543,37,13
7.37817,-1.46226,-0.394194,39,6
7.10311,-1.40903,1.67184,76,14
7.33174,-1.45571,-0.130474,100,7
0.521638,-0.104518,-0.122823,15,1
7.3533,-1.47467,0.393043,125,9
0.677551,-0.136003,-0.13433,25,2
7.31337,-1.46932,0.652622,31,10
5.7924,-1.1648,-0.935791,22,3
7.03527,-1.41473,0.881115,87,11
7.06811,-1.42261,-0.885259,21,4
7.75945,-1.56317,1.25367,68,12
7.48421,-1.50908,-0.667962,11,5
6.87607,-1.38771,1.36352,39,13
7.52155,-1.51934,-0.40215,14,6
7.08453,-1.43235,1.66869,63,14
7.96167,-1.60969,-0.141783,88,7
7.03425,-1.42346,1.92303,53,15
0.521252,-0.106429,-0.122823,15,1
7.27544,-1.48682,0.38917,49,9
0.690536,-0.141119,-0.137001,37,2
7.21255,-1.47528,0.644081,80,10
5.81152,-1.18976,-0.939546,62,3
7.10977,-1.45684,0.891109,40,11
7.32343,-1.50195,-0.91792,10,4
6.85775,-1.40769,1.10881,60,12
7.53745,-1.54722,-0.673191,1,5
6.84427,-1.40617,1.35818,30,13
7.50055,-1.54237,-0.401312,7,6
7.06422,-1.45393,1.66509,48,14
7.53462,-1.55212,-0.134279,60,7
7.00817,-1.44495,1.91733,61,15
7.8474,-1.6294,0.139898,7,8
0.520877,-0.108248,-0.122823,15,1
7.54983,-1.57037,0.404138,55,9
0.674662,-0.14033,-0.133948,26,2
7.30293,-1.52034,0.652622,43,10
5.82474,-1.21367,-0.942361,28,3
7.05606,-1.47152,0.885015,33,11
8.58706,-1.79237,-1.07708,39,4
7.46769,-1.56008,1.2083,72,12
7.42669,-1.55152,-0.663778,6,5
6.7144,-1.40394,1.33337,37,13
7.75317,-1.62255,-0.415129,3,6
7.00188,-1.4666,1.65159,93,14
8.00083,-1.67729,-0.142691,32,7
7.0201,-1.47297,1.92199,51,15
7.32319,-1.54724,0.130649,60,8
0.554814,-0.117322,-0.130922,14,1
7.63809,-1.61656,0.409163,60,9
0.685693,-0.145123,-0.136238,25,2
7.22936,-1.53137,0.646521,15,10
5.75476,-1.22006,-0.931724,70,3
7.24119,-1.53652,0.908902,51,11
8.6157,-1.82975,-1.08147,35,4
7.16077,-1.52207,1.15949,66,12
7.42512,-1.57826,-0.664127,3,5
6.72099,-1.42982,1.33566,11,13
7.4056,-1.57681,-0.396811,7,6
7.00625,-1.49306,1.65384,74,14
13.8405,-2.952,-0.247021,96,7
7.33609,-1.56603,2.00999,58,15
8.92675,-1.91862,0.159375,51,8
0.508678,-0.109423,-0.120124,15,1
7.69098,-1.65582,0.412303,58,9
0.677505,-0.145863,-0.134711,25,2
5.78716,-1.24806,-0.937668,48,3
7.47445,-1.6133,0.938882,15,11
8.5918,-1.85604,-1.07927,13,4
7.2172,-1.56041,1.1695,79,12
7.40983,-1.60206,-0.663255,12,5
7.34344,-1.59039,-0.393776,39,6
7.11907,-1.5431,1.68173,34,14
8.73154,-1.89421,-0.155955,92,7
7.33625,-1.59286,2.01154,85,15
7.64627,-1.67135,0.136617,35,8
0.519715,-0.113696,-0.122823,15,1
0.680827,-0.149067,-0.135474,25,2
8.02228,-1.75794,0.718512,16,10
5.86766,-1.28687,-0.951435,63,3
7.50367,-1.64704,0.943269,33,11
7.05939,-1.55081,-0.887453,29,4
5.52055,-1.21377,-0.494522,8,5
7.33207,-1.6134,1.45931,39,13
7.36906,-1.62289,-0.395451,36,6
7.20499,-1.58807,1.70333,41,14
8.75026,-1.93027,-0.156408,100,7
12.4796,-2.77351,0.223146,8,8
0.519315,-0.11551,-0.122823,15,1
0.666888,-0.148456,-0.132803,26,2
8.27085,-1.84269,0.741347,78,10
5.67033,-1.26435,-0.920148,43,3
7.34482,-1.63907,0.924013,54,11
6.96481,-1.55554,-0.876241,12,4
5.52017,-1.2339,-0.49487,38,5
6.88765,-1.54084,1.37192,30,13
7.43741,-1.66518,-0.399428,3,6
7.26976,-1.62898,1.71998,42,14
8.56395,-1.92055,-0.153197,100,7
7.45312,-1.6728,2.04674,54,15
8.38733,-1.89478,0.150091,7,8
0.537916,-0.121619,-0.127322,15,1
7.76088,-1.75611,0.417013,42,9
0.67594,-0.15295,-0.134711,25,2
8.16138,-1.84823,0.732108,15,10
5.689,-1.28938,-0.923902,33,3
7.36809,-1.67128,0.92767,67,11
5.91399,-1.34254,-0.744622,4,4
7.2621,-1.64991,1.17952,63,12
5.50978,-1.2528,-0.494347,25,5
6.83246,-1.55355,1.36199,39,13
8.32155,-1.89366,-0.447263,39,6
7.27543,-1.65694,1.72268,24,14
7.48292,-1.70557,-0.133965,15,7
7.4058,-1.68935,2.03535,55,15
8.36117,-1.91957,0.149742,57,8
0.541287,-0.124369,-0.128222,14,1
7.41018,-1.70396,0.398486,21,9
0.667722,-0.153665,-0.133185,26,2
8.29628,-1.91077,0.744833,48,10
5.61879,-1.29513,-0.913265,33,3
7.32159,-1.68763,0.922551,45,11
8.89388,-2.05168,-1.12071,27,4
7.24668,-1.67303,1.17795,44,12
6.91662,-1.59937,1.37993,34,13
8.26007,-1.91154,-0.444332,61,6
7.56927,-1.75307,1.79376,65,14
7.27237,-1.68431,-0.1303,100,7
7.03664,-1.63101,1.93545,17,15
0.564404,-0.131653,-0.155291,12,0
7.61994,-1.77882,0.136583,34,8
0.518056,-0.121032,-0.122823,15,1
8.28522,-1.93565,0.445902,17,9
0.66527,-0.155548,-0.132803,26,2
8.03736,-1.88071,0.722172,56,10
5.56615,-1.30348,-0.905443,31,3
7.52409,-1.76337,0.948875,56,11
8.49204,-1.99179,-1.07099,66,4
7.42349,-1.74116,1.20767,104,12
8.20286,-1.92547,-0.737163,22,5
6.95495,-1.63383,1.38871,40,13
8.27084,-1.94448,-0.445274,18,6
7.32409,-1.72325,1.73707,31,14
5.87661,-1.38268,-0.105378,25,7
7.18322,-1.69142,1.97738,21,15
7.58286,-1.79671,0.136024,52,8
0.517651,-0.122749,-0.122823,15,1
7.40976,-1.75842,0.399114,60,9
0.668543,-0.158776,-0.133566,26,2
5.83278,-1.38634,-0.949557,47,3
7.52206,-1.78923,0.949362,58,11
7.64028,-1.82017,1.24397,60,12
5.6611,-1.34971,-0.509164,40,5
6.96859,-1.66144,1.39252,31,13
8.64124,-2.06182,-0.465581,54,6
7.40363,-1.76789,1.75732,53,14
5.84063,-1.39574,-0.104819,56,7
17.8906,-4.27864,4.92895,9,15
7.60571,-1.83018,0.136548,15,8
0.539955,-0.13003,-0.128222,14,1
0.668013,-0.160992,-0.133566,26,2
7.36197,-1.77561,0.662558,28,10
5.81638,-1.40391,-0.94768,60,3
7.55629,-1.82527,0.954481,24,11
7.31516,-1.76972,1.19203,70,12
5.60818,-1.35676,-0.504806,23,5
6.88452,-1.66681,1.37688,25,13
9.1115,-2.20767,-0.49133,38,6
7.35954,-1.78454,1.74832,37,14
7.37481,-1.78961,-0.132464,95,7
18.0013,-4.37161,4.96363,16,15
0.516782,-0.12636,-0.122823,15,1
7.3876,-1.80773,0.398591,117,9
0.652191,-0.15959,-0.130513,27,2
7.32477,-1.79371,0.659769,30,10
5.83063,-1.4289,-0.950809,43,3
7.68291,-1.88426,0.971299,15,11
8.41131,-2.06446,-1.06343,15,4
7.28016,-1.78818,1.18734,77,12
5.63049,-1.38298,-0.507246,27,5
6.96826,-1.71286,1.39481,22,13
9.73793,-2.39547,-0.525558,49,6
7.59958,-1.87226,-0.136617,100,7
17.8753,-4.40713,4.93309,26,15
7.91687,-1.96363,0.142377,60,8
0.516338,-0.128163,-0.122823,15,1
7.41614,-1.84218,0.400475,54,9
0.678276,-0.16861,-0.135856,25,2
7.35326,-1.82792,0.662907,61,10
5.49781,-1.3677,-0.897308,36,3
7.68399,-1.91298,0.972274,24,11
5.49355,-1.36868,-0.695143,30,4
7.32754,-1.82696,1.1961,45,12
9.14754,-2.28243,-0.824842,11,5
7.14099,-1.7831,1.43069,39,13
6.05331,-1.51263,-0.326995,13,6
16.5958,-4.14702,3.94924,30,14
18.1952,-4.55345,5.02575,8,15
7.68081,-1.93499,0.138258,70,8
0.546098,-0.137677,-0.130022,14,1
7.4868,-1.88889,0.404662,34,9
0.670039,-0.169173,-0.13433,25,2
7.36004,-1.85828,0.664127,16,10
5.42765,-1.37139,-0.886671,48,3
15.9408,-4.03069,2.01889,26,11
5.53469,-1.40049,-0.700993,52,4
7.26909,-1.84071,1.18765,30,12
10.5297,-2.66833,-0.950346,6,5
7.1306,-1.80829,1.42992,32,13
7.65838,-1.94356,-0.414082,25,6
16.401,-4.16228,3.9065,28,14
7.64025,-1.94038,-0.137595,54,7
18.111,-4.60298,5.00711,3,15
0.467915,-0.119618,-0.12941,15,0
7.5613,-1.93438,0.136233,78,8
0.515384,-0.131945,-0.122823,15,1
7.4392,-1.90591,0.402464,22,9
0.667543,-0.171023,-0.133948,26,2
7.30686,-1.87336,0.659943,13,10
5.55461,-1.42515,-0.908259,28,3
7.42942,-1.90755,0.941806,24,11
5.51029,-1.41583,-0.698555,41,4
6.85981,-1.76385,-0.619677,13,5
7.27064,-1.87084,1.45931,25,13
5.65936,-1.45729,-0.30627,25,6
7.98357,-2.05875,-0.143913,40,7
17.7835,-4.5892,4.92119,13,15
7.4674,-1.93816,0.134663,92,8
0.514921,-0.133743,-0.122823,15,1
7.48276,-1.94493,0.405185,30,9
0.653641,-0.169895,-0.131277,27,2
7.4044,-1.92594,0.669356,15,10
5.37946,-1.40024,-0.880413,50,3
7.43232,-1.93597,0.943025,13,11
5.6148,-1.46359,-0.712448,25,4
7.26529,-1.89518,1.18921,107,12
6.85168,-1.78728,-0.619503,20,5
7.48822,-1.95472,1.50434,17,13
5.67357,-1.48208,-0.307317,46,6
16.2652,-4.25193,3.88131,39,14
6.80977,-1.78143,-0.122865,45,7
17.7468,-4.64586,4.91549,3,15
7.48766,-1.97134,0.135151,38,8
0.514451,-0.13554,-0.122823,15,1
7.52613,-1.98428,0.407906,13,9
0.670129,-0.17668,-0.134711,25,2
7.40534,-1.95381,0.670053,61,10
5.27904,-1.3938,-0.86477,66,3
15.9162,-4.20524,2.02133,26,11
5.82653,-1.54052,-0.739991,13,4
7.35221,-1.94528,1.20455,54,12
6.84347,-1.81068,-0.619329,11,5
7.16251,-1.89643,1.44023,26,13
5.74172,-1.52132,-0.311294,21,6
16.0016,-4.24275,3.82192,22,14
6.92335,-1.83699,-0.125029,6,7
18.5539,-4.92641,5.14377,14,15
7.4904,-2.00004,0.135326,61,8
0.513974,-0.137335,-0.122823,15,1
7.58476,-2.02808,0.411465,24,9
0.663818,-0.177497,-0.133566,26,2
7.45429,-1.99458,0.675108,52,10
5.29132,-1.41681,-0.867586,47,3
15.888,-4.25718,2.01962,35,11
5.97834,-1.60301,-0.759977,14,4
7.31866,-1.96377,1.20017,15,12
6.83711,-1.83456,-0.619329,8,5
7.24686,-1.94586,1.45854,19,13
5.76338,-1.54861,-0.31276,15,6
16.1241,-4.33552,3.85476,36,14
14.3976,-3.874,-0.26025,33,7
18.5105,-4.98412,5.13652,3,15
0.4662,-0.12614,-0.12941,15,0
9.68379,-2.62196,0.175117,15,8
0.513492,-0.139128,-0.122823,15,1
7.59499,-2.05924,0.412407,46,9
0.670774,-0.181868,-0.135093,25,2
7.46843,-2.02633,0.677026,20,10
5.38547,-1.46219,-0.883855,30,3
7.61661,-2.06939,0.969105,11,11
8.90734,-2.42174,-1.13338,15,4
6.84412,-1.86207,-0.620549,5,5
7.2836,-1.983,1.46732,34,13
5.72711,-1.56032,-0.311085,15,6
16.1107,-4.39229,3.85521,23,14
14.903,-4.06581,-0.26964,32,7
16.5772,-4.52567,4.60439,16,15
0.513003,-0.140919,-0.122823,15,1
8.9859,-2.47007,0.488399,47,9
0.662563,-0.182127,-0.133566,26,2
7.50165,-2.06348,0.680686,16,10
5.52127,-1.51977,-0.907007,55,3
7.62465,-2.10018,0.971055,24,11
5.88854,-1.62308,-0.749984,44,4
7.31239,-2.01691,1.20142,103,12
7.52902,-2.07667,-0.683301,1,5
7.24635,-2.00006,1.46122,38,13
6.94604,-1.91848,-0.377656,42,6
16.1385,-4.46044,3.86556,28,14
8.31262,-2.29904,-0.150544,90,7
16.6078,-4.59639,4.61733,9,15
0.542545,-0.151073,-0.130022,14,1
7.53618,-2.09989,0.41,48,9
0.661923,-0.184439,-0.133566,26,2
7.50976,-2.09394,0.682081,15,10
5.5635,-1.55231,-0.914829,35,3
7.68802,-2.14653,0.980073,24,11
6.16388,-1.72215,-0.785814,20,4
7.31482,-2.04509,1.20298,113,12
10.1313,-2.83252,-0.920365,9,5
7.26957,-2.03381,1.46732,32,13
10.2859,-2.87961,-0.559785,30,6
16.1229,-4.51675,3.86556,28,14
8.28336,-2.32211,-0.150161,100,7
18.1615,-5.09472,5.05422,16,15
0.512007,-0.144497,-0.122823,15,1
7.44807,-2.10338,0.405604,38,9
0.649939,-0.183547,-0.131277,27,2
16.0382,-4.53232,1.45812,21,10
5.50102,-1.5556,-0.905443,43,3
7.99946,-2.26362,1.02078,20,11
6.00312,-1.69984,-0.766071,13,4
7.32284,-2.07492,1.20548,77,12
7.3342,-2.07952,1.48182,10,13
9.52447,-2.70234,-0.518859,38,6
16.0376,-4.55331,3.84891,26,14
8.28675,-2.35429,-0.15037,100,7
15.8079,-4.49404,4.40355,13,15
0.557271,-0.159164,-0.155291,12,0
7.05058,-2.01506,0.127996,15,8
0.511499,-0.146284,-0.122823,15,1
8.39117,-2.40138,0.457416,48,9
0.65307,-0.186895,-0.13204,26,2
16.0606,-4.59924,1.4616,34,10
5.4291,-1.55574,-0.894492,33,3
15.7712,-4.52232,2.0145,26,11
6.04867,-1.73557,-0.772652,43,4
7.34973,-2.11028,1.21112,117,12
7.92625,-2.27581,-0.721475,12,5
16.1445,-4.6385,3.26512,18,13
9.48619,-2.72729,-0.517289,21,6
16.1003,-4.63189,3.86781,21,14
7.44064,-2.142,-0.135151,45,7
18.1441,-5.22673,5.05939,14,15
6.98396,-2.02242,0.126914,66,8
0.488525,-0.14156,-0.117424,16,1
0.663727,-0.192454,-0.13433,25,2
15.547,-4.51093,1.41628,28,10
5.55832,-1.61379,-0.916706,46,3
8.01587,-2.32883,1.02492,14,11
6.25607,-1.81874,-0.79995,47,4
7.4125,-2.15634,1.22269,30,12
5.53264,-1.60948,-0.504109,6,5
16.2827,-4.73982,3.29642,11,13
8.10747,-2.36158,-0.442553,50,6
15.8165,-4.61009,3.80347,27,14
7.37552,-2.15117,-0.134104,90,7
18.4948,-5.39774,5.16241,6,15
0.556147,-0.16305,-0.155291,12,0
7.04018,-2.06536,0.128066,77,8
0.510466,-0.149851,-0.122823,15,1
8.69659,-2.55295,0.475001,18,9
0.666818,-0.195876,-0.135093,25,2
7.43583,-2.18566,0.678072,39,10
5.50149,-1.61813,-0.908259,27,3
7.9239,-2.33213,1.0142,13,11
5.5813,-1.64372,-0.714398,43,4
7.35225,-2.16528,1.21393,73,12
16.4149,-4.8405,3.32656,13,13
16.0246,-4.73149,3.85746,28,14
7.32808,-2.16372,-0.133371,100,7
18.562,-5.48422,5.18622,12,15
7.19048,-2.13538,0.130928,63,8
0.509966,-0.151543,-0.122823,15,1
14.7142,-4.37531,0.804508,12,9
0.651077,-0.193723,-0.13204,26,2
7.45298,-2.219,0.680338,56,10
6.11139,-1.81956,-1.00994,40,3
7.33968,-2.18666,0.940344,22,11
5.8098,-1.73198,-0.744378,26,4
7.38061,-2.20166,1.21988,113,12
6.04247,-1.80364,-0.551696,13,5
16.0695,-4.79664,3.25978,23,13
8.55815,-2.55618,-0.468093,29,6
15.9901,-4.77902,3.85296,28,14
7.28599,-2.17897,-0.132743,100,7
16.4366,-4.91871,4.59714,8,15
0.46252,-0.139027,-0.12941,15,0
7.42044,-2.23189,0.135256,42,8
0.509434,-0.153322,-0.122823,15,1
8.23869,-2.48113,0.450927,21,9
0.642877,-0.193729,-0.130513,27,2
7.45702,-2.24715,0.681384,15,10
5.51682,-1.66353,-0.912639,25,3
7.21608,-2.17729,0.925476,76,11
5.96145,-1.79987,-0.764608,16,4
7.30481,-2.20684,1.20861,77,12
5.63373,-1.70307,-0.514916,28,5
17.0478,-5.15677,3.46204,9,13
8.95972,-2.71193,-0.490597,38,6
18.1258,-5.4863,4.37215,18,14
7.28791,-2.20729,-0.132918,36,7
16.3602,-4.95812,4.58058,13,15
7.11381,-2.16812,0.129811,33,8
0.52378,-0.159736,-0.126422,15,1
8.2391,-2.51423,0.45145,15,9
0.653429,-0.199524,-0.132803,26,2
7.45636,-2.27679,0.682081,41,10
5.51447,-1.68489,-0.913265,55,3
7.17578,-2.19385,0.921332,60,11
5.54479,-1.69627,-0.711961,36,4
7.43267,-2.27523,1.23114,54,12
7.85442,-2.40584,-0.718686,13,5
16.4638,-5.04605,3.34717,15,13
6.5686,-2.01449,-0.360071,37,6
16.1176,-4.94303,3.8921,2,14
7.31801,-2.24572,-0.133616,75,7
16.449,-5.05094,4.6106,11,15
7.20899,-2.22604,0.131696,71,8
0.508296,-0.157052,-0.122823,15,1
15.3567,-4.74783,0.8424,20,9
0.663983,-0.205283,-0.135093,25,2
7.51268,-2.32413,0.688007,65,10
5.47429,-1.69457,-0.907633,38,3
7.2606,-2.24892,0.933276,29,11
5.5101,-1.70777,-0.708305,11,4
7.35447,-2.28081,1.21956,72,12
5.56621,-1.72622,-0.509861,15,5
16.4536,-5.10582,3.3487,15,13
16.0919,-4.99976,3.8903,26,14
7.29063,-2.26659,-0.133267,44,7
16.1629,-5.02799,4.53554,17,15
7.40349,-2.31444,0.135396,100,8
0.507745,-0.158826,-0.122823,15,1
0.659515,-0.206427,-0.13433,25,2
7.52543,-2.35689,0.689925,31,10
5.5362,-1.73494,-0.918896,47,3
7.18262,-2.25227,0.924257,60,11
6.66894,-2.09248,-0.858204,2,4
5.59247,-1.75579,-0.512824,8,5
16.5724,-5.20617,3.37656,23,13
5.79986,-1.82313,-0.318621,39,6
16.2826,-5.12139,3.94069,22,14
6.87257,-2.16296,-0.125762,74,7
15.9941,-5.03679,4.4931,5,15
7.46209,-2.36138,0.136617,57,8
0.507187,-0.160597,-0.122823,15,1
15.2623,-4.83562,0.83905,12,9
0.655047,-0.207542,-0.133566,26,2
7.28925,-2.31089,0.669007,93,10
5.5753,-1.76859,-0.926405,28,3
7.19364,-2.28334,0.926695,36,11
5.99941,-1.90543,-0.772895,6,4
16.1537,-5.13667,3.29489,14,13
6.56238,-2.08801,-0.360909,37,6
16.311,-5.19297,3.95194,22,14
6.86688,-2.18754,-0.125797,81,7
16.0722,-5.1231,4.52002,16,15
7.47285,-2.39352,0.136966,82,8
0.506624,-0.162367,-0.122823,15,1
0.646841,-0.207429,-0.13204,26,2
7.376,-2.36675,0.677723,46,10
5.73084,-1.83997,-0.953312,47,3
7.20641,-2.31511,0.929376,54,11
6.08155,-1.95491,-0.784351,25,4
7.26624,-2.33713,1.20893,31,12
6.02769,-1.93876,-0.553962,26,5
16.3525,-5.2628,3.33916,15,13
5.80791,-1.87031,-0.319773,26,6
16.3466,-5.26721,3.96499,13,14
6.86872,-2.21457,-0.125971,54,7
16.2969,-5.25747,4.58834,11,15
0.5042,-0.163533,-0.122373,15,1
7.46971,-2.42417,0.41157,39,9
0.644245,-0.209079,-0.131658,26,2
7.34306,-2.38449,0.675457,30,10
6.17527,-2.00647,-1.0284,30,3
7.11334,-2.31264,0.918407,67,11
6.02183,-1.95894,-0.777526,45,4
7.55107,-2.45786,1.25773,45,12
6.03191,-1.96454,-0.555008,28,5
16.25,-5.29249,3.32199,27,13
6.11088,-1.99144,-0.336834,6,6
16.443,-5.36169,3.99288,11,14
7.03775,-2.29621,-0.129218,64,7
16.216,-5.29394,4.57074,16,15
0.550688,-0.180631,-0.155291,12,0
7.25075,-2.37832,0.133197,48,8
0.503626,-0.165292,-0.122373,15,1
6.98112,-2.29257,0.385088,51,9
0.663991,-0.218181,-0.135856,25,2
7.28884,-2.39645,0.671273,22,10
5.94458,-1.95563,-0.991169,70,3
7.26739,-2.3908,0.939369,24,11
5.47191,-1.80119,-0.70733,36,4
7.42612,-2.44589,1.23834,75,12
6.01934,-1.98372,-0.554485,30,5
16.2529,-5.35939,3.32656,13,13
5.55729,-1.83359,-0.306689,6,6
16.438,-5.42681,3.99648,13,14
6.76954,-2.23488,-0.124436,33,7
16.3405,-5.39777,4.61112,6,15
0.550054,-0.182552,-0.155291,12,0
7.10913,-2.36076,0.130753,85,8
0.480825,-0.159763,-0.116975,16,1
6.98214,-2.3213,0.385611,45,9
0.657637,-0.218639,-0.134711,25,2
7.25964,-2.41496,0.669356,90,10
5.9096,-1.96701,-0.986476,21,3
7.23409,-2.40927,0.9362,58,11
5.45209,-1.81684,-0.705624,60,4
7.45083,-2.48434,1.24397,61,12
6.46411,-2.15534,-0.596145,30,5
16.3234,-5.44591,3.34488,27,13
5.5698,-1.85931,-0.307735,18,6
16.4818,-5.50515,4.01178,13,14
7.92012,-2.64696,-0.145763,24,7
16.3792,-5.47723,4.62768,8,15
7.09895,-2.38492,0.130719,63,8
0.502431,-0.168891,-0.122373,15,1
6.93424,-2.33228,0.383413,66,9
0.640122,-0.2153,-0.131277,27,2
6.97924,-2.34878,0.644255,37,10
5.35418,-1.80292,-0.894805,18,3
7.1899,-2.42246,0.931569,24,11
5.44007,-1.83396,-0.704892,33,4
6.94797,-2.34365,1.16137,60,12
6.32062,-2.13204,-0.583595,16,5
15.1399,-5.10984,3.10599,21,13
6.55861,-2.21487,-0.362793,84,6
16.276,-5.49964,3.96634,19,14
8.02449,-2.71302,-0.147857,100,7
16.0965,-5.44523,4.55314,6,15
7.11141,-2.41677,0.131102,82,8
0.531358,-0.180682,-0.129572,14,1
6.89392,-2.34554,0.381634,47,9
0.644942,-0.219431,-0.132421,26,2
6.92385,-2.35707,0.639897,65,10
5.71435,-1.94644,-0.956128,30,3
7.07617,-2.41168,0.91792,47,11
5.48812,-1.87152,-0.711961,36,4
6.91357,-2.35896,1.15699,56,12
6.3694,-2.17577,-0.352744,20,6
15.8677,-5.42343,3.87141,28,14
8.01119,-2.73972,-0.147787,73,7
18.6473,-6.38075,5.28094,13,15
7.08024,-2.43378,0.130684,70,8
0.523353,-0.18,-0.127772,14,1
6.88569,-2.36959,0.381634,31,9
0.651559,-0.22435,-0.133948,26,2
6.76824,-2.33181,0.626301,9,10
7.01329,-2.41761,0.910852,42,11
5.44778,-1.87901,-0.707573,20,4
6.92957,-2.39146,1.16106,61,12
6.48788,-2.24029,-0.600503,25,5
16.387,-5.6617,3.37007,25,13
6.70493,-2.31786,-0.371795,17,6
16.6304,-5.75229,4.06262,37,14
14.0944,-4.87512,-0.26032,33,7
30.6301,-10.6006,8.68493,14,15
15.0586,-5.23805,0.278296,13,8
0.474838,-0.165263,-0.116075,16,1
6.8977,-2.40203,0.382785,48,9
0.64521,-0.224686,-0.132803,26,2
5.45592,-1.90209,-0.915142,53,3
7.14495,-2.49233,0.929132,18,11
5.65639,-1.97419,-0.735603,5,4
15.8202,-5.52467,2.65407,31,12
6.23549,-2.17753,-0.577843,32,5
16.2356,-5.67289,3.34297,28,13
7.79597,-2.72553,-0.432818,29,6
16.6341,-5.81867,4.06846,25,14
8.48966,-2.97137,-0.157002,83,7
25.4895,-8.9263,7.23658,13,15
7.11169,-2.50163,0.131591,15,8
0.499993,-0.175977,-0.122373,15,1
6.88928,-2.4261,0.382785,66,9
0.631459,-0.222372,-0.130132,27,2
7.10507,-2.50348,0.659072,52,10
5.35237,-1.88697,-0.898873,31,3
7.15119,-2.52254,0.931082,24,11
5.72996,-2.02233,-0.746084,23,4
6.13768,-2.16744,-0.569476,13,5
16.2527,-5.74261,3.35061,33,13
7.75816,-2.74274,-0.431248,54,6
16.6725,-5.89749,4.08286,28,14
8.39818,-2.9723,-0.155501,92,7
18.3488,-6.49766,5.21572,14,15
14.8257,-5.27336,0.274666,22,8
0.473672,-0.168574,-0.116075,16,1
6.86195,-2.44343,0.381738,61,9
0.630679,-0.224575,-0.130132,27,2
6.95365,-2.47745,0.645824,61,10
5.25458,-1.87314,-0.883542,52,3
7.0582,-2.51748,0.920114,60,11
5.42186,-1.9349,-0.706842,50,4
6.80884,-2.43122,1.1451,11,12
6.31771,-2.25585,-0.586907,15,5
7.82189,-2.79602,-0.435331,32,6
16.6059,-5.93925,4.07161,25,14
8.37834,-2.99823,-0.155326,100,7
18.5407,-6.63852,5.2768,7,15
15.0706,-5.41982,0.279553,35,8
0.498752,-0.179463,-0.122373,15,1
6.797,-2.44707,0.378598,51,9
0.616961,-0.22212,-0.12746,28,2
7.00119,-2.52197,0.651053,48,10
5.29075,-1.90687,-0.890738,20,3
6.02193,-2.17278,-0.786057,37,4
15.8302,-5.71485,2.66564,10,12
6.08679,-2.19738,-0.566164,20,5
16.6387,-6.01,3.43876,15,13
7.80456,-2.82059,-0.434912,39,6
16.3744,-5.92097,4.01988,30,14
8.22679,-2.97643,-0.152709,90,7
30.083,-10.8899,8.57261,6,15
9.41608,-3.42159,0.174873,23,8
0.498154,-0.181116,-0.122373,15,1
6.82639,-2.48325,0.380692,50,9
0.632826,-0.230205,-0.130895,27,2
7.06207,-2.57038,0.657503,41,10
5.69089,-2.07244,-0.959256,65,3
7.09313,-2.58449,0.926938,9,11
5.93823,-2.16486,-0.776064,28,4
18.5874,-6.77997,3.1337,16,12
6.0907,-2.22165,-0.56721,10,5
18.7378,-6.83852,3.87724,17,13
5.86467,-2.14152,-0.327204,32,6
18.5017,-6.75968,4.54761,21,14
8.19621,-2.99614,-0.152325,90,7
18.359,-6.7148,5.23798,21,15
0.544048,-0.19974,-0.155291,12,0
9.48479,-3.48409,0.176374,55,8
0.497519,-0.182854,-0.122373,15,1
6.90578,-2.53947,0.385611,23,9
0.635704,-0.233767,-0.131658,26,2
6.93151,-2.5503,0.646173,58,10
5.72811,-2.10867,-0.966765,46,3
16.3103,-6.00748,2.13418,9,11
5.64379,-2.07987,-0.738528,29,4
16.0097,-5.90311,2.70256,22,12
5.9128,-2.18017,-0.551347,22,5
16.6435,-6.14011,3.4483,12,13
5.84591,-2.15783,-0.326576,42,6
18.5347,-6.84515,4.56156,28,14
8.23072,-3.04137,-0.153162,90,7
18.3843,-6.79693,5.25196,8,15
9.44445,-3.50673,0.17585,32,8
0.496878,-0.18459,-0.122373,15,1
6.84259,-2.54338,0.382576,68,9
0.638523,-0.237464,-0.132421,26,2
6.85907,-2.55087,0.640246,80,10
5.31712,-1.97848,-0.89856,35,3
7.20513,-2.68243,0.944,4,11
5.63277,-2.09817,-0.738041,31,4
15.9445,-5.9424,2.69505,15,12
5.91783,-2.2067,-0.552567,10,5
18.6571,-6.96076,3.87075,10,13
5.81551,-2.17086,-0.32532,29,6
18.2423,-6.80962,4.49542,27,14
8.32871,-3.11066,-0.155187,100,7
18.3931,-6.87323,5.26127,14,15
0.477493,-0.179192,-0.136656,14,0
14.02,-5.26419,0.261402,10,8
0.51444,-0.193263,-0.126872,15,1
6.85191,-2.57546,0.383623,51,9
0.633973,-0.238421,-0.131658,26,2
6.91868,-2.60194,0.646696,71,10
5.2063,-1.95899,-0.881039,41,3
7.18597,-2.70532,0.942781,24,11
5.69935,-2.14679,-0.74779,21,4
16.0465,-6.04747,2.71602,28,12
7.65092,-2.88494,-0.715374,17,5
16.4786,-6.2169,3.4235,13,13
5.75707,-2.17312,-0.322494,45,6
18.4032,-6.94663,4.54131,27,14
8.29667,-3.1334,-0.154803,67,7
18.8394,-7.11882,5.39638,20,15
24.2791,-9.21791,0.453309,3,8
0.466363,-0.177155,-0.115175,16,1
0.629466,-0.239238,-0.130895,27,2
6.89792,-2.62303,0.64565,20,10
5.10492,-1.94224,-0.865083,11,3
7.20569,-2.74294,0.946681,24,11
5.7304,-2.1825,-0.752909,43,4
5.94471,-2.26531,-0.556577,15,5
15.6827,-5.97923,3.26245,11,13
5.82409,-2.22167,-0.326681,32,6
18.3175,-6.99111,4.52647,27,14
5.87751,-2.24323,-0.109811,22,7
18.3885,-7.0219,5.27421,11,15
0.541134,-0.207505,-0.155291,12,0
23.9048,-9.16663,0.446886,9,8
0.494884,-0.189869,-0.122373,15,1
0.628627,-0.241433,-0.130895,27,2
18.1945,-6.9915,1.70529,24,10
7.21322,-2.77323,0.948875,40,11
5.66199,-2.17797,-0.744866,28,4
18.8909,-7.27046,3.20597,16,12
5.82707,-2.24381,-0.546292,58,5
18.6986,-7.20019,3.89479,7,13
8.09975,-3.12056,-0.454904,39,6
17.8796,-6.892,4.42389,26,14
5.85099,-2.25654,-0.109461,38,7
18.3855,-7.09439,5.28043,18,15
24.4675,-9.48049,0.458021,24,8
0.496036,-0.1923,-0.122823,15,1
25.0898,-9.7317,1.41035,11,9
0.635145,-0.246356,-0.132421,26,2
34.7227,-13.475,3.25858,10,10
5.71399,-2.21861,-0.970832,15,3
5.68211,-2.20851,-0.748522,28,4
18.4825,-7.18744,3.14089,17,12
5.89573,-2.29272,-0.553439,45,5
15.691,-6.10506,3.27276,12,13
8.12231,-3.16186,-0.456788,14,6
17.752,-6.91406,4.39824,39,14
5.79649,-2.25879,-0.108589,69,7
17.7847,-6.93397,5.11478,19,15
15.8426,-6.20227,0.29697,14,8
0.495361,-0.19403,-0.122823,15,1
25.0408,-9.81339,1.40951,19,9
0.630625,-0.247139,-0.131658,26,2
27.0259,-10.5968,2.53972,58,10
5.526,-2.16784,-0.940171,10,3
16.1465,-6.33751,2.12979,22,11
5.73904,-2.25373,-0.757052,62,4
18.3856,-7.22374,3.12869,6,12
7.86633,-3.0907,-0.739429,24,5
19.2819,-7.57979,4.02722,22,13
7.62426,-2.99866,-0.429364,54,6
17.6044,-6.92746,4.36765,34,14
5.8109,-2.2878,-0.109008,69,7
17.8575,-7.03424,5.14273,19,15
15.9101,-6.29284,0.298646,8,8
0.494681,-0.195758,-0.122823,15,1
14.4698,-5.72899,0.815604,23,9
0.620589,-0.245834,-0.12975,27,2
5.90037,-2.3385,-1.00525,2,3
18.9329,-7.50752,2.50076,5,11
5.62042,-2.22982,-0.742428,50,4
24.7753,-9.83425,4.22185,11,12
6.51713,-2.58953,1.36314,5,13
7.33853,-2.91739,-0.413873,79,6
17.5439,-6.97447,4.35865,34,14
5.94038,-2.36276,-0.111591,61,7
17.9136,-7.12867,5.16603,19,15
14.3643,-5.74242,0.270024,19,8
0.479485,-0.19178,-0.119224,16,1
14.432,-5.77531,0.814662,30,9
0.621506,-0.248837,-0.130132,27,2
34.8806,-13.9654,3.28717,10,10
5.93944,-2.37921,-1.01338,57,3
26.4747,-10.6106,3.50204,11,11
5.62695,-2.25632,-0.744378,48,4
6.51569,-2.61401,1.11194,7,12
6.07212,-2.43728,-0.572439,26,5
17.4061,-6.99368,4.33076,34,14
5.94653,-2.39049,-0.11187,45,7
17.9644,-7.22528,5.18829,15,15
0.537392,-0.217012,-0.155291,12,0
8.03004,-3.24435,0.151173,13,8
0.507686,-0.205222,-0.126422,15,1
6.51381,-2.63439,0.368236,51,9
0.620634,-0.251004,-0.130132,27,2
25.4764,-10.3087,2.40445,13,10
6.08082,-2.46175,-1.03904,13,3
19.054,-7.71765,2.52416,11,11
6.05651,-2.45437,-0.802388,13,4
6.52254,-2.64455,1.11475,18,12
6.08388,-2.4667,-0.574356,32,5
23.374,-9.48168,4.90303,6,13
6.05902,-2.45908,-0.342696,23,6
17.3858,-7.05963,4.33211,15,14
10.5193,-4.27359,-0.19819,100,7
17.732,-7.20742,5.12876,19,15
8.02793,-3.27614,0.151347,16,8
0.510575,-0.208466,-0.127322,15,1
6.9705,-2.84745,0.394613,45,9
0.623389,-0.254654,-0.130895,27,2
6.503,-2.6578,0.614622,1,10
5.76867,-2.35885,-0.987102,15,3
6.4801,-2.65108,0.859666,35,11
5.67496,-2.32284,-0.752909,20,4
6.03836,-2.47282,-0.57087,20,5
25.5262,-10.4586,5.36211,7,13
6.08736,-2.49537,-0.344789,37,6
18.8972,-7.7503,4.71542,20,14
8.45082,-3.46766,-0.159445,8,7
17.6835,-7.25973,5.12203,13,15
6.4468,-2.65718,0.121713,19,8
0.491829,-0.202818,-0.122823,15,1
6.47864,-2.67295,0.367294,21,9
0.607977,-0.250838,-0.127842,28,2
6.49921,-2.68276,0.615145,67,10
7.92032,-3.27099,-1.35723,13,3
6.46163,-2.66989,0.858448,52,11
5.942,-2.4564,-0.78947,24,4
6.09781,-2.52206,-0.57732,12,5
23.2582,-9.62436,4.89272,15,13
8.33918,-3.4525,-0.473012,39,6
24.7987,-10.272,6.19695,16,14
8.41096,-3.48565,-0.158922,67,7
17.6509,-7.31846,5.11996,6,15
6.4301,-2.67659,0.121573,38,8
0.509107,-0.212025,-0.127322,15,1
0.603474,-0.251449,-0.127079,28,2
6.49165,-2.7062,0.61532,60,10
8.00184,-3.3374,-1.37318,57,3
6.42113,-2.67944,0.854304,35,11
9.06037,-3.7826,-1.20553,15,4
23.2625,-9.72139,4.90074,12,13
6.39779,-2.67494,-0.363421,37,6
25.1367,-10.5149,6.29053,17,14
6.53563,-2.73525,-0.123668,72,7
17.5789,-7.36062,5.1065,13,15
6.39676,-2.68895,0.12112,49,8
0.472437,-0.198691,-0.118324,16,1
6.44141,-2.71037,0.366247,33,9
0.61345,-0.258123,-0.129368,27,2
6.40625,-2.69952,0.853573,52,11
6.18445,-2.60733,-0.824081,13,4
23.1898,-9.78144,3.98626,13,12
5.92218,-2.49797,-0.562329,38,5
23.2321,-9.80406,4.9015,3,13
6.44178,-2.71979,-0.366456,38,6
24.7892,-10.4714,6.2127,8,14
6.51868,-2.75494,-0.123528,72,7
22.2843,-9.42244,6.4829,14,15
6.58429,-2.79486,0.124855,27,8
0.460979,-0.195769,-0.115625,16,1
15.8472,-6.73328,0.902377,11,9
0.623387,-0.264869,-0.131658,26,2
32.231,-13.7012,3.06405,9,10
8.27283,-3.51843,-1.42387,15,3
6.16618,-2.62501,-0.822862,30,4
26.3432,-11.22,4.53504,6,12
5.98308,-2.5483,-0.568953,16,5
23.1182,-9.85123,4.88471,25,13
6.34589,-2.70544,-0.361537,16,6
24.5374,-10.4661,6.15871,40,14
6.48327,-2.76669,-0.123039,53,7
22.3135,-9.52672,6.50102,21,15
6.39805,-2.74221,0.121504,60,8
0.488949,-0.209665,-0.122823,15,1
15.8695,-6.80825,0.904993,12,9
0.626067,-0.268591,-0.132421,26,2
6.37141,-2.73474,0.606604,33,10
7.54898,-3.24174,-1.30122,2,3
28.1225,-12.0824,3.75821,12,11
6.18616,-2.65906,-0.826762,28,4
23.0538,-9.91422,3.97469,10,12
22.9412,-9.87057,4.85456,34,13
24.0801,-10.3706,6.05298,23,14
6.39461,-2.75528,-0.121539,65,7
22.3085,-9.61679,6.5093,21,15
6.33338,-2.7407,0.120457,63,8
0.488214,-0.21137,-0.122823,15,1
6.37052,-2.75941,0.36384,25,9
0.617872,-0.267761,-0.130895,27,2
4.57587,-1.9849,-0.789994,11,3
23.7458,-10.3004,3.17811,9,11
6.18958,-2.68617,-0.828468,25,4
22.9321,-9.95687,3.95967,10,12
7.27861,-3.16181,-0.694283,8,5
23.2452,-10.1025,4.92669,26,13
7.48211,-3.25332,-0.427585,76,6
24.9158,-10.8389,6.27298,34,14
6.33177,-2.75445,-0.120526,51,7
22.2535,-9.68535,6.50309,7,15
6.3691,-2.78391,0.121329,50,8
0.523146,-0.228774,-0.131821,14,1
22.1863,-9.70678,1.26915,20,9
0.624129,-0.273064,-0.132421,26,2
6.34072,-2.77547,0.605558,84,10
5.45736,-2.38994,-0.943613,30,3
27.4607,-12.0316,3.68119,12,11
6.1997,-2.71761,-0.831149,18,4
25.021,-10.9731,4.32729,3,12
6.1741,-2.70895,-0.58987,6,5
23.1828,-10.1717,4.92096,22,13
7.5274,-3.3043,-0.43083,72,6
24.9082,-10.9391,6.28063,17,14
8.29337,-3.64399,-0.158119,75,7
25.1766,-11.0675,7.3691,4,15
6.36117,-2.80694,0.121364,61,8
0.461731,-0.20384,-0.116525,16,1
25.4427,-11.2375,1.45766,12,9
0.612349,-0.270589,-0.130132,27,2
6.25215,-2.76405,0.598063,61,10
5.42689,-2.40033,-0.939858,6,3
6.14526,-2.71807,0.825056,2,11
7.36649,-3.25976,-0.989092,39,4
28.0045,-12.3982,4.85072,15,12
23.1041,-10.2383,4.91219,25,13
6.27914,-2.78384,-0.359967,30,6
25.5519,-11.3337,6.4534,9,14
8.36468,-3.71021,-0.159724,42,7
22.3567,-9.92113,6.55382,14,15
6.37093,-2.83919,0.121748,46,8
0.485898,-0.216641,-0.122823,15,1
22.4591,-10.0135,1.28872,16,9
0.618573,-0.275924,-0.131658,26,2
6.09509,-2.72009,0.583943,20,10
9.18111,-4.09922,-1.5925,13,3
6.1262,-2.73653,0.823837,64,11
6.45919,-2.88663,-0.868685,12,4
23.2522,-10.3915,4.03382,13,12
7.40277,-3.30987,-0.709448,40,5
23.2349,-10.3935,4.94768,16,13
6.26391,-2.80329,-0.359653,37,6
26.5687,-11.8959,6.72064,39,14
7.06316,-3.16246,-0.135082,30,7
22.2144,-9.95094,6.52224,14,15
6.86303,-3.08581,0.131347,19,8
0.485177,-0.218251,-0.122823,15,1
5.93383,-2.67051,0.341021,7,9
0.617606,-0.278081,-0.131658,26,2
6.06921,-2.73398,0.582375,26,10
5.35999,-2.4145,-0.931098,1,3
6.07365,-2.73726,0.817987,71,11
6.4894,-2.92598,-0.874047,5,4
25.0434,-11.297,4.35138,12,12
7.37846,-3.32995,-0.708228,20,5
26.9403,-12.1583,5.74526,13,13
5.93603,-2.68022,-0.341335,13,6
26.4243,-11.9366,6.69409,48,14
6.19198,-2.79839,-0.118607,18,7
22.2112,-10.0427,6.53156,3,15
5.20973,-2.36433,0.0998627,39,8
0.484412,-0.219943,-0.122823,15,1
22.3249,-10.1364,1.28495,10,9
0.627405,-0.285,-0.133948,26,2
6.06737,-2.75739,0.583072,24,10
6.62188,-3.01358,-0.893302,9,4
31.8542,-14.4967,5.5431,4,12
5.8968,-2.68484,-0.566861,28,5
23.4745,-10.693,5.01408,20,13
5.96298,-2.71749,-0.343429,6,6
23.8239,-10.8622,6.04488,31,14
6.13718,-2.79817,-0.117734,67,7
23.0777,-10.5268,6.79659,16,15
5.21277,-2.38659,0.100072,61,8
0.504941,-0.231287,-0.128222,14,1
22.2858,-10.2126,1.28474,6,9
0.604991,-0.27737,-0.129368,27,2
23.4545,-10.7631,3.1686,18,11
6.55953,-3.0115,-0.886234,10,4
28.3622,-13.0272,4.94333,11,12
5.88559,-2.70458,-0.566687,21,5
22.9251,-10.5347,4.90417,15,13
5.98842,-2.7531,-0.345417,13,6
25.4767,-11.718,6.47409,9,14
6.06742,-2.79199,-0.116582,78,7
23.0426,-10.6081,6.79711,8,15
5.1963,-2.40323,0.0999325,63,8
0.482826,-0.223404,-0.122823,15,1
6.03738,-2.79478,0.348662,18,9
0.616441,-0.285358,-0.13204,26,2
26.4751,-12.2613,2.55262,7,10
5.39493,-2.49966,-0.941736,32,3
23.404,-10.8489,3.16738,37,11
6.52091,-3.02414,-0.882578,29,4
26.7728,-12.4218,4.67458,16,12
7.0269,-3.26029,-0.677723,15,5
23.084,-10.7152,4.94691,16,13
7.51392,-3.48944,-0.434179,50,6
25.3591,-11.7821,6.45565,36,14
6.13282,-2.85066,-0.118048,61,7
23.0262,-10.7079,6.80435,24,15
5.18064,-2.41797,0.0997929,19,8
0.482043,-0.225088,-0.122823,15,1
23.6181,-11.0334,1.36618,18,9
0.594097,-0.277537,-0.12746,28,2
26.573,-12.4194,2.56621,7,10
5.35933,-2.50593,-0.937043,20,3
6.12555,-2.86681,-0.830418,38,4
5.86787,-2.74746,1.02621,3,12
7.16525,-3.35492,-0.692191,30,5
22.8242,-10.6916,4.89921,28,13
7.53967,-3.53344,-0.436377,39,6
26.3623,-12.3602,6.72199,48,14
6.15361,-2.88649,-0.118641,50,7
24.4787,-11.4875,7.24538,18,15
5.53398,-2.60645,0.106774,11,8
0.481255,-0.226769,-0.122823,15,1
6.05024,-2.85219,0.350546,18,9
0.593124,-0.279609,-0.12746,28,2
6.62245,-3.12335,0.640595,7,10
5.91329,-2.79015,-1.0356,40,3
6.13217,-2.89474,0.832611,19,11
6.22141,-2.93819,-0.844798,13,4
5.91001,-2.79365,-0.571916,10,5
23.1169,-10.9273,4.97019,26,13
7.52909,-3.56059,-0.436482,21,6
26.2133,-12.4022,6.69499,9,14
6.12723,-2.90025,-0.118327,36,7
24.2411,-11.4794,7.18689,18,15
0.48046,-0.228448,-0.122823,15,1
0.581459,-0.276719,-0.125171,29,2
26.8522,-12.7848,2.60195,15,10
5.89946,-2.81011,-1.03497,42,3
6.10948,-2.91015,0.830905,11,11
6.44229,-3.07005,-0.876241,51,4
5.86816,-2.79771,1.02965,42,12
5.86426,-2.79711,-0.56843,25,5
22.9154,-10.935,4.93547,22,13
5.96233,-2.84644,-0.346255,10,6
22.3483,-10.674,5.71781,27,14
6.05211,-2.8906,-0.117071,24,7
22.4526,-10.7286,6.6677,19,15
5.78563,-2.77573,0.11201,63,8
0.47962,-0.230207,-0.122823,15,1
5.98516,-2.87275,0.347929,43,9
0.58049,-0.278747,-0.125171,29,2
26.9169,-12.9311,2.61258,7,10
6.02314,-2.89486,-1.05844,52,3
38.5624,-18.5422,5.25379,18,11
6.49539,-3.12462,-0.885015,13,4
5.91711,-2.84644,1.03998,27,12
5.92268,-2.85039,-0.575054,13,5
22.8347,-10.9945,4.92631,19,13
7.41705,-3.57278,-0.431458,7,6
22.8867,-11.0294,5.86537,36,14
6.05279,-2.91691,-0.11728,12,7
21.7677,-10.4948,6.47514,7,15
5.69539,-2.75571,0.110439,94,8
0.478854,-0.231796,-0.122823,15,1
6.047,-2.92844,0.352116,47,9
0.590114,-0.285908,-0.12746,28,2
27.2948,-13.2301,2.65372,7,10
7.97061,-3.86345,-1.4029,12,3
26.7977,-12.9949,3.65681,12,11
6.12422,-2.97112,-0.83578,11,4
5.84316,-2.83602,1.02871,50,12
22.731,-11.0376,4.91181,12,13
6.10809,-2.96725,-0.355885,6,6
26.0259,-12.6488,6.6806,28,14
5.21352,-2.53492,-0.101189,23,7
21.5537,-10.4845,6.42234,24,15
5.50424,-2.68697,0.106913,45,8
0.506059,-0.247149,-0.130022,14,1
0.585585,-0.286242,-0.126697,28,2
27.2668,-13.3284,2.65529,15,10
5.93959,-2.90592,0.811894,2,11
5.97652,-2.92528,-0.817012,34,4
5.92015,-2.89897,1.04404,74,12
5.89369,-2.88729,-0.574182,45,5
22.8349,-11.1917,4.9431,9,13
5.97882,-2.93158,-0.348976,3,6
22.2355,-10.9027,5.71736,41,14
5.19925,-2.55046,-0.101084,61,7
21.5499,-10.5759,6.43217,31,15
0.519922,-0.256059,-0.155291,12,0
5.45668,-2.68857,0.10618,66,8
0.456208,-0.224878,-0.117424,16,1
0.609181,-0.300547,-0.13204,26,2
6.09287,-3.00599,0.594402,1,10
7.90911,-3.90377,-1.39696,11,3
5.90932,-2.918,0.809213,67,11
4.69501,-2.3194,-0.642983,19,4
22.8483,-11.3023,4.95493,13,13
5.92328,-2.93133,-0.346359,40,6
21.9212,-10.8484,5.64672,26,14
5.16119,-2.55531,-0.100526,52,7
21.7015,-10.7491,6.48911,14,15
5.4271,-2.69876,0.105796,68,8
0.497255,-0.24738,-0.128222,14,1
5.74496,-2.85933,0.336311,37,9
0.590552,-0.293924,-0.128224,28,2
6.00512,-2.99012,0.586907,15,10
5.88792,-2.93433,0.80775,77,11
8.74407,-4.35963,-1.19968,26,4
4.94934,-2.46873,-0.483889,1,5
22.879,-11.417,4.97019,13,13
6.04167,-3.01622,-0.353896,37,6
6.18902,-3.09113,1.59715,20,14
5.14822,-2.57242,-0.100456,61,7
21.9989,-10.997,6.59005,22,15
5.45696,-2.73741,0.106564,60,8
0.485938,-0.24387,-0.125523,15,1
6.52567,-3.27636,0.382681,30,9
0.593031,-0.297745,-0.128987,27,2
5.56735,-2.79643,0.545072,20,10
5.87234,-2.95091,-1.04092,61,3
5.8741,-2.95308,0.807263,72,11
8.07086,-4.05922,-1.10925,5,4
4.77695,-2.4036,-0.467852,1,5
22.7548,-11.4544,4.95188,13,13
6.01149,-3.02741,-0.352744,37,6
6.12251,-3.08466,1.58276,32,14
5.12492,-2.58317,-0.100177,18,7
22.0294,-11.1085,6.61076,7,15
5.47592,-2.77089,0.107123,64,8
0.474652,-0.240284,-0.122823,15,1
0.574474,-0.290943,-0.125171,29,2
5.55755,-2.81585,0.545072,24,10
5.79857,-2.93924,-1.02965,43,3
5.99831,-3.0418,0.825787,35,11
5.16043,-2.61803,-0.710498,8,4
5.65259,-2.86896,1.004,74,12
4.74501,-2.40937,-0.465586,12,5
6.01127,-3.05233,1.31048,9,13
7.84923,-3.98731,-0.461394,25,6
6.11865,-3.10954,1.58456,50,14
5.14083,-2.61373,-0.100665,4,7
21.9732,-11.1766,6.60558,7,15
5.42882,-2.7709,0.10639,66,8
0.487695,-0.249029,-0.126422,15,1
6.82457,-3.4863,0.401626,18,9
0.583893,-0.298407,-0.12746,28,2
5.90909,-3.02123,0.580632,30,10
5.78424,-2.95867,-1.02903,60,3
5.94347,-3.04012,0.819693,45,11
5.67243,-2.90398,1.00932,35,12
4.78268,-2.44953,-0.470118,12,5
5.96859,-3.05823,1.30361,12,13
5.17564,-2.65307,-0.304805,12,6
6.10721,-3.13195,1.58456,29,14
5.28825,-2.71196,-0.103737,20,7
22.0028,-11.2885,6.62629,22,15
5.4204,-2.79169,0.106425,78,8
0.47292,-0.243674,-0.122823,15,1
5.62814,-2.89992,0.33181,6,9
0.589828,-0.304042,-0.128987,27,2
5.50716,-2.84002,0.542109,54,10
5.68435,-2.93265,-1.01307,62,3
5.94464,-3.06826,0.821399,16,11
5.71532,-2.9499,-0.789713,31,4
4.77233,-2.46529,-0.469944,17,5
6.18636,-3.19712,1.3536,24,13
5.14861,-2.66195,-0.303758,40,6
5.72102,-2.95916,-0.112428,63,7
22.0662,-11.4185,6.65734,15,15
5.19992,-2.69999,0.102271,56,8
0.458275,-0.238055,-0.119224,16,1
0.5923,-0.307807,-0.12975,27,2
5.48887,-2.85367,0.541237,30,10
5.54666,-2.88495,-0.99023,47,3
6.14751,-3.19883,0.850892,61,11
5.10502,-2.65637,-0.706599,6,4
6.1887,-3.22163,1.10505,3,12
4.81538,-2.50779,-0.474999,10,5
6.01902,-3.13598,1.31925,34,13
5.14684,-2.6827,-0.304177,34,6
22.0469,-11.4916,5.73985,41,14
5.78565,-3.01695,-0.113894,29,7
22.0351,-11.4952,6.65941,15,15
5.20866,-2.72649,0.10262,67,8
0.471294,-0.246805,-0.122823,15,1
5.59235,-2.92983,0.330868,6,9
0.577311,-0.302581,-0.126697,28,2
5.61526,-2.94308,0.554659,78,10
4.54162,-2.38137,-0.812208,7,3
6.11225,-3.20628,0.84748,66,11
6.14158,-3.22303,-0.851623,12,4
8.25323,-4.33488,-0.815603,11,5
6.0932,-3.20171,1.33795,26,13
5.12507,-2.69414,-0.303444,12,6
21.9532,-11.5403,5.7259,34,14
5.20341,-2.73649,-0.10262,19,7
22.1008,-11.6278,6.69151,15,15
5.22692,-2.76051,0.103179,56,8
0.442817,-0.233965,-0.115625,16,1
0.569256,-0.301024,-0.125171,29,2
5.88096,-3.10987,0.582026,50,10
5.22256,-2.76287,-0.935791,56,3
5.98115,-3.16552,0.830905,26,11
7.97881,-4.22456,-1.10852,12,4
6.13756,-3.25104,1.10005,75,12
4.82195,-2.55525,-0.477439,13,5
5.87501,-3.1146,1.29254,39,13
5.12222,-2.71665,-0.303863,28,6
27.5696,-14.622,7.20473,42,14
5.18628,-2.75179,-0.102481,53,7
21.838,-11.5919,6.62473,3,15
5.21324,-2.77777,0.103109,37,8
0.452275,-0.241087,-0.118324,16,1
6.278,-3.34651,0.372841,47,9
0.582061,-0.3104,-0.128224,28,2
5.66912,-3.02449,0.562155,65,10
5.14269,-2.74479,-0.923276,37,3
5.75588,-3.07335,0.801169,85,11
7.94752,-4.24536,-1.10633,16,4
6.14883,-3.28455,1.10411,57,12
4.88154,-2.60869,-0.484237,10,5
5.83986,-3.12213,1.2872,31,13
5.08805,-2.72133,-0.302397,42,6
27.4557,-14.6908,7.18899,53,14
5.0497,-2.70195,-0.0999674,50,7
6.1485,-3.29127,1.86867,9,15
5.23042,-2.80923,0.103632,68,8
0.496105,-0.266567,-0.130022,14,1
0.58789,-0.316149,-0.12975,27,2
5.69011,-3.06125,0.565292,61,10
5.13008,-2.75996,-0.922651,38,3
5.71069,-3.07361,0.796294,40,11
4.63874,-2.4977,-0.646883,2,4
6.13906,-3.30693,1.10443,42,12
5.10009,-2.74956,-0.303653,40,6
30.7583,-16.5893,8.06809,11,14
4.94344,-2.66734,-0.0980476,63,7
5.2241,-2.82938,0.103702,19,8
0.447197,-0.242303,-0.117424,16,1
0.566073,-0.306969,-0.125171,29,2
5.69745,-3.0896,0.567035,65,10
4.5266,-2.4557,-0.815649,33,3
5.4644,-2.96569,0.76339,55,11
4.6422,-2.52051,-0.648589,53,4
6.14484,-3.33776,1.10756,42,12
5.44616,-2.95949,-0.542283,32,5
5.17946,-2.8169,-0.308992,28,6
6.1955,-3.36948,1.6282,30,14
4.93059,-2.68267,-0.0979778,76,7
6.17458,-3.3609,1.88369,52,15
5.19439,-2.83796,0.103318,6,8
0.466825,-0.255156,-0.122823,15,1
0.571833,-0.31281,-0.126697,28,2
6.01994,-3.29309,0.600329,33,10
4.5193,-2.47322,-0.815962,37,3
5.4622,-2.99046,0.764608,32,11
4.63467,-2.53846,-0.648832,31,4
5.74625,-3.14859,1.03779,41,12
5.41955,-2.97081,-0.540714,15,5
32.1902,-17.6529,7.13626,6,13
5.13408,-2.81665,-0.306898,12,6
4.91546,-2.69783,-0.0978731,76,7
6.18423,-3.39559,1.89041,40,15
0.465887,-0.256865,-0.122823,15,1
6.23646,-3.43987,0.37326,39,9
0.577614,-0.318597,-0.128224,28,2
6.38812,-3.52498,0.638329,41,10
4.50156,-2.48499,-0.814398,8,3
5.4373,-3.00279,0.762658,60,11
5.18657,-2.8655,-0.72756,57,4
5.31499,-2.93766,-0.531301,33,5
5.1347,-2.84036,-0.307526,21,6
5.78358,-3.20062,1.52607,38,14
4.91079,-2.71874,-0.0979778,49,7
6.00444,-3.32557,1.83917,26,15
5.78049,-3.2121,0.11543,45,8
0.444549,-0.247128,-0.117424,16,1
5.67807,-3.15778,0.340498,51,9
0.576499,-0.320612,-0.128224,28,2
6.16685,-3.43101,0.617411,37,10
4.54291,-2.52855,-0.823471,6,3
5.85863,-3.26221,0.823349,42,11
5.20428,-2.89904,-0.73146,35,4
6.12044,-3.41079,1.10975,63,12
5.20376,-2.89994,-0.521191,40,5
5.72219,-3.19016,1.27346,28,13
5.09859,-2.84367,-0.305956,40,6
6.04976,-3.37556,1.5994,12,14
4.87857,-2.72319,-0.097524,40,7
5.99111,-3.34557,1.83865,38,15
0.450483,-0.252489,-0.119224,16,1
5.66005,-3.17367,0.340079,66,9
0.575376,-0.322622,-0.128224,28,2
5.99671,-3.36382,0.601549,18,10
4.58574,-2.57339,-0.832857,10,3
5.91126,-3.3186,0.832368,59,11
5.49182,-3.08439,-0.773383,11,4
5.69518,-3.19991,1.03466,93,12
5.24745,-2.94835,-0.526595,10,5
5.68706,-3.19665,1.26812,37,13
5.08863,-2.86145,-0.305956,28,6
5.76959,-3.24569,1.52832,11,14
6.61868,-3.72487,-0.132568,66,7
5.93394,-3.34087,1.82467,120,15
0.442812,-0.250225,-0.117424,16,1
5.75847,-3.25533,0.346673,44,9
0.563992,-0.318832,-0.125934,29,2
6.7807,-3.8379,0.956674,18,11
4.68988,-2.65557,-0.661751,3,4
5.68226,-3.21879,1.03434,77,12
5.58021,-3.16228,1.24675,33,13
5.13595,-2.9117,-0.30941,3,6
6.63869,-3.7667,-0.133232,81,7
5.9844,-3.39685,1.84383,78,15
6.02631,-3.43177,0.12105,44,8
0.462255,-0.263345,-0.122823,15,1
5.81475,-3.31398,0.350756,78,9
0.559464,-0.318854,-0.125171,29,2
5.46248,-3.11448,0.550127,39,10
4.55908,-2.60045,-0.831293,17,3
26.6466,-15.2051,3.76698,12,11
4.70127,-2.68373,-0.664675,46,4
5.72931,-3.27192,1.04498,76,12
5.2994,-3.02641,-0.533916,12,5
5.63903,-3.22167,1.26239,26,13
5.12923,-2.93159,-0.30962,21,6
5.53363,-3.16401,1.47163,53,14
6.61161,-3.78191,-0.132952,59,7
6.0094,-3.43883,1.85521,23,15
5.9692,-3.4269,0.120142,38,8
0.461333,-0.264957,-0.122823,15,1
5.69058,-3.26959,0.343952,33,9
0.571966,-0.32863,-0.128224,28,2
5.52758,-3.17722,0.557797,67,10
5.56888,-3.20225,-1.01745,68,3
5.80735,-3.34073,0.822618,26,11
4.68671,-2.69715,-0.663944,22,4
5.76579,-3.31949,1.05374,42,12
6.04164,-3.47831,-0.609916,10,5
5.67369,-3.26779,1.2727,35,13
5.13107,-2.95646,-0.310352,25,6
5.50229,-3.17163,1.46623,70,14
6.45805,-3.72405,-0.130125,64,7
5.87687,-3.39028,1.81795,4,15
5.91394,-3.42267,0.11927,61,8
0.460405,-0.266566,-0.122823,15,1
5.78456,-3.35049,0.350337,129,9
0.570816,-0.330624,-0.128224,28,2
5.42682,-3.14455,0.548733,73,10
5.68926,-3.29795,-1.04154,26,3
6.16143,-3.57309,0.874534,64,11
4.63949,-2.69158,-0.658582,36,4
6.31239,-3.66653,-0.382576,28,6
5.50972,-3.20159,1.47118,61,14
5.94885,-3.45814,-0.120107,51,7
5.54442,-3.2347,0.112044,44,8
0.459472,-0.268171,-0.122823,15,1
6.04362,-3.52877,0.36677,52,9
0.566267,-0.330635,-0.12746,28,2
5.44849,-3.18257,0.552044,80,10
4.42927,-2.58825,-0.812521,10,3
5.79589,-3.3882,0.824324,52,11
4.50669,-2.63561,-0.641033,14,4
5.70326,-3.33672,1.04655,13,12
6.03068,-3.53111,-0.366247,54,6
5.78941,-3.3912,1.54901,50,14
5.84012,-3.42227,-0.118153,79,7
5.96472,-3.49668,1.85263,17,15
5.85025,-3.44056,0.118467,13,8
0.458533,-0.269773,-0.122823,15,1
6.01749,-3.54174,0.365933,47,9
0.568493,-0.334601,-0.128224,28,2
5.42533,-3.19449,0.550824,73,10
5.30697,-3.12604,-0.975525,6,3
5.84559,-3.44469,0.833099,57,11
5.54108,-3.26916,1.25056,33,13
5.80848,-3.42829,-0.353477,67,6
5.44025,-3.21223,1.45858,40,14
5.81781,-3.43653,-0.117943,91,7
5.95248,-3.51748,1.85263,61,15
0.457589,-0.271372,-0.122823,15,1
5.9862,-3.55152,0.364782,51,9
0.563887,-0.334678,-0.12746,14,2
5.42215,-3.21944,0.551696,65,10
5.89156,-3.49954,0.841386,40,11
4.41821,-2.62543,-0.63104,28,4
5.67473,-3.37343,1.04561,58,12
4.74177,-2.81994,-0.482668,36,5
5.53919,-3.29547,1.25285,29,13
8.84399,-5.26371,-0.539374,31,6
5.66788,-3.37472,1.52292,57,14
5.7886,-3.44659,-0.117594,91,7
5.93685,-3.53626,1.85159,8,15
5.49078,-3.28226,0.11166,63,8
0.456591,-0.273048,-0.122823,15,1
5.95943,-3.56523,0.363944,35,9
0.552606,-0.330597,-0.125171,29,2
5.39208,-3.22709,0.549778,60,10
5.28107,-3.16191,-0.9749,11,3
5.45636,-3.26815,0.780939,42,11
4.38983,-2.63038,-0.628358,17,4
5.50476,-3.29975,1.01651,111,12
4.70798,-2.82213,-0.480228,33,5
5.5327,-3.31781,1.254,25,13
8.82042,-5.29147,-0.53906,7,6
5.59759,-3.35938,1.50717,45,14
5.86336,-3.52028,-0.119374,25,7
5.55808,-3.34888,0.113266,60,8
0.455635,-0.27464,-0.122823,15,1
5.69039,-3.43131,0.348243,66,9
0.541362,-0.326441,-0.122881,30,2
5.85335,-3.53096,0.598063,50,10
7.88809,-4.76028,-1.45922,5,3
5.4772,-3.30667,0.78557,70,11
4.37722,-2.64364,-0.627871,46,4
5.46954,-3.30464,1.01213,122,12
4.66229,-2.81691,-0.476568,28,5
5.45388,-3.29648,1.23873,32,13
14.4556,-8.74084,-0.885315,20,6
5.52247,-3.34057,1.49008,65,14
16.4086,-9.92955,-0.334772,29,7
5.56434,-3.36856,1.74289,60,15
5.71728,-3.47206,0.116757,22,8
0.431357,-0.262063,-0.116525,16,1
5.34898,-3.25095,0.328042,34,9
0.54693,-0.332408,-0.124407,29,2
5.75416,-3.49859,0.589173,45,10
5.40288,-3.28759,0.776551,40,11
4.35949,-2.65374,-0.626652,51,4
5.46809,-3.32988,1.01401,107,12
8.47693,-5.16419,-0.86842,8,5
5.47587,-3.33593,1.24636,24,13
8.74233,-5.32797,-0.536548,21,6
5.62891,-3.43185,1.52202,52,14
8.78016,-5.35522,-0.179515,45,7
5.57234,-3.40004,1.7491,69,15
5.95755,-3.6465,0.121923,45,8
0.453707,-0.277814,-0.122823,15,1
5.26436,-3.22474,0.323541,66,9
0.555751,-0.340565,-0.126697,28,2
5.6241,-3.4478,0.577145,65,10
5.27574,-3.23551,-0.980218,43,3
5.53183,-3.39256,0.796782,52,11
4.34174,-2.66375,-0.625434,40,4
5.56081,-3.41301,1.03341,66,12
4.70313,-2.88773,-0.482843,23,5
5.58573,-3.43099,1.27422,33,13
8.9814,-5.51891,-0.552458,3,6
5.60799,-3.44736,1.51977,55,14
16.9198,-10.401,-0.346675,29,7
5.5555,-3.41643,1.74755,53,15
5.7059,-3.52128,0.117036,71,8
0.472584,-0.29176,-0.128222,14,1
5.278,-3.25976,0.325111,39,9
0.547878,-0.338376,-0.125171,29,2
5.4849,-3.38887,0.564072,82,10
5.46195,-3.37732,0.788495,92,11
5.7112,-3.5342,1.06375,90,12
8.50413,-5.26457,-0.875044,14,5
5.6288,-3.48457,1.28682,36,13
8.78379,-5.43981,-0.541468,77,6
5.57439,-3.45357,1.51392,65,14
6.90252,-4.27808,-0.141748,100,7
5.5216,-3.42354,1.74082,69,15
6.37449,-3.96469,0.131033,20,8
0.435161,-0.270759,-0.118324,16,1
5.3005,-3.29927,0.327204,55,9
0.5533,-0.344533,-0.126697,28,2
5.45554,-3.39841,0.562329,67,10
4.42929,-2.76021,-0.8266,13,3
5.46192,-3.40371,0.790201,60,11
5.10083,-3.17993,-0.738041,27,4
5.34014,-3.33041,0.996801,81,12
8.47556,-5.28789,-0.873998,5,5
5.63931,-3.51973,1.29216,22,13
5.80752,-3.62612,-0.358815,20,6
5.57491,-3.48224,1.51752,50,14
5.51453,-3.44586,1.74237,55,15
5.54841,-3.47916,0.114313,38,8
0.450674,-0.282707,-0.122823,15,1
0.545442,-0.342288,-0.125171,29,2
5.48076,-3.44074,0.566164,67,10
4.43134,-2.78301,-0.82879,13,3
5.65952,-3.55572,0.820668,49,11
5.13452,-3.22713,-0.744622,5,4
5.34186,-3.35744,0.999304,119,12
5.50197,-3.45942,-0.568604,12,5
5.49238,-3.45472,1.26125,25,13
5.83708,-3.67296,-0.361432,47,6
5.54458,-3.49026,1.51257,73,14
6.86741,-4.32297,-0.141644,88,7
5.46977,-3.4445,1.73202,31,15
5.86145,-3.70259,0.121015,17,8
0.429966,-0.271708,-0.117424,16,1
0.557518,-0.352585,-0.128224,28,2
5.45862,-3.45346,0.565118,37,10
5.51718,-3.49051,-1.03403,65,3
5.51518,-3.4906,0.801413,20,11
5.12547,-3.2452,-0.744866,33,4
5.48698,-3.47543,1.02871,120,12
5.50333,-3.48713,-0.569999,13,5
5.38139,-3.40987,1.23835,34,13
5.81644,-3.68695,-0.360909,27,6
5.89504,-3.73822,1.61155,80,14
5.9624,-3.78239,-0.123249,26,7
20.3609,-12.9613,0.421301,11,8
0.461889,-0.294142,-0.126422,15,1
5.4779,-3.48981,0.340393,45,9
0.546411,-0.348102,-0.125934,14,2
5.55131,-3.53793,0.575925,54,10
5.73149,-3.65417,-1.07658,13,3
5.54815,-3.53865,0.807994,25,11
5.11746,-3.2652,-0.745353,34,4
5.86278,-3.7422,1.10161,80,12
5.45586,-3.4838,-0.566338,26,5
5.41579,-3.45822,1.24904,18,13
5.7665,-3.68358,-0.358606,40,6
5.84747,-3.73674,1.6021,56,14
8.78642,-5.61699,-0.182029,45,7
5.91431,-3.78236,1.8811,73,15
18.0046,-11.5499,0.373377,2,8
0.447739,-0.287333,-0.122823,15,1
5.57829,-3.5812,0.347406,54,9
0.564955,-0.362834,-0.130513,13,2
5.91881,-3.80273,0.615494,65,10
5.54746,-3.56551,0.8097,55,11
5.03757,-3.23903,-0.73536,52,4
5.6553,-3.63761,1.06501,84,12
4.91589,-3.16322,-0.51143,18,5
5.43609,-3.4993,1.25667,3,13
5.44063,-3.50356,-0.339137,13,6
5.98773,-3.85735,1.64439,50,14
8.72137,-5.61839,-0.181086,63,7
5.87834,-3.78833,1.87385,53,15
5.87039,-3.79627,0.122027,37,8
0.446683,-0.288972,-0.122823,15,1
5.49638,-3.55713,0.343115,28,9
0.520832,-0.33707,-0.120591,31,2
5.29337,-3.42706,0.551696,73,10
5.52602,-3.58042,0.808481,75,11
5.014,-3.24991,-0.733654,49,4
5.4795,-3.55299,1.03434,84,12
4.89423,-3.17471,-0.510384,35,5
10.7663,-6.98635,-0.672622,19,6
5.3907,-3.49942,1.48378,12,14
8.72755,-5.66774,-0.181645,99,7
5.83687,-3.79196,1.86505,60,15
5.85543,-3.81565,0.121992,68,8
0.429347,-0.279887,-0.118324,16,1
6.23174,-4.06397,0.389903,64,9
0.529458,-0.345413,-0.122881,30,2
5.27744,-3.44426,0.551347,86,10
5.5351,-3.61379,0.81165,60,11
5.0824,-3.3195,-0.745353,47,4
5.53156,-3.61424,1.04655,86,12
5.07324,-3.31604,-0.530255,51,5
5.41913,-3.54348,1.25858,11,13
5.89679,-3.85728,-0.369283,17,6
6.50067,-4.25392,-0.135605,99,7
5.87209,-3.84405,1.88058,38,15
5.81299,-3.81842,0.121399,35,8
0.444604,-0.292161,-0.122823,15,1
5.9164,-3.8893,0.371062,78,9
0.551217,-0.362357,-0.128224,28,2
5.26372,-3.46157,0.551173,75,10
4.60097,-3.02687,-0.872279,12,3
5.20676,-3.42671,0.76534,30,11
5.03041,-3.31191,-0.739503,44,4
5.43414,-3.57907,1.03059,120,12
5.16313,-3.40058,-0.540889,56,5
5.38993,-3.554,1.49053,31,14
6.49171,-4.28212,-0.135745,83,7
5.79024,-3.82086,1.85884,17,15
5.78629,-3.82986,0.12112,66,8
0.420833,-0.278649,-0.116525,16,1
5.8112,-3.84927,0.365305,41,9
0.546675,-0.362111,-0.12746,14,2
5.30641,-3.51624,0.556925,65,10
4.7435,-3.14442,-0.901375,5,3
5.20304,-3.45035,0.766558,67,11
5.40425,-3.58514,-0.796294,27,4
5.4249,-3.60021,1.03122,127,12
5.15787,-3.42299,-0.541586,57,5
5.40898,-3.591,1.26201,27,13
6.091,-4.04532,-0.383204,38,6
5.81723,-3.86642,-0.121923,71,7
0.442553,-0.295258,-0.122823,15,1
5.41565,-3.61452,0.34123,32,9
0.53561,-0.357478,-0.125171,29,2
5.35873,-3.57788,0.563723,45,10
5.4914,-3.66785,-1.04592,65,3
5.24048,-3.50158,0.77387,27,11
5.30393,-3.54665,1.01057,74,12
5.41599,-3.62295,1.26659,34,13
6.09012,-4.07544,-0.384041,38,6
18.6487,-12.4842,5.18107,42,14
5.19226,-3.47722,-0.109078,43,7
5.76663,-3.86334,1.85987,34,15
5.63327,-3.7854,0.118467,11,8
0.470631,-0.31637,-0.130922,14,1
5.36819,-3.61,0.339032,49,9
0.527842,-0.354963,-0.123644,14,2
5.26686,-3.54319,0.555356,43,10
5.46054,-3.67487,-1.04248,25,3
5.44888,-3.6684,0.806531,72,11
4.82422,-3.24908,-0.714154,22,4
5.28824,-3.56293,1.00994,49,12
5.19829,-3.50233,-0.548384,5,5
5.39517,-3.63635,1.26468,27,13
6.25139,-4.21503,-0.395137,47,6
5.39926,-3.64185,1.50357,20,14
5.16019,-3.48191,-0.108659,26,7
5.61339,-3.80055,0.118327,45,8
0.438868,-0.297247,-0.122373,15,1
5.31257,-3.59958,0.336311,69,9
0.5266,-0.356803,-0.123644,14,2
5.26435,-3.56826,0.556402,37,10
5.45258,-3.69723,-1.04342,65,3
5.52639,-3.74869,0.819937,59,11
8.11614,-5.50744,-1.20431,5,4
5.59611,-3.79883,1.07126,115,12
5.48477,-3.72465,1.28872,11,13
6.39029,-4.3412,-0.404871,39,6
5.38007,-3.65629,1.50177,58,14
5.7235,-3.89115,-0.120806,70,7
27.8318,-18.9287,9.01881,15,15
0.399022,-0.272093,-0.12941,15,0
5.63313,-3.84266,0.119025,60,8
0.437827,-0.298778,-0.122373,15,1
5.34121,-3.64626,0.338928,38,9
0.531837,-0.363067,-0.125171,29,2
5.20744,-3.55627,0.551696,15,10
5.30427,-3.62375,-1.01745,66,3
5.43789,-3.71643,0.808725,65,11
4.83583,-3.30621,-0.719273,4,4
5.71325,-3.90755,1.09629,118,12
4.70502,-3.21798,-0.498705,57,5
5.44419,-3.72492,1.28224,3,13
6.37674,-4.36461,-0.404976,61,6
5.3721,-3.67835,1.50312,72,14
5.71813,-3.91675,-0.12098,25,7
24.9146,-17.0722,8.09275,12,15
5.59893,-3.8466,0.118572,88,8
0.436834,-0.300228,-0.122373,15,1
5.38505,-3.70242,0.342487,55,9
0.522479,-0.359358,-0.123263,15,2
5.19398,-3.57239,0.551521,7,10
5.28571,-3.63684,-1.0162,57,3
5.55962,-3.82674,0.828712,59,11
4.79868,-3.30421,-0.715373,20,4
5.70189,-3.9276,1.09661,60,12
4.7118,-3.24682,-0.500623,23,5
5.43277,-3.74502,1.28262,13,13
6.16087,-4.24851,-0.392206,38,6
5.33741,-3.68066,1.49682,49,14
6.5989,-4.55228,-0.139933,88,7
18.9018,-13.0443,6.15368,6,15
5.59302,-3.87279,0.118746,70,8
0.454954,-0.315143,-0.127772,14,1
0.524385,-0.363508,-0.124026,29,2
19.4626,-13.4916,2.07187,41,10
5.27072,-3.65507,-1.01589,50,3
5.6059,-3.88895,0.83773,26,11
4.77838,-3.31612,-0.714154,9,4
5.54142,-3.84708,1.06845,127,12
4.73096,-3.28566,-0.503935,30,5
5.43674,-3.77723,1.28682,21,13
5.88121,-4.08755,-0.375354,24,6
5.73826,-3.98968,-0.121992,32,7
18.6952,-13.0032,6.10192,24,15
5.72637,-3.99626,0.121888,82,8
0.434622,-0.303422,-0.122373,15,1
5.37577,-3.75438,0.343638,13,9
0.529551,-0.369832,-0.125552,29,2
17.9627,-12.5496,1.91708,13,10
5.39168,-3.76828,-1.04185,42,3
5.52491,-3.86284,0.827737,11,11
5.36157,-3.75003,-0.803363,32,4
5.2586,-3.67938,1.01651,57,12
4.72273,-3.30444,-0.504283,26,5
5.21604,-3.65096,1.23759,35,13
9.90797,-6.93764,-0.633893,19,6
5.32625,-3.73087,1.50132,28,14
5.62862,-3.94413,-0.119968,51,7
18.8404,-13.2069,6.16507,18,15
5.69439,-4.00357,0.121504,52,8
0.41762,-0.293726,-0.117874,16,1
5.36427,-3.77427,0.343743,15,9
0.541102,-0.380717,-0.128605,14,2
17.9106,-12.6065,1.91621,8,10
5.52062,-3.88716,-1.06939,30,3
18.295,-12.8866,2.74767,13,11
4.76427,-3.35709,-0.715617,6,4
5.41203,-3.81494,1.04874,128,12
5.59543,-3.94422,-0.598934,27,5
5.19524,-3.66348,1.23568,9,13
6.8644,-4.8423,-0.44025,29,6
18.175,-12.8258,5.13563,41,14
5.59194,-3.94761,-0.119479,81,7
18.7721,-13.257,6.15782,12,15
5.68201,-4.02458,0.121539,26,8
0.432493,-0.306449,-0.122373,15,1
5.41624,-3.83917,0.347929,36,9
0.542973,-0.384874,-0.129368,13,2
5.11632,-3.62792,0.548733,39,10
5.5328,-3.92469,-1.07439,33,3
19.3589,-13.7373,2.91463,31,11
6.85036,-4.8629,-1.0315,11,4
5.28755,-3.75489,1.02715,73,12
5.59555,-3.97508,-0.600503,30,5
16.7637,-11.9089,3.99707,24,13
6.66838,-4.73897,-0.428736,3,6
18.0682,-12.8452,5.11809,51,14
5.56346,-3.95667,-0.119165,62,7
17.4523,-12.4164,5.73905,22,15
5.637,-4.02232,0.120875,66,8
0.421904,-0.301163,-0.119674,16,1
5.34429,-3.81627,0.344161,55,9
0.519194,-0.370885,-0.124026,14,2
5.2197,-3.73005,0.561283,54,10
8.87858,-6.34707,-1.7286,15,3
19.4529,-13.9064,2.93608,7,11
4.76816,-3.4099,-0.71976,28,4
5.35152,-3.82849,1.04217,111,12
5.95753,-4.2636,-0.640943,13,5
5.69618,-4.07957,-0.367189,7,6
17.861,-12.7967,5.07265,40,14
5.45859,-3.91085,-0.11721,55,7
17.4135,-12.4807,5.74061,25,15
5.65145,-4.06397,0.121504,63,8
0.414469,-0.298156,-0.117874,16,1
5.30433,-3.81716,0.342487,32,9
0.52427,-0.377282,-0.125552,14,2
5.2875,-3.80645,0.569999,46,10
5.50778,-3.96649,-1.07502,11,3
10.4595,-7.53533,1.58284,54,11
4.7653,-3.43431,-0.721223,26,4
5.33105,-3.84346,1.04092,71,12
5.46516,-3.9416,-0.589521,32,5
5.21009,-3.75763,1.24865,9,13
5.67867,-4.09709,-0.36698,24,6
17.7625,-12.8202,5.05735,50,14
5.48313,-3.95892,-0.118048,91,7
17.4303,-12.5896,5.76131,20,15
5.64532,-4.08954,0.121678,60,8
0.448141,-0.324758,-0.127772,14,1
5.27965,-3.82745,0.341754,38,9
0.510169,-0.36998,-0.122499,30,2
5.32512,-3.86325,0.575576,20,10
10.4091,-7.5543,1.57918,29,11
8.77405,-6.37004,-1.3313,9,4
5.54296,-4.02572,1.08503,14,12
5.46588,-3.97119,-0.59109,6,5
17.0245,-12.3736,4.09094,18,13
5.71854,-4.15781,-0.370539,10,6
17.6792,-12.8588,5.047,19,14
5.51456,-4.01097,-0.119025,56,7
17.2722,-12.5674,5.72352,27,15
5.61899,-4.10195,0.121434,64,8
0.453243,-0.330995,-0.129572,14,1
5.30429,-3.87505,0.344266,49,9
0.518386,-0.378707,-0.124789,14,2
5.20221,-3.80187,0.563723,86,10
4.85734,-3.55113,-0.952999,57,3
10.3316,-7.55607,1.57163,18,11
8.67855,-6.34941,-1.32033,8,4
17.525,-12.8264,3.43968,9,12
5.42143,-3.96789,-0.587778,13,5
17.1824,-12.5802,4.13941,10,13
5.69271,-4.16949,-0.369806,42,6
18.3227,-13.4249,5.24406,38,14
10.3287,-7.57054,-0.22353,100,7
17.2681,-12.6615,5.7375,15,15
0.389134,-0.286056,-0.12941,15,0
5.62719,-4.13812,0.121923,16,8
0.417551,-0.30717,-0.119674,16,1
5.26982,-3.87815,0.342905,45,9
0.520224,-0.382842,-0.125552,29,2
5.70074,-4.19681,0.619329,28,10
4.8465,-3.56924,-0.953312,53,3
10.1006,-7.44138,1.54043,21,11
4.7013,-3.46483,-0.717079,11,4
18.2242,-13.4361,3.5861,8,12
5.36104,-3.9525,-0.582723,10,5
16.5853,-12.2322,4.00584,24,13
5.64759,-4.1668,-0.367817,31,6
17.8226,-13.1544,5.11404,25,14
10.0416,-7.41413,-0.217876,22,7
17.3372,-12.8055,5.77529,10,15
0.465759,-0.344895,-0.155291,12,0
5.06799,-3.75422,0.11009,63,8
0.42587,-0.315588,-0.122373,15,1
5.17122,-3.83349,0.337358,18,9
0.509421,-0.37764,-0.123263,15,2
5.26837,-3.90693,0.573833,75,10
4.03443,-2.99295,-0.795626,40,3
10.0826,-7.48251,1.54165,45,11
4.67164,-3.4682,-0.714398,22,4
23.7928,-17.6701,4.69397,3,12
16.7332,-12.4317,4.05202,28,13
5.63942,-4.19126,-0.368236,17,6
17.9674,-13.3583,5.16893,21,14
10.051,-7.47539,-0.218644,100,7
17.3343,-12.8971,5.78926,7,15
5.06287,-3.77787,0.110264,71,8
0.415396,-0.310078,-0.119674,16,1
9.72509,-7.26207,0.636091,11,9
0.504954,-0.377067,-0.122499,15,2
5.25948,-3.92887,0.574356,78,10
4.09674,-3.06141,-0.810018,38,3
10.058,-7.51884,1.54189,35,11
4.65792,-3.4833,-0.714154,40,4
17.9402,-13.421,3.54856,8,12
5.36363,-4.01251,-0.586035,48,5
16.9066,-12.6524,4.10468,8,13
5.62156,-4.20852,-0.368026,14,6
17.9113,-13.414,5.16623,26,14
10.1912,-7.63512,-0.222274,100,7
18.1858,-13.6295,6.08949,24,15
10.4158,-7.82894,0.22744,37,8
0.423656,-0.318553,-0.122373,15,1
5.50505,-4.14083,0.361013,13,9
0.506773,-0.381188,-0.123263,30,2
10.1173,-7.6129,1.10775,23,10
4.12707,-3.10658,-0.818152,52,3
10.0142,-7.54077,1.53921,28,11
8.47965,-6.38755,-1.30351,9,4
5.45938,-4.11394,-0.598063,28,5
16.9345,-12.7657,4.12224,17,13
5.53667,-4.17521,-0.363421,16,6
16.4548,-12.4131,4.75861,4,14
10.0001,-7.54658,-0.218679,100,7
17.3579,-13.1039,5.82757,21,15
5.06188,-3.83244,0.110823,64,8
0.413221,-0.31297,-0.119674,16,1
5.59882,-4.24204,0.368131,16,9
0.514828,-0.390068,-0.125552,14,2
5.19223,-3.93541,0.569999,31,10
8.13008,-6.16436,-1.61597,10,3
10.1096,-7.66806,1.55798,39,11
9.10567,-6.90908,-1.40345,5,4
5.34501,-4.05708,-0.587081,22,5
17.226,-13.08,4.20429,11,13
5.53478,-4.20417,-0.364258,16,6
17.5549,-13.3394,5.09019,30,14
9.94983,-7.56329,-0.218155,95,7
17.309,-13.1621,5.82653,21,15
5.03575,-3.84038,0.110544,60,8
0.401281,-0.306137,-0.116525,16,1
5.59827,-4.27246,0.369073,33,9
0.50722,-0.387098,-0.124026,14,2
10.1273,-7.73171,1.11472,45,10
8.19015,-6.25505,-1.63224,33,3
10.0923,-7.71053,1.55944,39,11
9.09254,-6.94926,-1.40515,5,4
17.6904,-13.5253,3.52697,22,12
5.3229,-4.06966,-0.58621,12,5
17.2738,-13.2116,4.22718,24,13
5.19173,-3.97225,-0.342591,50,6
17.0564,-13.0548,4.95882,37,14
9.93766,-7.60891,-0.218469,47,7
17.2783,-13.2342,5.83171,13,15
5.14442,-3.95174,0.113231,46,8
0.4033,-0.309911,-0.117424,16,1
10.1944,-7.83657,0.673878,35,9
0.502753,-0.386473,-0.123263,15,2
10.1097,-7.7743,1.11577,45,10
10.0889,-7.76387,1.5631,50,11
9.94909,-7.65907,-1.54165,15,4
17.715,-13.6424,3.54136,8,12
6.98192,-5.37681,-0.77098,24,5
17.1265,-13.1939,4.20238,18,13
5.18257,-3.994,-0.342905,77,6
17.0169,-13.119,4.96062,41,14
13.9093,-10.7271,-0.306604,22,7
17.1922,-13.2637,5.81825,13,15
5.05627,-3.91216,0.111591,79,8
0.439201,-0.339943,-0.128222,14,1
10.1828,-7.88434,0.674925,27,9
0.520029,-0.402649,-0.127842,14,2
10.0526,-7.78636,1.11246,40,10
4.65948,-3.61036,-0.933601,47,3
9.93462,-7.70053,1.54335,14,11
9.95367,-7.71808,-1.54652,19,4
10.2457,-7.95025,-1.13459,21,5
10.0835,-7.82436,2.4809,20,13
5.17491,-4.01697,-0.343324,87,6
16.9341,-13.1496,4.94982,32,14
4.78817,-3.71945,-0.105831,10,7
17.4356,-13.5489,5.9166,16,15
4.95898,-3.86463,0.109741,68,8
0.419569,-0.327096,-0.122823,15,1
10.1426,-7.91,0.674087,37,9
0.506166,-0.394892,-0.124789,14,2
10.0099,-7.81212,1.11089,23,10
8.88449,-6.93633,-1.78523,15,3
9.83101,-7.67531,1.53141,45,11
10.008,-7.81631,-1.5592,22,4
9.9032,-7.73723,1.99047,56,12
9.89765,-7.73568,-1.09903,26,5
16.7965,-13.1323,4.14437,17,13
5.18061,-4.0519,-0.344685,47,6
16.9625,-13.2716,4.97232,38,14
4.78934,-3.74723,-0.106146,41,7
17.4643,-13.6692,5.94249,5,15
5.00298,-3.92848,0.111032,78,8
0.442887,-0.347893,-0.130022,14,1
10.0852,-7.92491,0.672203,46,9
0.507872,-0.399082,-0.125552,14,2
17.0954,-13.4383,1.90244,8,10
5.10713,-4.01603,-1.02903,22,3
9.92295,-7.80579,1.55018,32,11
4.8828,-3.84238,-0.762902,15,4
9.80028,-7.71483,1.97545,56,12
9.88019,-7.78053,-1.10025,2,5
16.8401,-13.2613,4.16651,17,13
5.15388,-4.06007,-0.343847,37,6
17.1824,-13.5406,5.0506,34,14
4.78342,-3.77095,-0.10632,52,7
16.8164,-13.2618,5.73854,20,15
4.86533,-3.84792,0.108275,72,8
0.417218,-0.33009,-0.122823,15,1
5.23549,-4.14365,0.349918,27,9
0.509484,-0.403378,-0.126316,28,2
17.0461,-13.5009,1.90244,4,10
9.05913,-7.1776,-1.8306,15,3
9.88009,-7.82805,1.54774,39,11
4.86002,-3.852,-0.76144,20,4
9.87545,-7.82999,1.9961,49,12
9.43775,-7.48563,-1.05389,11,5
4.64931,-3.69029,-0.311085,50,6
17.3051,-13.7405,5.10144,25,14
4.74987,-3.77146,-0.105866,56,7
17.0454,-13.5391,5.83275,15,15
4.74954,-3.78472,0.106006,71,8
0.403815,-0.3219,-0.119224,16,1
5.21162,-4.15443,0.34929,38,9
0.505003,-0.402706,-0.125552,14,2
16.921,-13.4982,1.89372,4,10
7.97637,-6.36517,-1.61628,6,3
9.6512,-7.70445,1.5163,38,11
4.81241,-3.8417,-0.756077,11,4
9.85886,-7.87304,1.99829,46,12
9.41,-7.51729,-1.05371,19,5
4.64733,-3.71523,-0.311818,68,6
17.127,-13.6919,5.0623,40,14
4.75386,-3.80175,-0.10625,57,7
19.2185,-15.3749,6.59471,7,15
4.72292,-3.78919,0.105692,67,8
0.384507,-0.3086,-0.113825,16,1
5.18536,-4.16169,0.348453,25,9
0.497542,-0.399462,-0.124026,14,2
9.77709,-7.85256,1.09712,9,10
9.68439,-7.78367,1.52556,49,11
4.79191,-3.85142,-0.754859,33,4
9.78189,-7.86485,1.98797,35,12
4.50699,-3.625,-0.506026,10,5
4.63187,-3.72811,-0.311608,56,6
17.2151,-13.8562,5.10189,30,14
4.74901,-3.82376,-0.106425,100,7
17.2567,-13.8996,5.93731,16,15
5.06812,-4.09384,0.11372,55,8
0.398639,-0.322121,-0.118324,16,1
9.71545,-7.85058,0.654618,42,9
0.499268,-0.403578,-0.124789,14,2
9.74945,-7.88368,1.09694,45,10
4.03149,-3.26114,-0.821281,45,3
9.48107,-7.67214,1.49753,52,11
4.81152,-3.89351,-0.759977,54,4
4.62655,-3.74651,-0.520843,15,5
5.70879,-4.62619,-0.385088,31,6
17.2342,-13.9659,5.12124,20,14
4.67417,-3.78912,-0.105029,97,7
17.0305,-13.8107,5.87519,13,15
0.374748,-0.304658,-0.12941,15,0
5.04365,-4.10179,0.113476,70,8
0.442919,-0.360336,-0.131821,14,1
0.497927,-0.405232,-0.124789,14,2
3.9502,-3.21711,-0.806889,30,3
9.61101,-7.83017,1.52215,28,11
4.89092,-3.98467,-0.774602,33,4
17.0535,-13.8985,3.48442,2,12
17.6849,-14.4235,4.43593,10,13
5.00166,-4.08071,-0.3383,48,6
17.2527,-14.076,5.14058,20,14
4.60891,-3.76161,-0.103842,85,7
16.82,-13.7327,5.81825,13,15
4.74726,-3.89251,0.107158,48,8
0.3812,-0.312676,-0.113825,16,1
4.87978,-4.00259,0.330763,19,9
0.48719,-0.399755,-0.122499,15,2
22.1733,-18.2004,2.50974,7,10
7.09438,-5.82532,-1.4539,6,3
9.41077,-7.73009,1.49534,14,11
4.73922,-3.89422,-0.753153,54,4
17.4111,-14.3068,3.56921,17,12
4.38964,-3.60826,-0.497136,60,5
9.77181,-8.03523,2.45915,24,13
5.02689,-4.13501,-0.341126,37,6
17.2854,-14.2236,5.16803,26,14
4.60458,-3.78898,-0.104086,65,7
16.7647,-13.8001,5.81825,13,15
4.78213,-3.9477,0.10824,64,8
0.410214,-0.338756,-0.122823,15,1
4.88733,-4.03741,0.332229,48,9
0.488818,-0.403955,-0.123263,15,2
9.65742,-7.98364,1.09624,35,10
5.02575,-4.15471,-1.03278,27,3
19.5656,-16.1804,3.11742,8,11
4.67274,-3.86563,-0.744622,55,4
9.55712,-7.90915,1.96482,14,12
4.40157,-3.64389,-0.499925,42,5
22.1866,-18.3674,5.59872,20,13
4.94085,-4.09179,-0.336206,39,6
17.5923,-14.5743,5.2742,28,14
4.61288,-3.82289,-0.104575,100,7
17.2994,-14.3419,6.02117,23,15
0.37143,-0.308696,-0.12941,15,0
4.64531,-3.86209,0.105447,57,8
0.388053,-0.32274,-0.116525,16,1
4.85632,-4.04039,0.331077,49,9
0.49955,-0.415618,-0.126316,14,2
9.63702,-8.02072,1.09694,38,10
4.06241,-3.38227,-0.837237,11,3
10.055,-8.37455,1.60673,18,11
4.6638,-3.88573,-0.745353,58,4
17.5035,-14.5886,3.60894,12,12
4.49507,-3.74648,-0.511953,45,5
19.3599,-16.1415,4.89959,15,13
4.72868,-3.94398,-0.322704,52,6
18.6964,-15.5994,5.62153,26,14
4.5688,-3.81334,-0.103877,100,7
16.8993,-14.11,5.899,16,15
4.62107,-3.8693,0.105203,72,8
0.407839,-0.341611,-0.122823,15,1
4.80851,-4.0291,0.328775,58,9
0.483047,-0.404751,-0.122499,15,2
9.60744,-8.05303,1.09677,47,10
4.07631,-3.41801,-0.842556,27,3
4.70951,-3.95175,-0.754859,51,4
18.4965,-15.5259,3.82482,4,12
5.13969,-4.31424,-0.587081,50,5
19.0358,-15.9843,4.83167,15,13
4.62007,-3.88082,-0.316214,32,6
17.0888,-14.3595,5.15318,21,14
4.55852,-3.83184,-0.103947,100,7
16.8248,-14.1477,5.8902,8,15
4.63352,-3.90732,0.105796,85,8
0.406644,-0.343033,-0.122823,15,1
4.84326,-4.08708,0.332124,57,9
0.490634,-0.414031,-0.124789,14,2
8.18455,-6.91159,-1.69669,55,3
4.69183,-3.9635,0.754128,27,11
4.78818,-4.04632,-0.769727,29,4
18.4045,-15.5585,3.817,9,12
4.49249,-3.79914,-0.514742,46,5
18.9469,-16.0227,4.82327,15,13
4.64156,-3.92659,-0.318621,52,6
17.043,-14.4229,5.15453,15,14
4.56954,-3.8684,-0.104505,95,7
17.651,-14.948,6.19768,28,15
4.65339,-3.95195,0.106564,99,8
0.375741,-0.319216,-0.113825,16,1
4.82592,-4.10138,0.331915,57,9
0.489113,-0.415827,-0.124789,14,2
21.3272,-18.138,2.44942,27,10
8.14111,-6.92618,-1.69293,22,3
4.68704,-3.98757,0.75559,27,11
4.80728,-4.09132,-0.775089,22,4
4.36089,-3.71403,-0.501146,56,5
19.0838,-16.2589,4.87326,15,13
4.57394,-3.89823,-0.314958,65,6
18.5931,-15.8519,5.64087,39,14
4.55905,-3.88692,-0.104575,95,7
17.5517,-14.9694,6.18112,25,15
4.72548,-4.04308,0.108554,78,8
0.404179,-0.345934,-0.122823,15,1
4.85334,-4.15541,0.334845,13,9
0.496607,-0.425193,-0.127079,14,2
25.0922,-21.4914,2.89043,35,10
4.05469,-3.47406,-0.845685,15,3
4.66486,-3.99827,0.754371,5,11
4.68375,-4.01588,-0.75754,45,4
4.39866,-3.7741,-0.507072,53,5
18.8392,-16.1643,4.82518,34,13
4.53151,-3.88946,-0.312969,56,6
16.8684,-14.4835,5.13293,25,14
4.54781,-3.90621,-0.104645,95,7
16.3948,-14.0868,5.79185,21,15
4.82495,-4.15745,0.111172,49,8
0.420682,-0.36261,-0.128222,14,1
0.471259,-0.406493,-0.120973,15,2
17.5373,-15.1325,2.02655,9,10
4.01651,-3.46696,-0.840366,36,3
22.1168,-19.0907,3.58735,11,11
4.67271,-4.0348,-0.758027,48,4
4.56787,-3.94705,-0.528164,48,5
18.8615,-16.3038,4.84617,15,13
4.48096,-3.87469,-0.310457,59,6
16.8108,-14.5414,5.13158,41,14
4.55381,-3.93907,-0.105098,87,7
16.3485,-14.1465,5.79289,5,15
0.401693,-0.348817,-0.122823,15,1
4.76769,-4.14157,0.330973,45,9
0.481694,-0.418435,-0.124026,14,2
17.5987,-15.2929,2.03979,5,10
7.08147,-6.15583,-1.48613,17,3
4.64212,-4.03676,0.755346,22,11
4.69084,-4.08056,-0.76339,38,4
4.70592,-4.09512,0.98804,56,12
4.5736,-3.97998,-0.53043,20,5
18.9881,-16.5294,4.89349,15,13
4.38607,-3.81948,-0.304805,56,6
18.9184,-16.4804,5.79249,21,14
4.59361,-4.00303,-0.106355,57,7
21.3889,-18.6456,7.60307,5,15
4.62044,-4.0392,0.107123,11,8
0.400473,-0.350217,-0.122823,15,1
4.73516,-4.1424,0.329717,60,9
0.47432,-0.414944,-0.122499,15,2
18.8046,-16.4564,2.18621,22,10
5.06829,-4.43696,-1.06688,5,3
4.61755,-4.04378,0.75364,27,11
4.5417,-3.98016,-0.528338,53,5
18.0254,-15.8023,4.65956,5,13
4.39374,-3.8532,-0.30627,53,6
18.8256,-16.5155,5.78169,7,14
7.04602,-6.18355,-0.163634,8,7
21.4355,-18.8183,7.64293,10,15
5.20668,-4.58385,0.121085,60,8
0.399248,-0.351613,-0.122823,15,1
4.73266,-4.16947,0.330554,72,9
0.490546,-0.43217,-0.127079,14,2
19.0669,-16.8039,2.22352,5,10
5.07204,-4.4716,-1.07095,23,3
4.54832,-4.01129,0.744622,67,11
5.08946,-4.49012,-0.833343,29,4
4.53077,-3.99863,-0.528687,13,5
19.2402,-16.9864,4.98889,29,13
4.44463,-3.92537,-0.310771,31,6
20.9132,-18.4765,6.4426,9,14
7.15325,-6.32199,-0.166636,17,7
21.8415,-19.3101,7.81168,27,15
4.95573,-4.39372,0.115605,15,8
0.380523,-0.337488,-0.117424,16,1
4.73601,-4.20187,0.33181,49,9
0.465538,-0.413033,-0.120973,15,2
18.4315,-16.3585,2.15606,22,10
6.79357,-6.03161,-1.43888,47,3
9.30312,-8.26551,-1.528,7,4
18.155,-16.1358,3.84704,9,12
4.46913,-3.97206,-0.523109,61,5
18.4809,-16.4312,4.80686,6,13
6.53368,-5.81107,-0.458254,36,6
21.412,-19.0506,6.61671,9,14
6.89513,-6.13686,-0.161121,100,7
18.4597,-16.4355,6.62266,7,15
0.396783,-0.354392,-0.122823,15,1
4.7794,-4.27027,0.335892,36,9
0.475805,-0.42512,-0.124026,14,2
18.5808,-16.6073,2.18029,22,10
6.51329,-5.82356,-1.38382,15,3
21.4469,-19.1825,3.53299,11,11
7.04183,-6.30055,-1.1602,66,4
18.0397,-16.1463,3.83452,19,12
4.45008,-3.98443,-0.522586,62,5
17.6746,-15.8251,4.61147,2,13
4.46919,-4.00294,-0.314434,6,6
18.0116,-16.1382,5.58329,6,14
18.4109,-16.5075,6.62577,15,15
4.35095,-3.91212,0.102131,20,8
0.37526,-0.33753,-0.116525,16,1
4.89957,-4.4085,0.345417,47,9
0.453815,-0.408473,-0.118683,15,2
4.56479,-4.11016,0.537402,48,10
6.23211,-5.61339,-1.32844,6,3
4.61079,-4.15303,0.761927,27,11
5.30614,-4.78103,-0.876972,14,4
17.8057,-16.0492,3.79666,11,12
4.4761,-4.03596,-0.527292,26,5
17.3001,-15.6045,4.52866,13,13
4.46339,-4.02732,-0.315062,48,6
17.867,-16.1271,5.55674,25,14
4.65962,-4.20586,-0.109566,44,7
21.4273,-19.3475,7.73558,5,15
4.31139,-3.90522,0.101538,53,8
0.394237,-0.357222,-0.122823,15,1
4.82419,-4.37277,0.34123,26,9
0.461114,-0.417966,-0.120973,15,2
4.53123,-4.10867,0.535136,67,10
4.01924,-3.6457,-0.859451,33,3
4.48822,-4.07252,0.744134,27,11
4.70945,-4.27477,-0.780939,11,4
17.1409,-15.5697,4.50118,18,13
4.26157,-3.8723,-0.301769,66,6
17.8553,-16.23,5.57069,26,14
4.63086,-4.2108,-0.109252,86,7
18.2808,-16.6285,6.62163,3,15
4.29921,-3.92159,0.101573,61,8
0.364198,-0.332325,-0.113825,16,1
4.56993,-4.17145,0.324274,118,9
0.448052,-0.408984,-0.11792,16,2
4.54923,-4.15402,0.538971,65,10
4.01086,-3.6637,-0.86039,28,3
4.48863,-4.10155,0.746572,100,11
8.31795,-7.60332,-1.3837,9,4
4.73055,-4.32565,1.01526,91,12
4.35224,-3.97972,-0.515962,15,5
17.1053,-15.6467,4.50615,10,13
4.24361,-3.88311,-0.301455,72,6
17.6735,-16.1777,5.53155,25,14
4.61318,-4.22424,-0.109182,86,7
18.18,-16.653,6.6061,15,15
0.355736,-0.326658,-0.12941,15,0
4.52701,-4.15843,0.107297,61,8
0.391734,-0.359965,-0.122823,15,1
4.48329,-4.12115,0.319145,50,9
0.472639,-0.434461,-0.124789,14,2
4.54057,-4.17527,0.539668,39,10
6.69782,-6.16112,-1.44139,47,3
4.44799,-4.093,0.742184,65,11
4.69848,-4.32502,-0.784107,5,4
4.71833,-4.34481,1.01589,34,12
4.27823,-3.93955,-0.508815,30,5
17.0304,-15.6877,4.5008,10,13
4.2359,-3.90331,-0.301874,66,6
17.2157,-15.8695,5.40557,30,14
4.63957,-4.27827,-0.11016,66,7
18.1402,-16.7334,6.61283,7,15
4.50953,-4.17149,0.107228,94,8
0.390475,-0.361331,-0.122823,15,1
4.46887,-4.13678,0.319145,66,9
0.479763,-0.44411,-0.127079,14,2
4.51281,-4.17891,0.5381,82,10
6.22848,-5.76966,-1.34471,18,3
4.53414,-4.2016,0.759002,95,11
4.61348,-4.27662,-0.772408,28,4
4.23085,-3.9233,-0.504806,41,5
16.905,-15.6816,4.4821,28,13
4.23836,-3.93301,-0.303025,48,6
17.3073,-16.066,5.45191,6,14
4.59823,-4.26995,-0.109531,55,7
18.093,-16.8071,6.61697,15,15
4.29595,-4.00184,0.102481,41,8
0.360698,-0.336121,-0.113825,16,1
4.4062,-4.10741,0.315691,52,9
0.466722,-0.435073,-0.124026,14,2
4.52588,-4.22045,0.541411,37,10
4.19617,-3.91436,-0.908884,7,3
4.56589,-4.26074,0.766802,67,11
4.26477,-3.98114,-0.716348,30,4
17.6384,-16.4711,3.82232,2,12
4.18733,-3.91158,-0.50132,33,5
16.8932,-15.7807,4.49355,28,13
4.23044,-3.95324,-0.303444,60,6
17.4789,-16.3393,5.5239,37,14
4.12321,-3.85574,-0.0985363,54,7
17.8085,-16.659,6.53415,18,15
4.06465,-3.81296,0.0972797,57,8
0.387943,-0.364048,-0.122823,15,1
4.43261,-4.16104,0.318621,72,9
0.462262,-0.434093,-0.123263,15,2
4.57282,-4.29567,0.548907,82,10
6.21151,-5.83708,-1.35003,2,3
4.5481,-4.27394,0.766314,77,11
4.61533,-4.33863,-0.77777,12,4
4.59918,-4.32497,0.999929,13,12
4.16494,-3.91798,-0.500274,56,5
16.688,-15.704,4.45425,20,13
4.2261,-3.9783,-0.304177,50,6
17.7409,-16.7065,5.62603,26,14
4.11555,-3.87559,-0.0986759,83,7
17.5983,-16.578,6.47824,14,15
4.15529,-3.92672,0.0997929,16,8
0.386606,-0.365467,-0.122823,15,1
4.33896,-4.10315,0.312969,28,9
0.480714,-0.454589,-0.128605,14,2
4.51872,-4.27464,0.5442,76,10
4.16231,-3.93885,-0.907633,53,3
4.5843,-4.3397,0.775089,82,11
4.18428,-3.96242,-0.707573,33,4
18.3762,-17.4079,4.0091,10,12
4.17872,-3.95853,-0.503586,31,5
16.7228,-15.8472,4.47829,26,13
4.19045,-3.97242,-0.302607,75,6
17.8593,-16.936,5.68226,6,14
4.10422,-3.8934,-0.0987457,64,7
17.3889,-16.5015,6.42337,21,15
4.04595,-3.85022,0.0974891,38,8
0.385328,-0.366815,-0.122823,15,1
4.25085,-4.04803,0.307631,34,9
0.456376,-0.434601,-0.122499,15,2
4.4504,-4.23954,0.537751,61,10
4.16284,-3.96699,-0.910762,65,3
4.60504,-4.38992,0.781183,30,11
4.17761,-3.98385,-0.708792,62,4
18.2882,-17.4461,4.00316,13,12
5.22015,-4.97978,-0.631182,33,5
16.7327,-15.9678,4.49584,21,13
4.18089,-3.99116,-0.302921,81,6
17.7733,-16.9726,5.67372,20,14
4.08193,-3.89942,-0.0985363,58,7
17.4346,-16.6608,6.46168,21,15
4.03826,-3.86985,0.0976288,41,8
0.384045,-0.368157,-0.122823,15,1
4.23958,-4.06561,0.30784,38,9
0.449189,-0.430756,-0.120973,15,2
4.34787,-4.17091,0.527118,39,10
4.17889,-4.01022,-0.917332,15,3
4.68993,-4.5022,0.798244,20,11
4.18659,-4.02041,-0.712692,53,4
18.4679,-17.7411,4.05603,10,12
5.06911,-4.8696,-0.614971,17,5
19.1938,-18.4448,5.17436,17,13
4.17413,-4.01265,-0.303444,21,6
19.2604,-18.5218,6.16906,24,14
4.06541,-3.91087,-0.0984665,58,7
17.3332,-16.6801,6.44563,14,15
0.34759,-0.335312,-0.12941,15,0
4.17726,-4.03111,0.101329,64,8
0.382758,-0.369496,-0.122823,15,1
4.33167,-4.18305,0.315586,54,9
0.447682,-0.432322,-0.120973,15,2
5.38933,-5.20805,-1.18702,43,3
4.59855,-4.44542,0.785326,20,11
4.21676,-4.07778,-0.720248,37,4
18.4513,-17.8494,4.06604,10,12
3.93226,-3.80398,-0.478659,13,5
16.6857,-16.147,4.5134,10,13
4.7628,-4.61065,-0.347406,30,6
19.1424,-18.5374,6.15196,16,14
4.06035,-3.93338,-0.0986759,78,7
17.2499,-16.7163,6.43631,14,15
3.95015,-3.83733,0.0961279,37,8
0.38153,-0.370763,-0.122823,15,1
4.36074,-4.23916,0.318726,55,9
0.464547,-0.451594,-0.125934,14,2
4.69075,-4.56156,0.572439,54,10
5.11858,-4.97934,-1.13102,10,3
4.59374,-4.47034,0.787032,92,11
4.20606,-4.09451,-0.720735,23,4
18.5647,-18.0786,4.10422,11,12
3.91896,-3.81768,-0.478659,37,5
16.663,-16.2324,4.52179,13,13
17.8501,-17.401,5.75515,7,14
4.0387,-3.93845,-0.0984665,58,7
17.4488,-17.0216,6.53156,14,15
3.89385,-3.80915,0.0950807,74,8
0.360735,-0.353011,-0.116525,16,1
4.30881,-4.21803,0.316005,39,9
0.451667,-0.442305,-0.122881,15,2
4.57102,-4.4794,0.785814,67,11
4.38737,-4.30093,-0.754371,34,4
4.57953,-4.49087,1.01589,4,12
3.91272,-3.83832,-0.479531,47,5
17.0098,-16.6922,4.63246,16,13
4.17607,-4.09951,-0.306689,34,6
18.2367,-17.9086,5.90092,22,14
4.02921,-3.95673,-0.0985712,31,7
17.4719,-17.1636,6.56262,14,15
3.88556,-3.82901,0.0952203,88,8
0.406623,-0.400845,-0.131821,14,1
4.47328,-4.40971,0.329193,105,9
0.447324,-0.441122,-0.122118,15,2
4.91269,-4.84795,-1.09316,100,3
4.59978,-4.54075,0.793613,67,11
4.18937,-4.13705,-0.722929,7,4
3.9078,-3.86035,-0.480577,52,5
19.6326,-19.401,5.36517,18,13
19.2327,-19.0191,6.24464,8,14
4.56421,-4.51351,-0.112044,11,7
17.2348,-17.0493,6.49584,14,15
3.87568,-3.84469,0.0952901,78,8
0.377627,-0.374738,-0.122823,15,1
4.63362,-4.59978,0.342173,68,9
0.420707,-0.41778,-0.115249,16,2
4.96985,-4.937,0.612879,65,10
5.23293,-5.19834,-1.16825,21,3
4.58892,-4.56017,0.794344,65,11
4.62754,-4.60016,-0.801169,44,4
3.89007,-3.86975,-0.480054,46,5
16.7538,-16.6663,4.59354,13,13
7.744,-7.70625,-0.572555,13,6
19.1668,-19.08,6.24374,8,14
4.57677,-4.55764,-0.112743,69,7
17.0301,-16.9648,6.44097,14,15
4.06171,-4.05746,0.100212,31,8
0.376316,-0.376054,-0.122823,15,1
4.6246,-4.62298,0.342696,108,9
0.433128,-0.433128,-0.119065,15,2
4.63647,-4.63647,0.573659,15,10
4.5458,-4.54738,-1.01839,47,3
4.65074,-4.65561,-0.807994,57,4
22.4379,-22.4693,5.02937,4,12
3.95395,-3.96086,-0.489641,31,5
16.7772,-16.8124,4.61681,11,13
4.79164,-4.80336,-0.355571,27,6
16.6338,-16.6744,5.43752,6,14
3.95225,-3.9633,-0.0976986,27,7
16.9189,-16.9721,6.4213,7,15
4.25684,-4.28367,0.105413,37,8
0.374936,-0.377431,-0.122823,15,1
4.6414,-4.67391,0.345208,58,9
0.448135,-0.451432,-0.123644,14,2
4.63769,-4.67181,0.575925,43,10
4.23133,-4.26395,-0.951435,28,3
19.6465,-19.8048,3.42526,10,11
4.14442,-4.17928,-0.722685,23,4
18.4448,-18.6064,4.14958,5,12
3.8763,-3.91164,-0.481797,61,5
16.7252,-16.8835,4.61949,5,13
4.02213,-4.06164,-0.299571,12,6
17.5461,-17.7184,5.75695,7,14
3.94755,-3.98771,-0.0979429,49,7
16.6691,-16.8445,6.34987,20,15
4.14842,-4.20529,0.103109,85,8
0.37355,-0.378802,-0.122823,15,1
4.21762,-4.27841,0.314853,15,9
0.454826,-0.461383,-0.125934,14,2
4.61075,-4.67884,0.574705,15,10
4.70781,-4.77901,-1.0625,50,3
19.6657,-19.9701,3.44135,10,11
4.53571,-4.60753,-0.793857,24,4
19.1496,-19.4596,4.32416,6,12
3.8738,-3.93651,-0.483191,65,5
16.4995,-16.7725,4.57331,22,13
4.00233,-4.06996,-0.299152,33,6
16.4974,-16.782,5.43302,6,14
3.96234,-4.0321,-0.0986759,60,7
16.591,-16.889,6.34365,16,15
4.07774,-4.1626,0.101713,60,8
0.372225,-0.380104,-0.122823,15,1
0.433986,-0.443326,-0.120591,15,2
4.58881,-4.68921,0.574008,7,10
4.76845,-4.87449,-1.08002,41,3
19.0435,-19.4737,3.34434,10,11
4.12412,-4.21877,-0.724391,54,4
16.203,-16.5806,3.67183,9,12
3.87396,-3.96426,-0.484935,62,5
16.4669,-16.8566,4.58056,13,13
17.4297,-17.8547,5.76055,7,14
3.94824,-4.04591,-0.0986759,64,7
16.6425,-17.0602,6.3861,16,15
3.79547,-3.9016,0.0950109,45,8
0.370896,-0.381401,-0.122823,15,1
4.14031,-4.25906,0.311294,105,9
0.437909,-0.450469,-0.122118,15,2
4.61546,-4.7495,0.579411,41,10
4.74453,-4.88402,-1.07846,27,3
15.9993,-16.4754,2.81981,14,11
4.09554,-4.2189,-0.721954,40,4
16.0611,-16.5506,3.65275,21,12
3.8275,-3.94554,-0.480925,31,5
16.4094,-16.9154,4.58094,22,13
3.99745,-4.12217,-0.300932,18,6
15.5592,-16.0503,5.16083,26,14
3.97723,-4.10418,-0.099758,74,7
16.8006,-17.343,6.46996,17,15
3.7721,-3.90476,0.0947666,77,8
0.369563,-0.382693,-0.122823,15,1
4.11848,-4.2663,0.310771,40,9
0.417169,-0.432293,-0.116775,16,2
4.50257,-4.66744,0.567384,28,10
5.32856,-5.5256,-1.21581,60,3
18.7968,-19.4919,3.32484,10,11
4.08768,-4.24031,-0.723173,34,4
15.8908,-16.4899,3.62709,12,12
3.71418,-3.85556,-0.468375,38,5
18.9851,-19.7147,5.32014,7,13
3.98093,-4.13536,-0.300827,24,6
15.526,-16.1339,5.16938,42,14
3.98368,-4.13966,-0.100282,85,7
16.5686,-17.2233,6.4037,7,15
3.77022,-3.93155,0.0950807,75,8
0.368157,-0.384045,-0.122823,15,1
4.10835,-4.28714,0.31119,38,9
0.415658,-0.433747,-0.116775,16,2
4.43388,-4.62846,0.56076,35,10
5.19584,-5.42575,-1.18984,22,3
16.4273,-17.1602,2.91682,31,11
15.8357,-16.5538,3.62834,21,12
3.79022,-3.96209,-0.479705,38,5
16.2906,-17.0353,4.58171,11,13
3.9927,-4.17666,-0.302816,27,6
15.4669,-16.1852,5.16848,42,14
3.94776,-4.13254,-0.099758,50,7
15.462,-16.1914,5.99891,17,15
4.04193,-4.24445,0.102306,52,8
0.348004,-0.365567,-0.116525,16,1
4.16495,-4.37669,0.316633,20,9
0.433089,-0.455106,-0.122118,15,2
4.4328,-4.65978,0.562677,67,10
5.17279,-5.43956,-1.1889,27,3
18.6678,-19.6374,3.32679,20,11
4.05586,-4.26802,-0.722929,48,4
15.9343,-16.7736,3.66432,9,12
3.76265,-3.96085,-0.477962,61,5
16.4622,-17.3355,4.64696,8,13
3.98084,-4.19347,-0.303025,27,6
15.4277,-16.2574,5.17432,42,14
3.94157,-4.155,-0.0999674,4,7
15.4825,-16.3265,6.02893,11,15
4.25655,-4.50117,0.108135,16,8
0.365467,-0.386606,-0.122823,15,1
4.1806,-4.42241,0.318935,112,9
0.436891,-0.462323,-0.123644,14,2
4.4384,-4.6984,0.565466,54,10
5.13342,-5.43604,-1.18421,62,3
15.9133,-16.8573,2.84638,14,11
4.03277,-4.27349,-0.721467,45,4
15.9111,-16.8609,3.67183,18,12
3.72829,-3.95222,-0.475347,52,5
18.6631,-19.791,5.2877,15,13
4.54022,-4.81627,-0.346883,43,6
15.7077,-16.6686,5.2877,28,14
3.97303,-4.21607,-0.101119,23,7
15.5859,-16.5451,6.09053,3,15
0.364183,-0.387816,-0.122823,15,1
4.27996,-4.55929,0.327728,75,9
0.429901,-0.458118,-0.122118,15,2
4.45469,-4.74874,0.56965,16,10
5.06671,-5.40117,-1.17295,48,3
18.6097,-19.8451,3.34044,10,11
4.02265,-4.29118,-0.722198,47,4
15.863,-16.9278,3.67433,11,12
3.72537,-3.97684,-0.476742,55,5
16.2338,-17.3296,4.61567,13,13
3.99726,-4.26858,-0.306479,9,6
15.4805,-16.537,5.22966,38,14
3.98151,-4.25474,-0.101713,34,7
15.503,-16.5726,6.0807,21,15
3.94482,-4.22882,0.100945,37,8
0.362827,-0.389085,-0.122823,15,1
4.26402,-4.5742,0.327728,33,9
0.423025,-0.453797,-0.120591,15,2
4.39274,-4.71393,0.563723,1,10
5.07207,-5.44484,-1.17858,56,3
18.6283,-20.0044,3.35628,51,11
4.42964,-4.75853,-0.798244,35,4
15.8643,-17.0482,3.68841,11,12
3.7203,-3.99792,-0.477788,55,5
15.7426,-16.9233,4.49279,13,13
3.95785,-4.25618,-0.304595,15,6
15.4718,-16.6438,5.24631,27,14
7.03078,-7.56602,-0.180283,36,7
15.6028,-16.7965,6.14281,18,15
4.31733,-4.66066,0.110893,71,8
0.361467,-0.390349,-0.122823,15,1
4.26431,-4.60665,0.328984,29,9
0.421438,-0.455271,-0.120591,15,2
4.99061,-5.39314,0.642861,43,10
5.08254,-5.49441,-1.18546,47,3
18.6675,-20.1873,3.37602,20,11
4.51272,-4.88183,-0.816281,29,4
15.8409,-17.1426,3.69686,18,12
3.71173,-4.01674,-0.478485,50,5
15.7847,-17.0878,4.52179,15,13
3.95923,-4.28757,-0.305851,18,6
15.8762,-17.1989,5.40377,24,14
4.51992,-4.89819,-0.116338,24,7
15.5572,-16.865,6.14799,18,15
4.23876,-4.608,0.109287,100,8
0.360102,-0.391608,-0.122823,15,1
4.29416,-4.6715,0.332543,30,9
0.426489,-0.463966,-0.122499,15,2
4.05173,-4.41086,-0.948619,12,3
18.3176,-19.9482,3.32533,10,11
4.73459,-5.15786,-0.859666,33,4
15.8785,-17.3041,3.7197,2,12
3.70372,-4.03766,-0.479357,37,5
15.8816,-17.3135,4.56682,13,13
3.92129,-4.27634,-0.304072,40,6
15.1643,-16.5431,5.18107,42,14
4.63519,-5.05843,-0.119758,68,7
15.5034,-16.9249,6.15006,31,15
4.22534,-4.62572,0.109357,94,8
0.358733,-0.392863,-0.122823,15,1
4.94165,-5.4137,0.384146,47,9
0.419493,-0.459725,-0.120973,15,2
4.29665,-4.71038,0.557797,97,10
5.07104,-5.56129,-1.19203,43,3
18.1436,-19.8976,3.30632,20,11
4.52934,-4.96896,-0.825543,42,4
6.75481,-7.41304,1.58844,14,12
3.6574,-4.01521,-0.475173,56,5
15.8167,-17.3701,4.56644,2,13
3.90694,-4.29216,-0.304177,50,6
15.8655,-17.436,5.44247,30,14
3.98766,-4.38239,-0.103423,25,7
15.4364,-16.9704,6.14695,15,15
4.25403,-4.69154,0.110544,85,8
0.341586,-0.376849,-0.117424,16,1
0.417885,-0.461187,-0.120973,15,2
4.22802,-4.66776,0.550999,80,10
5.07944,-5.60971,-1.1986,50,3
18.4742,-20.4099,3.38017,41,11
4.6616,-5.15186,-0.853086,36,4
6.73025,-7.44068,1.58906,44,12
3.6701,-4.0575,-0.478659,47,5
15.8521,-17.5315,4.5943,8,13
3.91604,-4.33244,-0.306061,12,6
18.0583,-19.9855,6.21855,33,14
3.9689,-4.394,-0.103353,95,7
15.6771,-17.3624,6.26808,16,15
4.31925,-4.79701,0.112673,88,8
0.355913,-0.39542,-0.122823,15,1
4.01173,-4.45861,0.31433,31,9
0.421526,-0.46848,-0.122499,15,2
4.12109,-4.58176,0.539145,18,10
5.08625,-5.65679,-1.20486,50,3
18.4055,-20.4772,3.38066,10,11
4.56797,-5.08394,-0.839192,13,4
3.69053,-4.10883,-0.483191,43,5
16.0387,-17.8628,4.66643,11,13
3.87287,-4.31487,-0.303863,34,6
15.9894,-17.8205,5.5275,25,14
3.95754,-4.4123,-0.103458,60,7
15.6744,-17.4817,6.29137,13,15
4.36112,-4.87765,0.114209,78,8
0.35453,-0.39666,-0.122823,15,1
4.01744,-4.49642,0.316005,27,9
0.42512,-0.475805,-0.124026,14,2
4.11569,-4.608,0.54054,16,10
5.74007,-6.42895,-1.36505,60,3
4.062,-4.55109,0.749009,5,11
4.59777,-5.15318,-0.847967,14,4
15.5074,-17.3868,3.68998,9,12
3.68472,-4.13274,-0.484412,47,5
15.6666,-17.5714,4.57598,19,13
3.88171,-4.35521,-0.305747,25,6
15.8662,-17.8078,5.50635,50,14
3.96073,-4.44699,-0.103947,65,7
15.7276,-17.6647,6.33744,16,15
4.86849,-5.48352,0.127996,23,8
0.353143,-0.397895,-0.122823,15,1
4.00304,-4.51191,0.316109,15,9
0.410347,-0.462672,-0.12021,15,2
4.16222,-4.69462,0.548907,43,10
3.91492,-4.41724,-0.934852,33,3
18.1817,-20.5146,3.36579,61,11
4.61793,-5.21228,-0.855035,11,4
15.4715,-17.4689,3.69592,22,12
3.74291,-4.22762,-0.493999,38,5
17.7672,-20.0751,5.21099,25,13
3.84455,-4.34547,-0.304072,25,6
17.6637,-19.9722,6.15556,32,14
4.12271,-4.66151,-0.108624,59,7
17.9717,-20.3276,7.27023,14,15
8.94971,-10.155,0.236271,8,8
0.351683,-0.399186,-0.122823,15,1
3.96404,-4.50107,0.31433,9,9
0.408729,-0.464102,-0.12021,15,2
4.17872,-4.7465,0.553265,67,10
6.53567,-7.42632,-1.56685,57,3
18.21,-20.6989,3.38504,62,11
3.92497,-4.46298,-0.729754,13,4
20.6714,-23.5132,4.95866,7,12
3.77474,-4.29519,-0.500274,51,5
17.6244,-20.0544,5.18962,10,13
3.8254,-4.35436,-0.303758,21,6
17.5875,-20.0265,6.15331,32,14
3.87472,-4.41361,-0.102515,39,7
17.9009,-20.3977,7.27178,19,15
8.84441,-10.1064,0.234421,5,8
0.350287,-0.400412,-0.122823,15,1
3.95356,-4.52089,0.314748,38,9
0.396688,-0.453772,-0.117157,16,2
6.77423,-7.75178,0.900667,34,10
6.50971,-7.45171,-1.56716,53,3
18.024,-20.6322,3.36384,20,11
3.89762,-4.4632,-0.72756,30,4
18.2898,-20.9512,4.40488,15,12
3.73353,-4.27832,-0.496788,60,5
15.4445,-17.7044,4.56682,13,13
3.80416,-4.36233,-0.303339,33,6
17.4602,-20.0291,6.13442,65,14
3.81724,-4.37887,-0.101398,85,7
15.5818,-17.8807,6.35504,16,15
3.93628,-4.52976,0.104749,31,8
0.348887,-0.401632,-0.122823,15,1
0.413202,-0.475838,-0.122499,15,2
6.46295,-7.4479,-1.56184,36,3
18.1808,-20.9589,3.40674,42,11
3.88201,-4.47678,-0.72756,29,4
3.7812,-4.3636,-0.505155,25,5
15.2559,-17.6057,4.52828,28,13
3.79491,-4.38096,-0.303758,15,6
17.3426,-20.0279,6.11642,64,14
3.79146,-4.38007,-0.101119,85,7
17.8933,-20.6785,7.32717,19,15
5.94925,-6.8947,0.158957,12,8
0.347483,-0.402847,-0.122823,15,1
18.287,-21.2081,1.4676,10,9
0.42171,-0.489246,-0.125552,14,2
4.12015,-4.78167,0.552219,15,10
9.9061,-11.5007,-2.40409,14,3
18.1451,-21.0659,3.4138,52,11
3.88968,-4.51738,-0.731947,45,4
6.55543,-7.61601,1.59156,39,12
3.74645,-4.35411,-0.50254,12,5
15.1593,-17.6243,4.51874,13,13
3.77883,-4.39484,-0.303758,25,6
17.3872,-20.2288,6.15826,32,14
3.77354,-4.39025,-0.101049,85,7
17.8537,-20.7789,7.34063,23,15
0.346004,-0.404118,-0.122823,15,1
4.07097,-4.75472,0.328042,3,9
0.432766,-0.50563,-0.129368,13,2
3.87676,-4.53109,0.521714,3,10
5.72386,-6.69232,-1.39477,6,3
18.0781,-21.1443,3.41575,31,11
3.85891,-4.51501,-0.729266,36,4
6.53907,-7.65086,1.59407,52,12
25.1181,-29.4095,7.51787,15,13
3.70121,-4.33509,-0.298734,18,6
24.9526,-29.2364,8.87387,13,14
3.76858,-4.41556,-0.101329,52,7
15.3561,-17.9988,6.33951,30,15
3.90806,-4.59358,0.105273,92,8
0.344662,-0.405263,-0.122823,15,1
18.0751,-21.2607,1.46248,2,9
0.42337,-0.498162,-0.127079,14,2
3.87124,-4.55674,0.523109,78,10
4.03131,-4.74515,-0.986163,16,3
18.527,-21.8154,3.51422,44,11
3.85419,-4.53988,-0.731216,37,4
4.03691,-4.75847,-0.545944,48,5
24.9697,-29.4328,7.50261,7,13
3.55505,-4.19197,-0.288057,37,6
24.5279,-28.9325,8.75689,12,14
3.83847,-4.52938,-0.103632,70,7
15.4231,-18.2056,6.39335,13,15
3.92427,-4.64539,0.106146,71,8
0.343246,-0.406464,-0.122823,15,1
4.00418,-4.74335,0.32532,3,9
0.403986,-0.47856,-0.121736,15,2
3.82912,-4.53758,0.519448,9,10
3.97778,-4.71541,-0.97709,41,3
18.438,-21.8648,3.51179,33,11
3.85367,-4.57152,-0.734141,44,4
18.358,-21.7853,4.5122,19,12
3.68088,-4.36808,-0.499751,27,5
24.4709,-29.0498,7.38316,14,13
3.54297,-4.20741,-0.288266,63,6
24.5748,-29.1939,8.80998,12,14
3.86384,-4.59171,-0.104749,30,7
15.3346,-18.2297,6.383,6,15
3.96457,-4.72647,0.107681,53,8
0.341825,-0.40766,-0.122823,15,1
0.384656,-0.458903,-0.116393,16,2
6.71415,-8.01297,0.914612,14,10
3.99554,-4.77015,-0.985537,36,3
18.3717,-21.9412,3.51374,22,11
3.81731,-4.56059,-0.730241,26,4
18.1462,-21.6872,4.47872,21,12
5.55275,-6.6363,-0.757035,13,5
18.4064,-22.006,5.57658,20,13
3.52954,-4.22129,-0.288371,51,6
24.4828,-29.2914,8.81358,12,14
3.60802,-4.31821,-0.0982221,58,7
17.6944,-21.1848,7.39601,4,15
3.86358,-4.63886,0.105378,88,8
4.00547,-4.81263,0.328146,78,9
0.398123,-0.478351,-0.120973,15,2
3.9337,-4.72808,0.5381,16,10
3.9814,-4.78711,-0.986163,13,3
6.63601,-7.98177,1.27451,6,11
3.84323,-4.62427,-0.738285,29,4
18.2143,-21.9236,4.51439,16,12
3.91894,-4.71703,-0.536531,15,5
18.3784,-22.129,5.59147,4,13
3.53137,-4.25356,-0.289732,17,6
3.59037,-4.3277,-0.0981523,100,7
17.6166,-21.242,7.39446,9,15
3.87795,-4.68931,0.106215,99,8
0.312896,-0.378495,-0.113375,16,1
3.7978,-4.59565,0.312446,22,9
0.406456,-0.491845,-0.124026,14,2
3.90956,-4.73257,0.537054,37,10
3.97598,-4.81468,-0.988979,17,3
6.4969,-7.87017,1.25306,5,11
3.83212,-4.64378,-0.73926,25,4
18.6078,-22.557,4.6314,23,12
3.63747,-4.40946,-0.5001,50,5
18.1886,-22.0567,5.55712,16,13
3.58414,-4.35101,-0.0983967,72,7
19.9002,-24.1666,8.38832,13,15
3.85775,-4.69818,0.106111,75,8
0.336301,-0.409711,-0.122373,15,1
3.7564,-4.578,0.310352,34,9
0.39469,-0.481188,-0.120973,15,2
3.79698,-4.62911,0.523806,18,10
3.93535,-4.79951,-0.983034,23,3
18.2442,-22.2583,3.53372,11,11
3.8486,-4.69705,-0.745597,31,4
18.2698,-22.3054,4.56664,13,12
3.53167,-4.31332,-0.487724,61,5
18.0318,-22.0306,5.53384,20,13
3.84486,-4.69917,-0.318203,39,6
21.1118,-25.8028,7.69693,22,14
3.55754,-4.34956,-0.0980825,27,7
17.622,-21.5529,7.45968,10,15
3.90115,-4.78669,0.107786,67,8
0.334797,-0.41094,-0.122373,15,1
3.79383,-4.65833,0.314853,27,9
0.378049,-0.464361,-0.116393,16,2
5.56369,-6.83393,0.77098,5,10
3.8504,-4.73117,-0.966139,27,3
6.40534,-7.87335,1.24624,23,11
3.904,-4.80045,-0.759734,25,4
18.234,-22.429,4.57821,35,12
3.4618,-4.25974,-0.480228,45,5
17.7752,-21.8801,5.47965,40,13
3.82005,-4.70393,-0.317575,52,6
20.8525,-25.6773,7.63664,11,14
3.5441,-4.36568,-0.0981523,4,7
19.9447,-24.5769,8.48098,6,15
3.7138,-4.59107,0.103074,63,8
0.333288,-0.412165,-0.122373,15,1
3.78803,-4.68618,0.315795,64,9
0.381363,-0.471785,-0.11792,16,2
5.56741,-6.88992,0.774989,1,10
3.83055,-4.74218,-0.965514,12,3
6.38393,-7.90604,1.2477,60,11
3.91631,-4.8518,-0.765583,22,4
19.6663,-24.3727,4.96022,7,12
3.46568,-4.29506,-0.482843,51,5
17.8638,-22.1468,5.53079,36,13
3.81364,-4.72967,-0.318412,26,6
26.2664,-32.5872,9.663,15,14
3.58328,-4.44715,-0.0996881,46,7
18.1312,-22.5105,7.7449,21,15
3.70276,-4.61024,0.103214,60,8
0.307447,-0.382934,-0.113375,16,1
3.79915,-4.73364,0.318098,58,9
0.387087,-0.4823,-0.12021,15,2
3.7367,-4.65749,0.522412,20,10
4.15879,-5.18546,-1.0528,12,3
6.35753,-7.92982,1.24794,17,11
3.93907,-4.91501,-0.773383,22,4
19.5786,-24.4381,4.9596,15,12
3.47807,-4.34134,-0.486678,60,5
17.9141,-22.3684,5.57048,37,13
3.6598,-4.57145,-0.306898,28,6
19.6405,-24.5417,7.25692,10,14
3.534,-4.41747,-0.0987457,23,7
19.5016,-24.3856,8.36658,13,15
3.66545,-4.59656,0.10262,55,8
0.330403,-0.414481,-0.122373,15,1
3.7826,-4.74687,0.318098,48,9
0.375613,-0.471365,-0.117157,16,2
3.71173,-4.6596,0.521191,61,10
9.25836,-11.6269,-2.35403,6,3
17.768,-22.3214,3.50301,55,11
3.83413,-4.81844,-0.756077,47,4
17.768,-22.3374,4.52064,32,12
3.51003,-4.41271,-0.493302,61,5
17.743,-22.314,5.54148,36,13
3.47108,-4.36687,-0.292349,28,6
17.8538,-22.4695,6.62571,47,14
3.52354,-4.43604,-0.0988853,50,7
19.5029,-24.5624,8.40385,13,15
3.60221,-4.54975,0.101294,72,8
0.328954,-0.415632,-0.122373,15,1
3.76229,-4.75535,0.317784,40,9
0.386147,-0.48807,-0.120973,15,2
3.7078,-4.68815,0.522934,80,10
3.79661,-4.80217,-0.969581,22,3
17.7416,-22.4487,3.51325,22,11
3.79268,-4.80064,-0.751203,18,4
17.5013,-22.1605,4.47246,28,12
3.5477,-4.49217,-0.500797,58,5
17.6674,-22.3789,5.54224,32,13
3.43725,-4.35544,-0.290779,14,6
17.7946,-22.5562,6.63291,47,14
3.71111,-4.70583,-0.10461,70,7
17.8491,-22.6414,7.72523,5,15
0.327501,-0.416778,-0.122373,15,1
3.70578,-4.71598,0.31433,60,9
0.382015,-0.486327,-0.12021,15,2
3.6828,-4.6901,0.521714,88,10
3.86277,-4.92106,-0.990856,37,3
17.6056,-22.4371,3.50179,55,11
3.85676,-4.91694,-0.767289,11,4
17.4802,-22.2853,4.48592,31,12
3.55904,-4.53902,-0.504632,50,5
17.5989,-22.4528,5.54529,20,13
3.40232,-4.34226,-0.289104,37,6
17.7278,-22.6335,6.63741,38,14
3.78673,-4.8346,-0.107193,94,7
17.687,-22.5895,7.68744,21,15
0.326117,-0.417862,-0.122373,15,1
3.67455,-4.70999,0.313074,44,9
0.399633,-0.512428,-0.126316,14,2
3.66763,-4.7045,0.521889,88,10
3.83671,-4.92138,-0.988353,33,3
18.2791,-23.4552,3.65121,23,11
3.73186,-4.79033,-0.745597,11,4
18.0747,-23.2096,4.65925,23,12
3.50279,-4.49953,-0.498879,36,5
17.5774,-22.5792,5.56208,20,13
3.40139,-4.37086,-0.290255,31,6
17.6287,-22.6614,6.62841,47,14
3.63602,-4.67573,-0.103388,65,7
17.5807,-22.616,7.67554,21,15
3.40571,-4.39378,0.0970354,59,8
0.324657,-0.418998,-0.122373,15,1
3.61039,-4.6612,0.308992,35,9
0.357056,-0.460978,-0.113341,16,2
3.72031,-4.80485,0.53165,16,10
3.69981,-4.78009,-0.957379,48,3
17.9869,-23.2472,3.60904,34,11
3.71025,-4.79705,-0.744622,12,4
17.9899,-23.2678,4.65831,16,12
3.47122,-4.49124,-0.496613,30,5
17.5561,-22.715,5.5804,20,13
3.88921,-5.03387,-0.33338,45,6
17.6615,-22.8678,6.6707,38,14
3.73211,-4.83401,-0.106599,100,7
16.6778,-21.6097,7.31423,4,15
3.41962,-4.44368,0.0978731,60,8
0.299428,-0.389236,-0.113375,16,1
3.6221,-4.71019,0.311399,25,9
0.396046,-0.515205,-0.126316,14,2
5.18982,-6.75374,0.745182,20,10
3.70753,-4.82652,-0.963949,8,3
17.89,-23.2894,3.60587,58,11
3.71525,-4.83831,-0.749009,42,4
17.8184,-23.213,4.63484,27,12
3.35728,-4.37529,-0.482494,52,5
17.462,-22.7652,5.57697,4,13
3.7492,-4.88959,-0.322913,29,6
17.5882,-22.9463,6.67475,38,14
3.64465,-4.75496,-0.104575,70,7
18.5433,-24.2011,8.16936,6,15
3.38753,-4.43552,0.0974193,68,8
0.32165,-0.42131,-0.122373,15,1
3.6654,-4.80282,0.316633,41,9
0.387098,-0.50722,-0.124026,14,2
4.05442,-5.31449,0.584815,35,10
3.56129,-4.66979,-0.930159,28,3
17.9008,-23.4811,3.62537,11,11
3.80458,-4.99241,-0.770702,54,4
17.8325,-23.4085,4.66081,27,12
3.38062,-4.4377,-0.488072,60,5
17.4038,-22.8541,5.58383,4,13
3.68735,-4.84385,-0.31904,42,6
17.6461,-23.189,6.72739,9,14
3.42623,-4.50409,-0.0987806,46,7
18.4568,-24.272,8.1704,6,15
3.37686,-4.45369,0.097559,78,8
0.320177,-0.42243,-0.122373,15,1
3.67997,-4.85698,0.319354,38,9
0.368727,-0.486661,-0.118683,15,2
3.96247,-5.23172,0.574182,54,10
3.5557,-4.69637,-0.932975,22,3
23.4696,-31.0098,4.77508,31,11
3.83743,-5.07215,-0.780939,40,4
17.7555,-23.477,4.66206,16,12
3.36751,-4.45265,-0.488421,27,5
17.5761,-23.2483,5.66512,17,13
3.68487,-4.87581,-0.320296,55,6
19.0345,-25.1956,7.29021,21,14
3.37313,-4.46655,-0.0976986,76,7
16.8158,-22.2748,7.47832,15,15
3.42263,-4.54693,0.0993391,78,8
0.318701,-0.423545,-0.122373,15,1
3.69901,-4.91768,0.322494,66,9
0.381099,-0.506839,-0.123263,15,2
3.50953,-4.66746,0.510907,80,10
3.49537,-4.65032,-0.921399,20,3
17.7149,-23.5769,3.62098,11,11
3.35118,-4.46173,-0.685149,15,4
17.6722,-23.5372,4.66175,10,12
17.5627,-23.4083,5.6884,34,13
3.6502,-4.86691,-0.318831,58,6
18.8085,-25.0779,7.23713,10,14
3.41629,-4.5567,-0.0994089,41,7
16.8086,-22.4277,7.50989,5,15
3.38799,-4.53542,0.0988155,94,8
0.317146,-0.42471,-0.122373,15,1
3.65826,-4.90079,0.320505,39,9
0.372194,-0.498792,-0.120973,15,2
3.45904,-4.63559,0.506026,93,10
3.57988,-4.79928,-0.948306,31,3
17.4492,-23.4014,3.58418,46,11
3.35141,-4.49627,-0.688562,43,4
17.0099,-22.8288,4.50907,9,12
3.45261,-4.63541,-0.505678,36,5
17.5272,-23.5402,5.70481,21,13
3.28532,-4.41402,-0.288371,31,6
16.2347,-21.8122,6.27748,8,14
3.47238,-4.66705,-0.101538,23,7
16.3354,-21.9636,7.33441,9,15
3.37492,-4.55262,0.0989202,92,8
0.316748,-0.427436,-0.122823,15,1
3.48691,-4.70714,0.307003,52,9
0.370364,-0.500152,-0.120973,15,2
3.44677,-4.65464,0.506723,93,10
3.4988,-4.72663,-0.931411,13,3
17.4401,-23.5689,3.60002,11,11
3.33373,-4.50692,-0.688318,48,4
16.9202,-22.8831,4.5075,16,12
3.53744,-4.78582,-0.520668,33,5
17.6041,-23.8254,5.75823,8,13
3.25369,-4.40515,-0.28701,46,6
16.1453,-21.8591,6.27388,8,14
3.42912,-4.64436,-0.10077,85,7
16.1562,-21.8897,7.2899,9,15
3.36532,-4.57463,0.0991297,68,8
0.315179,-0.428594,-0.122823,15,1
3.38446,-4.60402,0.299466,49,9
0.375503,-0.510999,-0.123263,15,2
3.51109,-4.77802,0.518751,39,10
3.7247,-5.07056,-0.996488,22,3
24.147,-32.8842,5.00932,16,11
3.437,-4.68234,-0.713179,20,4
16.7544,-22.8335,4.4856,15,12
4.22103,-5.75465,-0.624384,37,5
23.5452,-32.1116,7.73998,16,13
3.319,-4.5282,-0.294233,33,6
15.996,-21.8238,6.24689,41,14
3.43217,-4.68432,-0.101364,52,7
17.2459,-23.5463,7.82048,5,15
3.36117,-4.59751,0.0994089,66,8
0.313906,-0.429527,-0.122823,15,1
3.392,-4.64307,0.30135,40,9
0.360177,-0.493022,-0.118683,15,2
3.71545,-5.08769,0.551173,75,10
3.7108,-5.08318,-0.996801,23,3
23.9674,-32.8434,4.99226,33,11
3.43479,-4.70855,-0.715617,17,4
16.682,-22.8767,4.48435,6,12
4.20511,-5.76876,-0.624558,13,5
23.4739,-32.2026,7.74608,8,13
3.47218,-4.76505,-0.308992,46,6
16.0253,-22.0003,6.28378,25,14
3.40884,-4.68155,-0.101084,52,7
16.512,-22.6852,7.51818,5,15
3.3592,-4.62863,0.0998278,72,8
0.312405,-0.43062,-0.122823,15,1
3.38046,-4.66135,0.301769,34,9
0.365282,-0.503876,-0.120973,15,2
3.68041,-5.07869,0.548733,60,10
3.62841,-5.00876,-0.979593,25,3
22.511,-31.0749,4.71147,15,11
22.5024,-31.0859,6.0781,11,12
4.19195,-5.79309,-0.625604,13,5
23.0865,-31.9162,7.65678,7,13
15.9445,-22.0589,6.28378,25,14
3.35968,-4.64804,-0.100107,50,7
16.4893,-22.821,7.54406,5,15
3.36675,-4.67499,0.100561,85,8
0.310824,-0.431762,-0.122823,15,1
3.39835,-4.72234,0.304909,32,9
0.377282,-0.52427,-0.125552,14,2
5.87213,-8.16291,0.87975,62,10
3.66164,-5.09196,-0.993359,20,3
22.3715,-31.1218,4.70611,30,11
3.53539,-4.92001,-0.743891,1,4
22.9553,-31.9575,6.23204,12,12
3.54201,-4.93286,-0.531301,5,5
17.1969,-23.9496,5.73114,17,13
4.27421,-5.95476,-0.384146,70,6
15.8561,-22.0986,6.27928,8,14
3.33796,-4.65382,-0.0999674,46,7
3.40507,-4.76317,0.102201,55,8
3.58849,-5.02346,0.323541,58,9
0.352539,-0.493695,-0.11792,16,2
5.84796,-8.19248,0.880622,56,10
3.57756,-5.0137,-0.975525,23,3
22.212,-31.1286,4.69538,30,11
3.4594,-4.8499,-0.73146,28,4
22.878,-32.0857,6.24142,12,12
3.5849,-5.02956,-0.540366,11,5
22.4952,-31.5721,7.53543,22,13
4.24076,-5.95412,-0.383099,28,6
17.025,-23.9123,6.77688,10,14
3.27646,-4.60191,-0.0986061,81,7
16.8184,-23.6309,7.77182,5,15
3.49866,-4.9322,0.105552,53,8
0.307727,-0.433975,-0.122823,15,1
3.74423,-5.28034,0.339242,36,9
0.368979,-0.52055,-0.124026,14,2
5.89995,-8.32664,0.892823,56,10
3.64338,-5.14383,-0.998365,28,3
17.0803,-24.1234,3.62927,23,11
4.44277,-6.27708,-0.944244,31,4
23.1665,-32.7313,6.35124,25,12
22.3962,-31.6665,7.53925,7,13
3.32062,-4.69683,-0.301455,27,6
15.774,-22.3197,6.30988,8,14
3.21075,-4.5431,-0.0971052,52,7
16.9098,-23.9356,7.85257,5,15
3.40167,-4.82933,0.103109,52,8
0.306286,-0.434993,-0.122823,15,1
3.3809,-4.8034,0.30784,18,9
0.3649,-0.518623,-0.123263,15,2
5.86054,-8.33252,0.891255,30,10
3.62744,-5.1575,-0.998678,30,3
17.0276,-24.2189,3.63512,11,11
3.92427,-5.58366,-0.837974,12,4
16.9257,-24.0917,4.66331,6,12
3.49359,-4.97457,-0.531824,11,5
16.9508,-24.1364,5.73305,13,13
5.18132,-7.38048,-0.472594,29,6
15.7066,-22.3815,6.31258,17,14
3.22588,-4.59848,-0.0980476,49,7
15.7469,-22.4555,7.34891,19,15
3.4249,-4.89854,0.10433,85,8
0.304766,-0.43606,-0.122823,15,1
3.3481,-4.79225,0.306375,112,9
0.345188,-0.49408,-0.117157,16,2
7.27141,-10.4117,1.11106,78,10
3.60715,-5.16689,-0.998052,22,3
16.9816,-24.3335,3.64341,11,11
3.89112,-5.57779,-0.835049,33,4
16.7985,-24.0891,4.65142,3,12
3.32323,-4.7655,-0.508292,2,5
16.8552,-24.1793,5.72923,8,13
3.31484,-4.75701,-0.303863,31,6
15.6774,-22.5065,6.33237,43,14
3.28179,-4.7131,-0.100247,47,7
15.6618,-22.5008,7.3458,14,15
3.33595,-4.80696,0.102131,45,8
0.281026,-0.405098,-0.113825,16,1
3.37005,-4.85971,0.309934,44,9
0.332274,-0.479149,-0.113341,16,2
7.22822,-10.4272,1.11002,85,10
4.02564,-5.80943,-1.11945,12,3
16.9011,-24.3992,3.64438,11,11
3.88067,-5.6044,-0.836999,18,4
24.3616,-35.1957,6.77956,7,12
3.30771,-4.77871,-0.508467,10,5
22.9492,-33.1676,7.83996,16,13
3.21755,-4.65193,-0.296431,63,6
15.6253,-22.5996,6.34317,35,14
3.24145,-4.68998,-0.0995136,64,7
17.5015,-25.332,8.25012,6,15
3.22954,-4.68848,0.099374,64,8
0.301714,-0.438177,-0.122823,15,1
3.37231,-4.89942,0.311713,18,9
0.350636,-0.509416,-0.12021,15,2
4.10161,-5.96341,-1.14635,3,3
6.77379,-9.85224,1.46804,38,11
24.1804,-35.1958,6.76329,7,12
3.26957,-4.75903,-0.505155,21,5
20.3037,-29.5642,6.9714,6,13
3.16738,-4.61373,-0.293291,54,6
6.00948,-8.75694,2.45197,50,14
3.2013,-4.66664,-0.0987806,100,7
17.2436,-25.146,8.16988,24,15
3.2504,-4.7542,0.100526,56,8
0.278191,-0.40705,-0.113825,16,1
3.47574,-5.08762,0.322913,27,9
0.344425,-0.504152,-0.118683,15,2
8.2373,-12.0619,1.27788,5,10
4.06629,-5.95649,-1.14228,15,3
6.74496,-9.88403,1.46926,7,11
3.84033,-5.62971,-0.836755,21,4
4.76318,-6.98517,1.33908,15,12
3.22038,-4.72268,-0.5001,38,5
24.1768,-35.4684,8.3437,18,13
3.16475,-4.64457,-0.294547,36,6
5.98875,-8.79236,2.45602,49,14
3.20075,-4.70093,-0.0992693,78,7
17.1471,-25.1933,8.16574,18,15
3.2001,-4.71588,0.0994787,61,8
0.298648,-0.440273,-0.122823,15,1
3.86485,-5.69978,0.360909,60,9
0.344778,-0.508662,-0.119446,15,2
7.13092,-10.5205,1.11193,26,10
5.074,-7.49145,1.11096,27,11
3.73273,-5.51323,-0.8175,22,4
4.71994,-6.97395,1.33376,6,12
3.14946,-4.65524,-0.491733,47,5
19.9618,-29.5168,6.92637,6,13
3.4184,-5.05656,-0.319877,71,6
5.95912,-8.81483,2.45647,68,14
3.19104,-4.72201,-0.0994787,55,7
17.0298,-25.2098,8.15176,6,15
3.37264,-5.00957,0.105413,66,8
0.297032,-0.441364,-0.122823,15,1
3.82609,-5.68739,0.359234,25,9
0.338529,-0.503405,-0.11792,16,2
7.09232,-10.5465,1.11193,35,10
3.51001,-5.22147,-0.996488,5,3
5.05647,-7.52482,1.11315,25,11
3.65605,-5.44283,-0.805069,75,4
9.54066,-14.2087,2.7107,22,12
3.43329,-5.11506,-0.538971,26,5
19.9585,-29.7463,6.963,13,13
3.27969,-4.88991,-0.308573,37,6
5.94956,-8.87059,2.46591,45,14
3.18373,-4.74862,-0.0997929,83,7
3.2654,-4.88887,0.10262,37,8
5.83091,-8.73647,0.55047,36,9
0.345489,-0.517647,-0.120973,15,2
5.24571,-7.86263,0.826934,20,10
3.4196,-5.12748,-0.976151,6,3
4.95508,-7.43264,1.09682,12,11
3.78579,-5.68085,-0.838217,61,4
9.58051,-14.3817,2.73698,24,12
3.90034,-5.85495,-0.615494,50,5
19.7925,-29.7226,6.94125,13,13
3.16964,-4.76167,-0.29978,57,6
5.79718,-8.71225,2.41597,49,14
3.18956,-4.79523,-0.100526,90,7
3.38532,-5.10691,0.106948,85,8
0.293866,-0.443478,-0.122823,15,1
5.54118,-8.36547,0.525872,48,9
0.339343,-0.512303,-0.119446,15,2
5.20283,-7.85763,0.824493,46,10
3.94574,-5.96136,-1.13227,5,3
4.92363,-7.44161,1.09561,52,11
3.78784,-5.72715,-0.843092,41,4
9.41695,-14.2437,2.70444,31,12
3.96338,-5.99484,-0.628742,13,5
19.5523,-29.5851,6.89317,13,13
3.21355,-4.86436,-0.305537,46,6
5.82043,-8.81374,2.43847,77,14
3.19153,-4.8347,-0.101119,52,7
30.6626,-46.467,14.9173,21,15
3.53453,-5.37263,0.112254,59,8
0.292316,-0.444502,-0.122823,15,1
5.47136,-8.32301,0.521999,54,9
0.333239,-0.506923,-0.11792,16,2
5.17208,-7.87075,0.82397,46,10
3.84031,-5.84631,-1.10787,15,3
4.88891,-7.44548,1.09366,55,11
3.75475,-5.72042,-0.840167,5,4
3.15355,-4.80813,-0.503063,37,5
19.4747,-29.6926,6.90233,13,13
3.19107,-4.8672,-0.305014,40,6
5.73515,-8.75089,2.41552,59,14
3.35326,-5.11846,-0.106809,63,7
30.5278,-46.6158,14.9308,21,15
3.22496,-4.93954,0.102969,35,8
0.290763,-0.445519,-0.122823,15,1
5.39425,-8.26846,0.517393,58,9
0.339958,-0.521296,-0.120973,15,2
5.13341,-7.87463,0.822402,44,10
3.82317,-5.86697,-1.10912,5,3
4.8488,-7.44088,1.09049,42,11
3.61016,-5.54221,-0.812137,15,4
3.15413,-4.84582,-0.505852,16,5
19.4236,-29.8526,6.92293,13,13
3.14272,-4.83198,-0.302083,24,6
5.64355,-8.68035,2.39033,36,14
3.19476,-4.91387,-0.102306,53,7
3.22966,-4.98657,0.103702,64,8
0.289128,-0.446582,-0.122823,15,1
3.6982,-5.71436,0.356722,33,9
0.315737,-0.487868,-0.112959,16,2
5.081,-7.85403,0.818392,60,10
3.61924,-5.59663,-1.05562,7,3
4.84628,-7.49694,1.09609,30,11
3.60275,-5.57541,-0.815062,16,4
4.68169,-7.24788,1.36661,14,12
3.80961,-5.89778,-0.614274,38,5
19.3565,-29.978,6.93629,13,13
3.14425,-4.87145,-0.303863,37,6
3.14855,-4.88185,-0.101398,52,7
3.3809,-5.26024,0.109147,34,8
0.287567,-0.447589,-0.122823,15,1
3.67931,-5.72892,0.356827,20,9
0.314032,-0.488967,-0.112959,16,2
5.01157,-7.80633,0.811594,37,10
3.67009,-5.71896,-1.07627,10,3
4.85116,-7.56227,1.10316,37,11
3.31324,-5.16685,-0.75364,8,4
8.08254,-12.6092,2.37217,12,12
4.22768,-6.59541,-0.685393,18,5
8.19069,-12.7828,2.95105,4,13
3.19186,-4.9833,-0.310143,12,6
13.1316,-20.5097,5.62243,26,14
3.20695,-5.01071,-0.103842,40,7
3.17972,-4.98539,0.103214,77,8
0.286003,-0.44859,-0.122823,15,1
5.31021,-8.33215,0.517812,34,9
0.333426,-0.523172,-0.120591,15,2
4.95967,-7.78513,0.807585,56,10
3.94297,-6.1916,-1.16262,5,3
4.86525,-7.64279,1.11242,30,11
3.40597,-5.35661,-0.555356,8,5
13.0444,-20.5151,4.72558,25,13
3.56121,-5.60291,-0.347929,27,6
13.0683,-20.5686,5.62603,33,14
3.15191,-4.96279,-0.10262,34,7
19.673,-30.9878,9.83512,8,15
3.15053,-4.97788,0.10283,67,8
0.284436,-0.449585,-0.122823,15,1
5.2843,-8.3557,0.518126,9,9
0.310525,-0.491201,-0.112959,16,2
4.95771,-7.84536,0.811943,37,10
0.376622,-0.596218,-0.111694,24,3
5.10358,-8.0793,1.17336,22,11
3.40109,-5.38624,-0.782157,23,4
5.03045,-7.9697,1.4927,71,12
3.50739,-5.55888,-0.575054,13,5
13.1932,-20.9181,4.80724,24,13
3.64717,-5.78488,-0.358397,40,6
13.0199,-20.6592,5.63772,26,14
3.28277,-5.20892,-0.107472,57,7
19.1364,-30.3763,9.61979,8,15
3.14502,-5.00971,0.103248,72,8
0.282786,-0.450625,-0.122823,15,1
0.308808,-0.492282,-0.112959,16,2
4.9684,-7.92339,0.818218,52,10
3.58592,-5.72088,-1.06939,6,3
4.70398,-7.50751,1.08781,2,11
4.99282,-7.97469,1.49019,74,12
9.61643,-15.3656,3.52348,16,13
3.65449,-5.8416,-0.361118,37,6
7.89818,-12.6299,3.43905,27,14
3.35588,-5.36844,-0.110509,49,7
19.5736,-31.3244,9.89724,9,15
3.15606,-5.06649,0.104191,55,8
0.26061,-0.418524,-0.113825,16,1
3.54518,-5.69558,0.351593,66,9
0.323687,-0.520025,-0.119065,15,2
4.94914,-7.95421,0.819613,50,10
5.48974,-8.8265,-1.64632,3,3
5.46697,-8.79332,1.27134,30,11
3.38027,-5.4391,-0.786301,1,4
4.96496,-7.99207,1.49019,68,12
3.36021,-5.40891,-0.557099,61,5
5.55971,-8.95293,2.04853,21,13
3.58352,-5.77287,-0.356094,37,6
9.38498,-15.1246,4.10941,31,14
3.49944,-5.64182,-0.115884,36,7
19.1954,-30.959,9.76058,8,15
3.30343,-5.34453,0.109671,97,8
0.259147,-0.419431,-0.113825,16,1
3.59035,-5.81327,0.358083,65,9
0.32187,-0.521152,-0.119065,15,2
4.94646,-8.01213,0.823796,40,10
3.65067,-5.91556,-1.10099,5,3
7.8761,-12.7674,1.84193,20,11
5.00751,-8.1237,1.51147,71,12
3.33712,-5.41382,-0.556402,23,5
5.56653,-9.03412,2.06265,34,13
3.54344,-5.75303,-0.354105,37,6
7.86192,-12.7694,3.462,9,14
3.3267,-5.40536,-0.110788,60,7
14.3984,-23.4043,7.36288,4,15
3.44784,-5.62195,0.115116,66,8
0.278052,-0.453561,-0.122823,15,1
5.00911,-8.17413,0.502425,26,9
0.324152,-0.528968,-0.120591,15,2
5.4586,-8.91111,0.914264,48,10
0.363103,-0.592995,-0.11013,24,3
4.98574,-8.14556,1.17263,16,11
3.33082,-5.44394,-0.78362,23,4
5.07188,-8.2928,1.53963,30,12
5.53803,-9.05852,2.06379,42,13
3.60353,-5.89659,-0.362165,37,6
12.7302,-20.839,5.63772,33,14
3.33595,-5.46302,-0.11173,61,7
14.9085,-24.424,7.66726,5,15
3.45101,-5.66923,0.115849,78,8
0.276546,-0.454481,-0.122823,15,1
4.98405,-8.19411,0.502635,44,9
0.318315,-0.523331,-0.119065,15,2
4.809,-7.90942,0.809851,15,10
3.57134,-5.87613,-1.0891,5,3
4.95664,-8.15866,1.17214,60,11
3.32203,-5.47022,-0.785814,45,4
5.16224,-8.50376,1.57561,50,12
4.30597,-7.09602,-0.726182,18,5
7.6203,-12.5579,2.85527,9,13
4.17645,-6.88529,-0.422037,83,6
9.15398,-15.0972,4.07611,23,14
3.38208,-5.58008,-0.113894,100,7
14.3879,-23.748,7.44001,20,15
3.48496,-5.77025,0.117664,50,8
0.274958,-0.455443,-0.122823,15,1
4.95542,-8.21145,0.502635,40,9
0.320451,-0.531218,-0.120591,15,2
4.7841,-7.93382,0.810548,15,10
0.364053,-0.603975,-0.111694,24,3
4.964,-8.23542,1.18067,13,11
3.43814,-5.70623,-0.817987,29,4
5.15597,-8.56065,1.5828,74,12
3.46111,-5.74889,-0.587081,25,5
4.11104,-6.83381,-0.417955,65,6
7.64843,-12.7191,3.42645,38,14
3.29869,-5.4856,-0.11173,50,7
9.09574,-15.1319,4.73069,4,15
3.47612,-5.80357,0.118083,77,8
0.259272,-0.43304,-0.116525,16,1
4.92324,-8.22613,0.502425,48,9
0.318595,-0.532333,-0.120591,15,2
5.53274,-9.24819,0.942851,42,10
0.362957,-0.606937,-0.112007,23,3
5.0336,-8.42053,1.20456,35,11
3.4223,-5.72731,-0.819206,25,4
4.85815,-8.13347,1.50052,77,12
3.42263,-5.73015,-0.583943,21,5
5.47004,-9.16153,2.07409,34,13
3.99606,-6.69548,-0.408639,65,6
7.56405,-12.6787,3.40846,42,14
3.2929,-5.5217,-0.112219,61,7
9.04417,-15.1717,4.73277,15,15
3.36799,-5.66783,0.115081,55,8
4.84861,-8.16599,0.497715,54,9
0.312726,-0.52669,-0.119065,15,2
5.53398,-9.32399,0.948603,17,10
0.35882,-0.604803,-0.111381,24,3
5.00215,-8.43464,1.20407,22,11
3.7333,-6.2976,-0.898908,58,4
5.09659,-8.60072,1.58343,49,12
3.41175,-5.75749,-0.585512,31,5
3.96452,-6.69564,-0.407802,68,6
7.50982,-12.6883,3.40396,42,14
3.2787,-5.54176,-0.112394,92,7
14.0222,-23.7102,7.381,9,15
3.3888,-5.74845,0.116477,33,8
0.270094,-0.458345,-0.122823,15,1
4.83528,-8.20868,0.499285,48,9
0.310885,-0.527778,-0.119065,15,2
5.21632,-8.85909,0.899447,30,10
0.362719,-0.616266,-0.113259,23,3
6.16451,-10.4778,1.49266,31,11
3.79482,-6.45262,-0.919139,18,4
5.04952,-8.58951,1.57811,21,12
4.46193,-7.59,-0.770282,15,5
6.04253,-10.2828,2.31833,13,13
3.37363,-5.74332,-0.349081,30,6
7.48719,-12.7514,3.41386,27,14
3.24617,-5.53075,-0.11194,67,7
13.9032,-23.6974,7.36185,19,15
3.38386,-5.78614,0.117001,66,8
0.268492,-0.459285,-0.122823,15,1
5.15122,-8.81526,0.535083,43,9
0.320927,-0.549201,-0.123644,14,2
4.76531,-8.15812,0.826585,28,10
0.363553,-0.622646,-0.114197,22,3
5.24434,-8.9854,1.27743,33,11
4.07938,-6.99221,-0.993966,55,4
5.18967,-8.89888,1.63161,44,12
4.38221,-7.51431,-0.761044,41,5
7.52234,-12.9039,2.90335,26,13
3.3425,-5.73608,-0.347929,20,6
5.23966,-8.99542,2.40338,56,14
3.27011,-5.61636,-0.113441,92,7
7.57195,-13.0099,4.03344,28,15
3.37869,-5.82386,0.117525,100,8
0.266887,-0.460219,-0.122823,15,1
4.76684,-8.22323,0.498134,60,9
0.307193,-0.529936,-0.119065,15,2
4.98753,-8.6074,0.870337,30,10
0.374249,-0.646133,-0.118264,21,3
7.09481,-12.254,1.73859,23,11
4.29359,-7.41876,-1.05246,41,4
5.07549,-8.77331,1.60533,57,12
3.33332,-5.76185,-0.582375,26,5
7.50182,-12.9726,2.91289,30,13
3.8742,-6.7022,-0.405708,50,6
5.20043,-9.00016,2.39978,35,14
3.3055,-5.72298,-0.11536,66,7
7.48399,-12.9627,4.01066,22,15
3.35535,-5.83042,0.11742,75,8
0.265279,-0.461148,-0.122823,15,1
4.76399,-8.28483,0.500855,54,9
0.305341,-0.531005,-0.119065,15,2
4.05844,-7.06355,-1.29027,3,3
5.15577,-8.97704,1.2711,18,11
5.06843,-8.83209,1.61284,46,12
3.32012,-5.78555,-0.583595,28,5
7.49068,-13.0583,2.92625,25,13
3.8627,-6.73648,-0.406964,58,6
5.10115,-8.8999,2.36828,45,14
3.3014,-5.76224,-0.115919,72,7
7.44734,-13.0038,4.01532,9,15
3.33002,-5.83342,0.117245,16,8
0.263668,-0.462071,-0.122823,15,1
4.63609,-8.12792,0.490388,65,9
0.287923,-0.504782,-0.112959,16,2
4.52074,-7.92891,0.798521,41,10
0.351145,-0.616122,-0.11232,23,3
5.9675,-10.4749,1.48023,21,11
3.35465,-5.89087,-0.832368,21,4
5.09229,-8.94587,1.63036,47,12
4.15938,-7.30699,-0.735594,18,5
7.44894,-13.0912,2.92777,18,13
3.94976,-6.94436,-0.418688,90,6
5.03634,-8.85836,2.35254,48,14
3.28522,-5.78069,-0.116058,100,7
7.37805,-12.9877,4.00238,21,15
3.3254,-5.87285,0.117804,44,8
0.262053,-0.462989,-0.122823,15,1
4.58408,-8.10234,0.487876,72,9
0.286159,-0.505784,-0.112959,16,2
4.52932,-8.00881,0.80497,60,10
0.353852,-0.625942,-0.113884,34,3
5.91821,-10.4732,1.47706,28,11
3.29208,-5.82823,-0.821887,56,4
5.93319,-10.5083,1.91132,29,12
4.05647,-7.1844,-0.721824,30,5
7.37521,-13.0675,2.91671,11,13
3.95297,-7.00681,-0.421619,43,6
4.96997,-8.81309,2.33589,56,14
4.56907,-8.10548,-0.162412,68,7
7.33931,-13.0252,4.006,19,15
4.68657,-8.34454,0.167054,45,8
0.241356,-0.429915,-0.113825,16,1
4.58803,-8.17577,0.49133,60,9
0.303513,-0.541075,-0.120591,15,2
4.7304,-8.43292,0.845934,46,10
0.359394,-0.640957,-0.116387,43,3
4.95666,-8.84352,1.24477,40,11
3.03012,-5.40846,-0.761196,44,4
5.105,-9.11563,1.65476,48,12
3.0783,-5.49894,-0.551347,7,5
5.77419,-10.319,2.29849,27,13
4.97343,-8.89161,2.35209,58,14
3.30334,-5.90821,-0.118153,67,7
4.64136,-8.33545,0.166531,32,8
0.258733,-0.464852,-0.122823,15,1
4.22885,-7.60086,0.455846,75,9
0.282444,-0.507868,-0.112959,16,2
5.07325,-9.12232,0.913218,24,10
0.352244,-0.633637,-0.114823,45,3
5.00039,-8.99871,1.26403,23,11
2.99197,-5.38656,-0.756565,20,4
5.1358,-9.25,1.67573,13,12
3.05232,-5.49974,-0.550301,20,5
7.32875,-13.2105,2.93655,23,13
3.20024,-5.77101,-0.345836,33,6
3.23997,-5.84507,-0.116652,60,7
10.2327,-18.4678,5.65727,4,15
3.25296,-5.89273,0.11749,60,8
0.257028,-0.465797,-0.122823,15,1
4.56849,-8.28263,0.495726,45,9
0.280669,-0.508851,-0.112959,16,2
4.75407,-8.62265,0.861447,46,10
0.346105,-0.628004,-0.113571,46,3
5.20109,-9.44122,1.3235,46,11
2.96837,-5.39053,-0.75559,48,4
3.02734,-5.49989,-0.549255,32,5
5.79484,-10.5321,2.33665,29,13
3.00779,-5.46889,-0.3271,71,6
7.30866,-13.2944,3.50249,20,14
3.18579,-5.79732,-0.115465,90,7
10.1556,-18.4883,5.65209,16,15
4.91386,-8.97535,0.178608,12,8
0.2554,-0.466692,-0.122823,15,1
4.18202,-7.64495,0.456684,21,9
0.278891,-0.509827,-0.112959,16,2
4.71247,-8.61822,0.859356,36,10
0.344858,-0.630942,-0.113884,46,3
5.07578,-9.29034,1.29986,36,11
2.61367,-4.78586,-0.66955,47,4
2.9413,-5.38801,-0.537054,13,5
5.77685,-10.5867,2.34428,23,13
2.97242,-5.44954,-0.32532,26,6
4.93102,-9.04414,2.37818,12,14
3.1617,-5.80138,-0.115326,52,7
9.6585,-17.7297,5.40984,10,15
4.31954,-7.9556,0.158014,1,8
0.25377,-0.46758,-0.122823,15,1
4.19285,-7.72548,0.460661,69,9
0.27711,-0.510798,-0.112959,16,2
4.88371,-9.00592,0.89631,16,10
0.332299,-0.613038,-0.110443,49,3
4.94875,-9.13346,1.27548,36,11
2.59411,-4.78972,-0.668819,53,4
4.71974,-8.71443,1.56966,60,12
2.91678,-5.38773,-0.536008,30,5
9.21106,-17.0213,3.76199,16,13
2.97619,-5.50205,-0.327832,32,6
5.73082,-10.5989,2.78174,34,14
5.4736,-10.1232,-0.200877,47,7
9.52157,-17.6171,5.36584,22,15
4.3121,-8.00509,0.158712,10,8
0.252218,-0.468419,-0.122823,15,1
4.53312,-8.42245,0.501274,32,9
0.275325,-0.511762,-0.112959,16,2
5.12402,-9.52828,0.946511,23,10
0.338684,-0.629795,-0.113259,58,3
4.89964,-9.11485,1.27061,36,11
2.98975,-5.5642,-0.775577,20,4
4.71173,-8.77262,1.57717,74,12
2.89701,-5.39612,-0.535833,37,5
5.69288,-10.6127,2.7804,44,14
5.36358,-10.003,-0.19812,100,7
9.43903,-17.6111,5.35393,24,15
4.27565,-8.00422,0.158398,26,8
0.250581,-0.469297,-0.122823,15,1
4.08239,-7.64884,0.454381,58,9
0.273626,-0.512672,-0.112959,16,2
4.81855,-9.03192,0.895612,44,10
0.34392,-0.644917,-0.115762,55,3
4.83231,-9.06534,1.26135,34,11
3.16354,-5.93725,-0.82603,65,4
4.67736,-8.78204,1.57592,63,12
2.94089,-5.52403,-0.547512,13,5
4.88055,-9.1674,2.01876,19,13
3.06627,-5.76197,-0.342068,30,6
5.70614,-10.7272,2.80514,25,14
5.02728,-9.45493,-0.186915,45,7
9.54432,-17.9578,5.44918,10,15
4.23458,-7.99435,0.157909,42,8
0.248942,-0.470169,-0.122823,15,1
4.05847,-7.66834,0.454695,48,9
0.271746,-0.513672,-0.112959,16,2
4.27688,-8.08786,0.800438,22,10
0.329553,-0.62347,-0.111694,48,3
4.45555,-8.42929,1.17068,24,11
2.87479,-5.44102,-0.75559,30,4
4.84225,-9.16862,1.64225,41,12
2.89834,-5.49021,-0.543155,17,5
9.78363,-18.5406,4.07492,16,13
3.06191,-5.80497,-0.343952,50,6
4.92606,-9.3431,2.43847,21,14
3.11499,-5.9081,-0.116582,36,7
4.21083,-8.02044,0.158119,38,8
0.247217,-0.471078,-0.122823,15,1
3.9793,-7.58589,0.448938,63,9
0.269951,-0.514617,-0.112959,16,2
4.2551,-8.11509,0.801659,30,10
0.330126,-0.629866,-0.112633,58,3
4.0589,-7.74748,1.07391,40,11
2.85391,-5.44976,-0.755346,38,4
4.61073,-8.80829,1.57467,60,12
2.87638,-5.495,-0.542632,47,5
4.83394,-9.23862,2.02677,4,13
3.04347,-5.81916,-0.344161,54,6
4.92501,-9.42068,2.45422,52,14
3.0859,-5.9053,-0.116303,30,7
4.79589,-9.18149,2.77558,33,15
4.19112,-8.05106,0.158433,47,8
0.22758,-0.437364,-0.113825,16,1
3.94543,-7.58556,0.448101,65,9
0.268153,-0.515556,-0.112959,16,2
4.2148,-8.10691,0.799393,11,10
0.326104,-0.627509,-0.112007,47,3
4.07484,-7.84439,1.08537,37,11
2.86231,-5.51254,-0.762658,11,4
4.59816,-8.85939,1.58093,31,12
2.90491,-5.59697,-0.551696,10,5
2.94775,-5.68436,-0.335578,16,6
4.84726,-9.35131,2.43172,45,14
4.89413,-9.44577,-0.185694,100,7
4.82245,-9.3114,2.80974,39,15
4.89763,-9.48899,0.186392,20,8
0.243922,-0.472792,-0.122823,15,1
3.84333,-7.4495,0.439308,63,9
0.266352,-0.516489,-0.112959,16,2
4.79263,-9.29749,0.915135,16,10
0.325721,-0.632155,-0.112633,47,3
4.01562,-7.7968,1.07684,32,11
2.9321,-5.69546,-0.786545,32,4
5.00366,-9.71937,1.73142,45,12
2.84524,-5.52912,-0.544026,22,5
4.51429,-8.77632,1.91839,41,13
2.86396,-5.57027,-0.328251,19,6
4.78341,-9.30751,2.41597,47,14
4.84907,-9.43527,-0.18517,36,7
5.10668,-9.9408,2.99454,29,15
4.86614,-9.50518,0.186392,77,8
0.242353,-0.473599,-0.122823,15,1
3.78274,-7.3953,0.435331,19,9
0.264547,-0.517416,-0.112959,16,2
4.47363,-8.75354,0.860053,42,10
0.32632,-0.638509,-0.113571,46,3
3.99335,-7.81715,1.07781,30,11
2.87618,-5.63267,-0.776551,59,4
4.73532,-9.27756,1.64976,58,12
2.79061,-5.46981,-0.537228,36,5
4.60115,-9.01859,1.968,7,13
2.83096,-5.55127,-0.326576,19,6
4.74013,-9.29901,2.40968,47,14
4.83608,-9.49134,-0.185938,82,7
5.06406,-9.94307,2.98988,55,15
4.62929,-9.12089,0.178538,16,8
0.240698,-0.474442,-0.122823,15,1
3.72566,-7.34368,0.431562,17,9
4.45449,-8.78787,0.86197,48,10
0.322303,-0.636119,-0.112946,35,3
3.97053,-7.83989,1.07903,47,11
2.79912,-5.52932,-0.760952,45,4
4.9365,-9.75144,1.7311,35,12
2.78235,-5.49858,-0.539145,45,5
2.79714,-5.5326,-0.324902,39,6
4.73401,-9.36768,2.42317,47,14
5.17798,-10.2462,-0.200389,100,7
4.70181,-9.30801,2.79421,7,15
4.53878,-9.01652,0.176199,51,8
0.239123,-0.475237,-0.122823,15,1
3.69462,-7.34594,0.430934,65,9
0.261019,-0.519204,-0.112959,16,2
4.51772,-8.99029,0.880273,38,10
0.319305,-0.63542,-0.112633,47,3
3.86788,-7.70046,1.05807,30,11
2.74781,-5.47293,-0.751934,42,4
4.53738,-9.04122,1.6022,46,12
2.77744,-5.53676,-0.541934,27,5
4.64353,-9.25677,2.01304,41,13
2.74834,-5.48114,-0.321343,58,6
4.9093,-9.79937,-0.191313,100,7
4.66497,-9.31572,2.79162,10,15
4.61404,-9.25839,0.180563,31,8
0.237214,-0.476193,-0.122823,15,1
3.74879,-7.52877,0.440773,105,9
0.259024,-0.520203,-0.112959,16,2
4.54797,-9.13778,0.892998,56,10
0.316752,-0.636696,-0.112633,35,3
3.80777,-7.65727,1.05003,40,11
2.67811,-5.38793,-0.738772,62,4
4.77352,-9.60777,1.69919,42,12
2.73038,-5.4979,-0.537054,45,5
4.61419,-9.29116,2.01647,50,13
2.75562,-5.55117,-0.324797,29,6
8.88954,-17.9157,4.61735,18,14
4.18399,-8.43599,-0.164367,34,7
4.57777,-9.23399,2.7616,11,15
4.52856,-9.16687,0.178468,56,8
0.23555,-0.477018,-0.122823,15,1
3.93906,-7.9806,0.466418,63,9
0.257115,-0.521149,-0.112959,16,2
4.53031,-9.18656,0.896135,26,10
0.312669,-0.634309,-0.112007,23,3
3.7933,-7.69544,1.05344,57,11
2.57155,-5.21918,-0.714398,37,4
4.49122,-9.11932,1.61002,9,12
2.74109,-5.56817,-0.54298,10,5
4.65812,-9.46655,2.05082,39,13
2.98031,-6.05947,-0.353896,33,6
8.8264,-17.9534,4.6187,32,14
4.14129,-8.42362,-0.163843,100,7
8.92828,-18.1687,5.42433,16,15
4.45185,-9.09539,0.176758,56,8
0.2338,-0.477879,-0.122823,15,1
3.91557,-8.00327,0.466941,65,9
0.255295,-0.522043,-0.112959,16,2
4.32497,-8.8479,0.861622,50,10
0.314789,-0.644271,-0.113571,23,3
3.74417,-7.66649,1.04759,49,11
2.56895,-5.26246,-0.719029,22,4
4.46282,-9.14205,1.61128,12,12
4.63968,-9.51275,2.0573,40,13
2.92501,-5.99982,-0.349814,16,6
8.76794,-17.9929,4.62094,21,14
4.11711,-8.44882,-0.164053,100,7
8.99593,-18.4689,5.50456,19,15
4.4985,-9.26842,0.17983,47,8
0.232214,-0.478651,-0.122823,15,1
0.253471,-0.522931,-0.112959,16,2
4.26452,-8.80198,0.855695,50,10
0.306622,-0.632868,-0.111381,24,3
3.7343,-7.71102,1.05198,30,11
2.64316,-5.46035,-0.744866,16,4
9.36681,-19.3589,3.4062,9,12
4.67393,-9.66417,2.08669,15,13
2.69821,-5.58152,-0.324902,22,6
10.1725,-21.0521,5.39793,6,14
4.97643,-10.3034,-0.199725,66,7
9.1187,-18.8882,5.62,19,15
4.45745,-9.26604,0.179481,33,8
0.230542,-0.479459,-0.122823,15,1
0.251735,-0.523769,-0.112959,16,2
4.21547,-8.77476,0.851686,16,10
0.302701,-0.630373,-0.110756,24,3
3.70736,-7.72401,1.05198,11,11
2.64384,-5.51071,-0.750471,43,4
3.1382,-6.547,-0.635191,5,5
3.80514,-7.93838,1.71118,13,13
2.67612,-5.5855,-0.324588,26,6
4.05803,-8.47735,-0.164053,100,7
10.4393,-21.8179,6.48083,14,15
4.40959,-9.24906,0.178852,35,8
0.228867,-0.480261,-0.122823,15,1
4.22921,-8.87869,0.515405,51,9
0.249814,-0.524688,-0.112959,16,2
4.16273,-8.74698,0.847502,46,10
0.2936,-0.617207,-0.108253,25,3
4.13061,-8.6834,1.18067,30,11
2.63311,-5.53783,-0.752909,25,4
4.90783,-10.3266,1.81089,44,12
2.58699,-5.44573,-0.527467,1,5
3.77938,-7.95937,1.7127,43,13
4.50798,-9.49807,-0.550993,7,6
4.08363,-8.60785,2.19957,13,14
4.01984,-8.4734,-0.163704,93,7
10.215,-21.5418,6.38817,13,15
4.44056,-9.40258,0.181505,60,8
0.227105,-0.481096,-0.122823,15,1
4.40716,-9.34029,0.541259,41,9
0.247981,-0.525557,-0.112959,16,2
4.14407,-8.78668,0.849943,14,10
0.300709,-0.637883,-0.111694,48,3
4.15207,-8.81161,1.19603,30,11
2.69146,-5.71446,-0.775577,17,4
4.85901,-10.3212,1.80682,39,12
2.57984,-5.47996,-0.529907,6,5
4.19294,-8.91045,1.9142,23,13
2.92596,-6.2208,-0.360281,37,6
4.89452,-10.4155,-0.200877,38,7
10.0702,-21.4392,6.34676,16,15
4.43823,-9.48322,0.182762,32,8
0.225424,-0.481886,-0.122823,15,1
4.37791,-9.36285,0.541677,16,9
0.246145,-0.526419,-0.112959,16,2
4.16652,-8.91481,0.860924,44,10
0.299317,-0.640718,-0.112007,35,3
4.12968,-8.84404,1.19846,35,11
2.61356,-5.5997,-0.758759,24,4
3.83498,-8.22038,1.43669,63,12
2.55733,-5.48171,-0.52921,13,5
2.90929,-6.24184,-0.360909,20,6
4.00698,-8.60083,2.19057,43,14
4.82099,-10.3528,-0.199341,100,7
10.1942,-21.9015,6.47306,7,15
4.40763,-9.5041,0.182866,43,8
0.223741,-0.48267,-0.122823,15,1
4.30064,-9.27765,0.53592,12,9
0.244306,-0.527275,-0.112959,16,2
4.14124,-8.94195,0.862145,44,10
0.292929,-0.632796,-0.110443,49,3
2.58733,-5.59438,-0.756809,43,4
3.80852,-8.23485,1.43701,79,12
2.86089,-6.18869,-0.596494,65,5
2.85483,-6.18124,-0.356827,37,6
3.97529,-8.61122,2.18967,45,14
3.95855,-8.57494,-0.164855,69,7
10.1879,-22.0791,6.51551,21,15
4.45042,-9.68037,0.185973,75,8
0.222139,-0.483409,-0.122823,15,1
4.24989,-9.25268,0.533617,54,9
0.242464,-0.528125,-0.112959,16,2
4.11332,-8.9636,0.862842,12,10
0.290005,-0.631969,-0.11013,49,3
12.1577,-26.5058,3.58052,11,11
2.903,-6.33194,-0.855279,57,4
3.80198,-8.29658,1.44545,61,12
3.6652,-8.00179,1.71079,55,13
2.8102,-6.13801,-0.353791,37,6
4.2873,-9.3686,2.37863,35,14
3.92194,-8.57416,-0.164576,94,7
9.93086,-21.7209,6.39956,21,15
4.38511,-9.62669,0.184646,16,8
0.22045,-0.484182,-0.122823,15,1
4.2126,-9.25655,0.532989,34,9
0.27324,-0.600402,-0.128224,14,2
11.6204,-25.546,2.45535,13,10
0.291068,-0.64017,-0.111381,48,3
12.3591,-27.195,3.66778,12,11
2.86528,-6.30769,-0.850648,45,4
3.82117,-8.41592,1.46391,58,12
2.85329,-6.28421,-0.603815,5,5
3.62102,-7.97878,1.70316,32,13
2.79536,-6.16234,-0.354628,40,6
9.03785,-19.9331,5.05285,34,14
3.88951,-8.58233,-0.164471,22,7
9.9331,-21.9279,6.45029,21,15
4.70519,-10.4257,0.199656,57,8
0.218759,-0.484948,-0.122823,15,1
0.255003,-0.565558,-0.120591,15,2
4.06122,-9.01137,0.864759,10,10
0.291265,-0.646585,-0.11232,47,3
10.0147,-22.2422,2.99506,8,11
2.83021,-6.28869,-0.846748,46,4
3.86147,-8.58414,1.49082,79,12
2.87057,-6.38135,-0.612182,13,5
3.65352,-8.12567,1.73178,24,13
3.9094,-8.69881,-0.499808,38,6
8.95464,-19.9343,5.0452,48,14
3.86362,-8.60498,-0.164646,69,7
12.3774,-27.5795,8.1,18,15
4.69407,-10.4986,0.200738,56,8
0.217065,-0.485709,-0.122823,15,1
0.237013,-0.530593,-0.112959,16,2
4.03543,-9.03823,0.865979,90,10
0.289812,-0.649402,-0.112633,47,3
9.84158,-22.0631,2.9663,16,11
2.53906,-5.69479,-0.765583,25,4
4.70472,-10.5571,1.8306,32,12
2.84392,-6.38455,-0.611485,12,5
3.55644,-7.98414,1.69896,58,13
3.99518,-8.97332,-0.514777,63,6
8.92303,-20.0509,5.0668,45,14
4.7755,-10.736,-0.205101,100,7
9.51372,-21.3983,6.27481,22,15
4.66387,-10.5296,0.201017,52,8
0.215368,-0.486464,-0.122823,15,1
4.10655,-9.28007,0.531838,44,9
0.235066,-0.531458,-0.112959,16,2
9.3048,-21.047,2.0133,34,10
0.284236,-0.643233,-0.111381,48,3
9.70193,-21.9557,2.94729,8,11
2.92499,-6.62244,-0.888915,12,4
4.63673,-10.5029,1.81839,63,12
8.66111,-19.6281,-1.87699,4,5
3.52161,-7.98455,1.69629,48,13
3.8535,-8.74118,-0.500646,24,6
4.14343,-9.40331,2.37233,8,14
4.74928,-10.7782,-0.205589,9,7
12.2889,-27.9022,8.16936,18,15
4.61802,-10.5301,0.200703,23,8
0.212801,-0.485465,-0.122373,15,1
4.04926,-9.242,0.528803,48,9
0.248967,-0.56824,-0.120591,15,2
9.24326,-21.1068,2.01591,43,10
0.279613,-0.638792,-0.110443,49,3
9.55774,-21.8456,2.92779,15,11
7.14238,-16.3327,-2.18877,2,4
4.57288,-10.4619,1.80838,44,12
7.32058,-16.7482,-1.59913,13,5
3.4552,-7.90864,1.67759,37,13
3.81097,-8.72712,-0.499076,45,6
4.5818,-10.5023,-0.200005,28,7
12.202,-27.9824,8.17972,24,15
9.30827,-21.428,0.407793,18,8
0.211105,-0.486205,-0.122373,15,1
4.03288,-9.29273,0.530896,51,9
0.23135,-0.533087,-0.112959,16,2
9.05932,-20.8848,1.99168,19,10
0.273452,-0.630702,-0.108878,50,3
9.16727,-21.1539,2.83078,36,11
2.85543,-6.5922,-0.88209,15,4
3.7154,-8.58167,1.48112,27,12
4.2366,-9.78553,-0.932915,28,5
3.43849,-7.94588,1.68294,46,13
3.79,-8.76237,-0.500332,14,6
4.11944,-9.52859,2.39663,47,14
3.87644,-8.9708,-0.17058,35,7
12.118,-28.0568,8.18903,18,15
0.209407,-0.486939,-0.122373,15,1
3.97597,-9.24986,0.527651,52,9
0.258174,-0.600627,-0.127079,14,2
10.564,-24.5885,2.34135,19,10
0.274367,-0.638913,-0.11013,49,3
9.09572,-21.1913,2.83151,29,11
2.80579,-6.5401,-0.873803,12,4
3.67608,-8.5728,1.47737,50,12
2.76392,-6.44561,-0.613576,8,5
3.41073,-7.95783,1.68294,35,13
4.06769,-9.49522,-0.541363,17,6
3.71643,-8.67945,2.17978,45,14
3.83802,-8.96773,-0.170266,78,7
12.0656,-28.2055,8.22009,12,15
11.1135,-26.0805,0.494846,3,8
0.207706,-0.487667,-0.122373,15,1
0.228392,-0.536495,-0.113341,16,2
3.87392,-9.10429,0.865631,16,10
0.273681,-0.643503,-0.110756,24,3
11.141,-26.2084,3.49668,11,11
4.21129,-9.91156,-1.32228,17,4
4.13937,-9.74701,-0.926466,18,5
3.99006,-9.40456,-0.535397,84,6
3.70209,-8.73004,2.18922,61,14
8.3048,-19.5934,-0.371457,45,7
11.9181,-28.1318,8.18645,24,15
10.7441,-25.4596,0.48235,3,8
0.206002,-0.488389,-0.122373,15,1
10.4917,-24.8857,1.41537,9,9
3.85217,-9.14162,0.867897,40,10
0.269133,-0.638993,-0.109817,24,3
10.8199,-25.7019,3.42404,10,11
6.9914,-16.6156,-2.21339,7,4
8.27149,-19.6675,3.3793,33,12
4.09976,-9.75293,-0.925594,3,5
8.90126,-21.1753,4.46493,13,13
3.82878,-9.11277,-0.518021,17,6
3.68744,-8.78065,2.19867,61,14
3.75442,-8.94452,-0.169323,34,7
8.98051,-21.4056,6.21994,9,15
10.7076,-25.6224,0.484723,3,8
0.204296,-0.489105,-0.122373,15,1
3.8081,-9.12143,0.518021,29,9
0.224547,-0.538116,-0.113341,16,2
3.81404,-9.14465,0.866851,28,10
0.269069,-0.645445,-0.110756,24,3
10.747,-25.7799,3.4294,10,11
8.3947,-20.1471,-2.67991,9,4
8.27341,-19.8658,3.40839,33,12
7.14673,-17.1689,-1.62702,17,5
8.90655,-21.4071,4.50691,21,13
7.97876,-19.1866,-1.08901,20,6
3.65299,-8.7887,2.19732,58,14
3.72471,-8.96127,-0.169393,70,7
8.97837,-21.6117,6.27067,19,15
10.4615,-25.2938,0.477777,6,8
0.202502,-0.489851,-0.122373,15,1
3.78615,-9.15866,0.519382,13,9
0.24366,-0.589701,-0.124026,14,2
3.82545,-9.26287,0.876787,22,10
0.260031,-0.629947,-0.10794,25,3
10.5237,-25.5071,3.38797,10,11
6.94422,-16.8396,-2.23655,14,4
8.11666,-19.6827,3.3721,43,12
4.0179,-9.74816,-0.922456,20,5
8.78989,-21.3364,4.48554,21,13
7.90262,-19.1922,-1.08775,8,6
3.63934,-8.84285,2.20767,33,14
3.61578,-8.78559,-0.165833,43,7
8.48323,-20.6227,5.9751,5,15
10.464,-25.5393,0.481756,13,8
3.79956,-9.28273,0.525662,4,9
0.220785,-0.53967,-0.113341,16,2
3.79837,-9.28908,0.878007,18,10
0.258688,-0.632634,-0.108253,25,3
10.2783,-25.1486,3.33581,10,11
6.90035,-16.8919,-2.24045,19,4
7.69247,-18.8404,3.22318,13,12
4.05838,-9.94475,-0.939713,12,5
7.43801,-18.2263,3.82648,8,13
8.29756,-20.3427,-1.15139,23,6
8.31249,-20.3895,5.08344,25,14
3.55566,-8.72594,-0.164471,26,7
8.3682,-20.5466,5.94456,13,15
10.2327,-25.2254,0.475159,3,8
3.71172,-9.15461,0.517707,10,9
0.245539,-0.605902,-0.127079,14,2
3.70023,-9.13542,0.862319,10,10
0.26315,-0.650012,-0.111068,24,3
10.1801,-25.1586,3.3324,40,11
6.8592,-16.9601,-2.2463,19,4
7.62921,-18.864,3.22286,9,12
8.21428,-20.3208,-1.9176,34,5
7.40008,-18.3158,3.83984,14,13
11.369,-28.1535,-1.59122,24,6
8.30618,-20.5792,5.12349,20,14
3.51249,-8.70245,-0.163808,22,7
8.39398,-20.8072,6.01185,14,15
7.40245,-18.4235,0.34657,10,8
3.67081,-9.14526,0.516451,23,9
0.217106,-0.541161,-0.113341,16,2
3.67351,-9.16123,0.863539,44,10
0.258052,-0.643547,-0.109817,24,3
10.0988,-25.1978,3.33313,20,11
6.82728,-17.0435,-2.25434,19,4
7.54056,-18.8337,3.21316,17,12
4.0624,-10.1516,-0.956621,2,5
7.33274,-18.3239,3.83641,19,13
8.14851,-20.3727,-1.14993,27,6
8.19015,-20.4872,5.09379,10,14
3.49173,-8.7388,-0.164262,100,7
7.92436,-19.8424,5.72508,5,15
10.0763,-25.3593,0.476311,12,8
0.195643,-0.49263,-0.122373,15,1
3.63051,-9.1463,0.515719,8,9
3.64505,-9.1876,0.864759,60,10
0.255579,-0.644534,-0.109817,24,3
9.98588,-25.1958,3.32776,20,11
3.8126,-9.62462,-1.2711,35,4
7.43765,-18.7853,3.20002,19,12
6.83272,-17.2663,-1.62458,3,5
10.3947,-26.2673,5.4911,16,13
8.05627,-20.3686,-1.14794,50,6
8.0842,-20.4496,5.0767,40,14
3.48608,-8.82281,-0.165588,100,7
7.88998,-19.9787,5.75562,27,15
7.26574,-18.4735,0.3465,14,8
0.193922,-0.49331,-0.122373,15,1
7.1942,-18.3104,1.03102,5,9
0.213134,-0.542737,-0.113341,16,2
3.6048,-9.1842,0.86319,48,10
0.249608,-0.636271,-0.108253,51,3
8.0021,-20.398,2.69039,13,11
3.77391,-9.62493,-1.26939,11,4
7.35257,-18.7615,3.19158,16,12
3.82001,-9.75254,-0.916355,20,5
7.21147,-18.4204,3.84518,26,13
7.23559,-18.4915,-1.04065,45,6
8.13766,-20.8076,5.15813,42,14
3.47201,-8.87776,-0.166391,21,7
7.72313,-19.7579,5.68418,21,15
7.19943,-18.5037,0.34657,23,8
0.192113,-0.494018,-0.122373,15,1
7.07957,-18.2051,1.02369,4,9
0.225463,-0.580076,-0.120973,15,2
3.64414,-9.38059,0.880447,52,10
0.248101,-0.63898,-0.108566,38,3
9.82328,-25.3128,3.33386,10,11
7.2606,-18.7189,3.18,19,12
3.92782,-10.1318,-0.950695,16,5
8.21537,-21.2024,4.4199,15,13
7.17244,-18.5204,-1.04086,26,6
8.04318,-20.7796,5.14418,47,14
3.42873,-8.85812,-0.165798,21,7
7.61299,-19.6784,5.65364,23,15
7.09274,-18.41,0.344371,17,8
7.0454,-18.3061,1.02798,11,9
3.50699,-9.12174,0.854998,18,10
0.258031,-0.671144,-0.113884,46,3
6.92958,-18.0333,2.37207,30,11
3.6084,-9.39531,-1.23576,42,4
7.203,-18.7645,3.18344,24,12
7.12179,-18.5626,3.86465,19,13
6.37014,-16.6121,-0.932417,3,6
7.98538,-20.8352,5.15138,42,14
3.33698,-8.71131,-0.162831,26,7
7.5712,-19.7752,5.67383,26,15
7.6646,-20.1032,0.375541,2,8
7.18618,-18.8681,1.05813,13,9
0.242472,-0.636638,-0.132421,13,2
3.46538,-9.10353,0.852209,58,10
0.247258,-0.649885,-0.11013,49,3
6.87011,-18.0667,2.37328,20,11
3.8062,-10.0146,-1.31546,52,4
7.14026,-18.7969,3.18469,19,12
3.79193,-9.98759,-0.934658,30,5
7.05556,-18.5837,3.86388,8,13
6.43824,-16.9666,-0.951049,14,6
7.89395,-20.8138,5.13923,25,14
3.35546,-8.85193,-0.165239,100,7
7.46174,-19.6949,5.64329,28,15
7.01274,-18.5881,0.346779,10,8
7.75912,-20.5882,1.15307,4,9
0.205535,-0.54566,-0.113341,16,2
3.50991,-9.32314,0.871557,34,10
0.246961,-0.656334,-0.111068,48,3
6.79093,-18.0478,2.36768,35,11
3.76423,-10.0093,-1.31302,48,4
7.13994,-18.9955,3.2141,16,12
3.64003,-9.68929,-0.905548,37,5
6.91493,-18.4164,3.82381,26,13
10.1879,-27.1475,-1.51963,7,6
7.7478,-20.6565,5.09334,25,14
3.33016,-8.87856,-0.165519,22,7
7.49331,-19.9886,5.7199,12,15
6.20083,-16.6202,0.309641,1,8
0.185878,-0.498478,-0.122823,15,1
6.12541,-16.4356,0.919229,7,9
0.203629,-0.546374,-0.113341,16,2
3.49682,-9.38761,0.876438,56,10
0.24329,-0.653489,-0.110443,49,3
6.73443,-18.0987,2.37109,15,11
3.71092,-9.97835,-1.30717,49,4
7.77984,-20.9305,3.53667,6,12
3.61382,-9.72248,-0.907466,33,5
6.17901,-16.6415,-0.930324,38,6
10.0724,-27.1418,6.68375,9,14
3.31081,-8.92633,-0.166182,100,7
7.73426,-20.8636,5.96216,11,15
6.1227,-16.5874,0.308628,15,8
6.87849,-18.655,1.04201,12,9
3.49021,-9.4708,0.883062,36,10
0.236911,-0.643213,-0.108566,38,3
3.42407,-9.30134,1.21699,43,11
3.55542,-9.66336,-1.26427,31,4
6.90156,-18.768,3.16717,17,12
3.64657,-9.91642,-0.924374,48,5
6.79771,-18.4956,3.8303,12,13
8.54224,-23.2547,-1.29835,23,6
7.58393,-20.657,5.08029,5,14
3.31683,-9.03921,-0.168067,100,7
7.30951,-19.931,5.68832,4,15
6.02498,-16.4997,0.306604,42,8
6.81949,-18.6958,1.04295,13,9
0.19981,-0.547783,-0.113341,16,2
3.41959,-9.37997,0.873475,42,10
0.235341,-0.645892,-0.108878,37,3
3.37935,-9.27966,1.2126,41,11
2.59763,-7.13693,-0.932544,13,4
6.86707,-18.8774,3.18156,13,12
3.58841,-9.8698,-0.918796,35,5
6.86526,-18.8827,3.90548,19,13
6.25913,-17.2249,-0.96047,14,6
7.08137,-19.4983,4.78921,4,14
3.25182,-8.95863,-0.166356,100,7
7.2445,-19.9692,5.69195,19,15
5.96259,-16.5075,0.30636,24,8
3.36155,-9.32684,0.867374,24,10
0.232972,-0.64675,-0.108878,37,3
3.36645,-9.34556,1.21967,31,11
2.57674,-7.15716,-0.934007,26,4
6.6647,-18.5221,3.11774,12,12
3.49056,-9.70603,-0.902411,48,5
6.62866,-18.4421,3.80931,13,13
8.94147,-24.8904,-1.38607,13,6
7.33516,-20.4301,5.01146,38,14
3.17526,-8.84383,-0.164018,100,7
7.42531,-20.6926,5.89072,5,15
5.88456,-16.4803,0.305452,8,8
7.49472,-21.0128,1.16919,3,9
0.195885,-0.549199,-0.113341,16,2
3.31693,-9.30474,0.864236,20,10
0.226072,-0.634534,-0.106688,26,3
3.26958,-9.18205,1.19676,38,11
6.30234,-17.7088,-2.30796,25,4
6.58154,-18.5035,3.11054,19,12
3.4413,-9.67498,-0.898401,45,5
6.58924,-18.5354,3.82381,26,13
6.03007,-16.9719,-0.943931,21,6
6.52758,-18.3823,4.50352,13,14
3.15486,-8.88933,-0.164646,100,7
7.66974,-21.6227,6.14747,12,15
3.10294,-8.78679,0.162656,2,8
0.177062,-0.501677,-0.122823,15,1
6.54831,-18.5639,1.03165,12,9
0.193967,-0.549879,-0.113341,16,2
6.97825,-19.7938,1.8362,16,10
0.224512,-0.637182,-0.107001,26,3
3.25136,-9.23273,1.20188,22,11
6.10999,-17.3599,-2.2597,33,4
7.26942,-20.6656,3.46972,16,12
3.38833,-9.63243,-0.893346,39,5
6.53296,-18.5824,3.82877,19,13
5.93106,-16.8798,-0.937651,28,6
6.54602,-18.6403,4.56111,38,14
3.12977,-8.91727,-0.16496,21,7
7.14404,-20.366,5.78305,12,15
3.07752,-8.81267,0.162936,43,8
6.00392,-17.2119,0.955341,13,9
7.11703,-20.4144,1.89145,8,10
0.219687,-0.6305,-0.10575,26,3
3.2054,-9.20465,1.19676,16,11
5.88036,-16.8956,-2.19657,9,4
6.43079,-18.4875,3.10022,25,12
3.32,-9.54446,-0.884108,40,5
6.55702,-18.861,3.88144,19,13
5.87079,-16.8966,-0.937442,38,6
6.45854,-18.5986,4.54536,28,14
3.16747,-9.1265,-0.168625,100,7
7.06215,-20.3598,5.77425,27,15
3.47556,-10.0652,0.185868,47,8
6.37166,-18.4732,1.02411,9,9
6.95288,-20.1697,1.86653,33,10
0.219415,-0.636866,-0.106688,26,3
6.30901,-18.3227,2.37938,35,11
3.35703,-9.75505,-1.26671,5,4
6.46837,-18.8068,3.14996,14,12
3.36701,-9.78962,-0.905722,37,5
6.35265,-18.4809,3.79863,27,13
5.81891,-16.9378,-0.938593,38,6
7.10932,-20.7056,5.0542,19,14
3.16156,-9.21315,-0.170021,22,7
7.00106,-20.4135,5.78254,27,15
3.43394,-10.0584,0.185519,45,8
7.31523,-21.4393,1.18719,6,9
6.85929,-20.126,1.86025,16,10
0.219101,-0.643238,-0.107627,25,3
3.11995,-9.16479,1.18871,5,11
3.33682,-9.80184,-1.27134,17,4
6.43078,-18.9011,3.16217,17,12
3.29882,-9.70133,-0.896484,50,5
6.3418,-18.6609,3.83106,19,13
5.88501,-17.3267,-0.959004,10,6
6.33618,-18.6551,4.54851,28,14
3.1342,-9.23306,-0.170196,100,7
6.26302,-18.4608,5.22349,17,15
3.33851,-9.88591,0.182133,45,8
5.75593,-17.0541,0.943303,6,9
8.40217,-24.9234,2.30109,12,10
0.218229,-0.647705,-0.108253,25,3
3.11868,-9.26163,1.19993,63,11
3.32583,-9.87681,-1.27963,17,4
6.36806,-18.9223,3.16217,8,12
3.25076,-9.66501,-0.892126,45,5
6.95986,-20.7047,4.24588,18,13
5.80017,-17.2647,-0.954503,35,6
6.01239,-17.8964,4.35865,6,14
3.09656,-9.22255,-0.169812,35,7
6.16182,-18.3625,5.18984,21,15
3.28417,-9.83244,0.180947,67,8
7.13689,-21.3919,1.18185,3,9
0.184437,-0.553148,-0.113341,16,2
5.89378,-17.6761,1.63016,13,10
0.213581,-0.640929,-0.107001,26,3
3.12872,-9.39434,1.21577,44,11
3.30576,-9.93168,-1.28523,15,4
6.28826,-18.9032,3.15528,16,12
3.20066,-9.62714,-0.887594,40,5
6.13911,-18.4764,3.78451,22,13
7.86927,-23.6973,-1.30861,30,6
5.94743,-17.9099,4.35685,25,14
5.79361,-17.4569,-0.321054,97,7
6.12688,-18.4719,5.21469,10,15
3.22242,-9.76655,0.179515,56,8
5.73127,-17.3908,0.959632,24,9
5.60083,-17.005,1.56636,29,10
0.203202,-0.617315,-0.102934,28,3
7.45133,-22.6633,-2.92925,14,4
6.2029,-18.8773,3.14715,21,12
3.24865,-9.89246,-0.910952,31,5
5.98013,-18.2208,3.72764,29,13
7.00674,-21.3614,-1.17819,9,6
5.80036,-17.6835,4.29657,34,14
5.64923,-17.2329,-0.316552,60,7
6.0886,-18.5842,5.24005,21,15
3.21944,-9.87907,0.181365,50,8
5.69898,-17.4981,0.964447,6,9
5.50518,-16.9231,1.55695,58,10
0.206435,-0.634963,-0.10575,13,3
3.02726,-9.31696,1.20285,35,11
6.84646,-21.0838,-2.72183,13,4
6.12965,-18.8763,3.14339,13,12
3.14952,-9.70475,-0.892649,45,5
5.94435,-18.3275,3.7452,13,13
6.90996,-21.3173,-1.17442,29,6
5.73791,-17.712,4.29837,34,14
5.69073,-17.5664,-0.322311,22,7
6.10879,-18.8681,5.31407,16,15
0.178538,-0.55508,-0.113341,16,2
5.51375,-17.1528,1.5763,33,10
0.205537,-0.639405,-0.106375,26,3
2.97389,-9.25702,1.19383,66,11
3.20408,-9.97954,-1.28694,11,4
6.077,-18.939,3.15028,3,12
3.13144,-9.76502,-0.897181,41,5
5.83438,-18.1938,3.71391,21,13
3.20139,-9.98914,-0.549737,17,6
5.75463,-17.9667,4.3555,34,14
5.63669,-17.609,-0.32273,22,7
6.10999,-19.0991,5.37308,6,15
5.57141,-17.4997,0.320566,15,8
0.161305,-0.506963,-0.122823,15,1
5.62026,-17.6745,0.971983,14,9
0.206443,-0.649216,-0.132421,13,2
5.43512,-17.1026,1.57002,54,10
0.200912,-0.632588,-0.105124,13,3
2.91213,-9.17463,1.18189,55,11
3.18063,-10.0266,-1.29157,17,4
7.78861,-24.5677,4.082,13,12
3.16167,-9.97287,-0.91531,45,5
5.80523,-18.3226,3.73604,17,13
3.16892,-10.0079,-0.550156,28,6
5.7642,-18.2152,4.41084,19,14
6.75704,-21.3656,-0.391143,73,7
5.98914,-18.949,5.32494,20,15
5.49349,-17.4656,0.319588,20,8
5.55195,-17.673,0.970832,16,9
0.174755,-0.556283,-0.113341,16,2
5.46968,-17.4218,1.59756,70,10
0.19752,-0.629516,-0.104498,13,3
5.57426,-17.7766,2.28749,24,11
3.14739,-10.0433,-1.2923,20,4
6.98726,-22.31,3.7028,24,12
3.13993,-10.0257,-0.919144,41,5
6.10718,-19.5119,3.97417,20,13
3.04214,-9.72532,-0.534036,73,6
5.75698,-18.4156,4.45448,16,14
3.14204,-10.057,-0.183913,25,7
6.57186,-21.048,5.90832,13,15
5.44851,-17.5363,0.320531,35,8
5.51212,-17.7629,0.974705,30,9
5.50385,-17.7472,1.62563,30,10
0.192397,-0.620767,-0.102934,28,3
5.43641,-17.5514,2.25605,34,11
3.42519,-11.065,-1.42222,16,4
6.61627,-21.3869,3.54574,8,12
3.12553,-10.1032,-0.925245,33,5
6.06223,-19.6081,3.98943,15,13
3.05239,-9.879,-0.541887,73,6
7.60957,-24.6435,5.95445,38,14
6.52568,-21.1595,5.93317,11,15
3.09637,-10.09,0.184228,33,8
0.155987,-0.508624,-0.122823,15,1
5.44131,-17.7534,0.973135,29,9
0.170867,-0.557489,-0.113341,16,2
5.39577,-17.6158,1.61186,33,10
0.19312,-0.630879,-0.104498,13,3
5.34259,-17.4639,2.2424,28,11
3.4411,-11.2553,-1.44513,26,4
6.67837,-21.8576,3.61989,23,12
3.04367,-9.96161,-0.9113,41,5
8.16558,-26.7418,5.435,3,13
3.00507,-9.84757,-0.539584,100,6
8.46601,-27.7604,6.70039,48,14
6.50379,-21.3395,-0.389398,24,7
5.8281,-19.1345,5.35962,12,15
3.06461,-10.1122,0.184437,67,8
5.33996,-17.6423,0.966017,29,9
0.168254,-0.556233,-0.112959,16,2
5.33252,-17.6288,1.61134,27,10
0.19206,-0.635331,-0.105124,13,3
5.32121,-17.6136,2.25921,29,11
3.3995,-11.2597,-1.44415,8,4
6.59918,-21.8713,3.61833,10,12
3.09687,-10.2703,-0.938493,24,5
7.52371,-24.967,5.06865,3,13
2.97298,-9.8719,-0.540316,91,6
8.32129,-27.6311,6.66215,38,14
5.23112,-17.3811,-0.316831,30,7
12.612,-41.9317,11.7328,28,15
3.02317,-10.1217,0.55361,52,9
3.08185,-10.3247,0.942677,21,10
0.187471,-0.628459,-0.103873,13,3
5.26342,-17.6558,2.26214,9,11
5.74834,-19.2947,-2.472,23,4
6.5714,-22.0715,3.64743,17,12
3.0592,-10.2816,-0.938493,26,5
7.89994,-26.5676,5.38768,3,13
2.92483,-9.84252,-0.538118,77,6
8.19165,-27.5662,6.63921,48,14
6.45225,-21.7267,-0.395611,24,7
5.67234,-19.1127,5.34203,15,15
2.97909,-10.096,0.183739,13,8
2.98831,-10.1403,0.554029,56,9
0.16427,-0.557422,-0.112959,16,2
5.17613,-17.5757,1.60297,47,10
0.185167,-0.629142,-0.103873,13,3
5.63726,-19.1661,2.45299,26,11
5.02429,-17.0931,-2.18755,9,4
5.21274,-17.7457,2.92939,16,12
3.01712,-10.2711,-0.936576,38,5
6.35002,-21.6313,4.38212,15,13
2.87022,-9.78368,-0.53435,63,6
5.59985,-19.1005,4.5953,29,14
7.59829,-25.9337,-0.471704,97,7
8.1998,-28.0049,7.81892,5,15
2.94494,-10.1102,0.183809,6,8
2.95116,-10.1513,0.924897,40,10
0.179663,-0.618403,-0.101995,14,3
5.15687,-17.7616,2.27091,48,11
3.25257,-11.21,-1.43318,11,4
5.10401,-17.6025,2.9028,33,12
2.9757,-10.2625,-0.934833,48,5
6.28213,-21.6797,4.38746,15,13
2.83327,-9.78405,-0.533827,59,6
7.98443,-27.5904,6.63111,28,14
7.50438,-25.9485,-0.471494,19,7
8.04783,-27.8459,7.76664,22,15
6.17676,-21.4843,0.390201,2,8
0.146908,-0.51132,-0.122823,15,1
5.0663,-17.6334,0.961516,12,9
2.91021,-10.1424,0.923154,12,10
0.18077,-0.63042,-0.103873,13,3
6.19671,-21.6247,2.76205,14,11
3.21779,-11.2366,-1.43513,6,4
6.07833,-21.2256,3.49694,16,12
2.91738,-10.1943,-0.927686,43,5
5.09274,-17.8074,3.60018,31,13
2.79581,-9.78236,-0.533199,63,6
5.42837,-19.0061,4.56336,28,14
7.94696,-27.8427,7.75836,16,15
2.86951,-10.1069,0.18339,6,8
4.99328,-17.6107,0.959318,22,9
0.158424,-0.559112,-0.112959,16,2
6.21858,-21.9614,1.99691,19,10
0.178678,-0.631015,-0.103873,13,3
6.09091,-21.5248,2.74669,13,11
3.18267,-11.2548,-1.43611,8,4
6.04879,-21.4045,3.5229,22,12
2.87691,-10.1871,-0.926117,11,5
4.97497,-17.6164,3.55821,39,13
2.77963,-9.84924,-0.536339,21,6
5.31876,-18.8589,4.52377,27,14
8.27363,-29.3557,-0.532368,11,7
6.16592,-21.8919,6.09415,12,15
2.83205,-10.1092,0.18325,10,8
0.156569,-0.559634,-0.112959,16,2
6.10227,-21.8264,1.98279,38,10
0.170096,-0.608805,-0.100118,14,3
5.99172,-21.4599,2.73572,20,11
3.14123,-11.2582,-1.43513,6,4
5.96928,-21.394,3.5179,22,12
2.8506,-10.2235,-0.928557,14,5
4.93874,-17.7244,3.57652,15,13
6.85665,-24.6241,-1.33959,25,6
5.22991,-18.7948,4.50397,16,14
6.87894,-24.7209,-0.447899,27,7
6.07828,-21.8583,6.07914,33,15
5.97229,-21.5939,0.391074,5,8
0.141725,-0.512781,-0.122823,15,1
5.91016,-21.3983,1.16343,6,9
6.80956,-24.6883,2.2406,23,10
0.165975,-0.601749,-0.0988666,15,3
5.90892,-21.4376,2.73036,27,11
6.01798,-21.8482,-2.78252,13,4
5.90033,-21.4356,3.52134,8,12
5.43111,-19.7444,-1.79157,20,5
6.00724,-21.8389,4.40273,12,13
6.83636,-24.8701,-1.35173,6,6
5.16859,-18.8158,4.50487,37,14
5.58939,-20.3616,-0.36856,100,7
5.99019,-21.8365,6.06724,33,15
6.48478,-23.7695,0.430062,2,8
5.2532,-19.2818,1.04735,3,9
5.80491,-21.3215,1.93329,27,10
0.170097,-0.625198,-0.102621,14,3
5.94029,-21.8488,2.78008,7,11
2.75589,-10.1433,-1.2906,13,4
5.88241,-21.6658,3.55576,10,12
7.30396,-26.9202,-2.44036,22,5
5.92459,-21.8513,4.40082,10,13
6.65951,-24.5789,-1.33457,6,6
5.09014,-18.7867,4.49362,20,14
7.35109,-27.1501,-0.490971,20,7
5.91241,-21.8517,6.06568,24,15
6.43189,-23.9206,0.432366,2,8
5.17162,-19.2604,1.04515,13,9
0.150602,-0.561269,-0.112959,16,2
5.76907,-21.5004,1.94758,36,10
0.169851,-0.633449,-0.103873,13,3
7.51557,-28.0485,3.56541,11,11
4.76836,-17.8082,-2.2636,11,4
5.8387,-21.8208,3.57766,23,12
2.76579,-10.3437,-0.93675,10,5
5.82165,-21.7875,4.38365,17,13
6.52816,-24.4487,-1.32619,18,6
5.81908,-21.7932,5.20762,21,14
2.71945,-10.1918,-0.184123,99,7
5.84423,-21.918,6.07811,18,15
5.17541,-19.5329,0.352713,2,8
5.28686,-19.9676,1.08252,5,9
0.148642,-0.561792,-0.112959,16,2
5.74981,-21.7468,1.96798,9,10
0.168537,-0.637887,-0.104498,13,3
2.68399,-10.1729,-1.29182,24,4
5.71361,-21.6558,3.54731,22,12
2.74541,-10.413,-0.942154,56,5
5.5535,-21.0787,4.2371,11,13
7.86862,-29.8871,-1.61969,8,6
5.8066,-22.0706,5.2688,44,14
2.67979,-10.1858,-0.183844,100,7
5.74214,-21.8411,6.05119,24,15
5.31443,-20.3296,0.36678,11,8
6.53376,-25.0298,1.35571,9,9
0.14668,-0.562307,-0.112959,16,2
5.67085,-21.7552,1.96693,37,10
0.167417,-0.642265,-0.105124,13,3
10.1507,-38.9692,4.94448,16,11
1.92818,-7.40768,-0.939856,13,4
5.64047,-21.6851,3.54887,10,12
2.74162,-10.5479,-0.953484,16,5
5.48653,-21.1084,4.23939,20,13
7.14285,-27.5005,-1.48906,30,6
5.68148,-21.8898,5.22111,26,14
2.64322,-10.1912,-0.183774,23,7
5.59752,-21.5974,5.9782,28,15
7.51835,-29.1763,0.525911,10,8
6.29107,-24.4489,1.32305,10,9
6.31166,-24.5467,2.21742,11,10
0.161242,-0.62754,-0.102621,14,3
7.54134,-29.3716,3.72335,12,11
1.90329,-7.41821,-0.940344,12,4
5.57407,-21.7411,3.55482,21,12
6.32075,-24.6534,-2.22665,25,5
5.59894,-21.8539,4.38517,25,13
7.62538,-29.7852,-1.61132,41,6
5.61663,-21.9548,5.23191,44,14
2.6101,-10.2101,-0.183948,100,7
5.47907,-21.4483,5.93162,19,15
5.00156,-19.6937,0.354668,11,8
6.17132,-24.3352,1.31573,10,9
5.08999,-20.086,1.81284,31,10
0.15711,-0.620439,-0.10137,14,3
8.29874,-32.7963,4.1538,13,11
1.87593,-7.41904,-0.939613,10,4
5.41878,-21.4463,3.50351,24,12
2.82497,-11.1806,-1.00891,33,5
5.59135,-22.1455,4.43974,22,13
6.19435,-24.5519,-1.32703,24,6
5.53805,-21.9668,5.23011,27,14
7.19379,-28.5553,-0.514008,21,7
5.43152,-21.576,5.96164,14,15
6.15131,-24.5801,0.442279,2,8
5.07243,-20.2991,1.09654,16,9
5.01888,-20.0997,1.81249,15,10
0.166421,-0.666982,-0.108878,12,3
4.93828,-19.8064,2.50637,45,11
2.53628,-10.18,-1.28816,13,4
5.33673,-21.4363,3.49881,16,12
2.78205,-11.1831,-1.00822,11,5
5.45192,-21.9154,4.38975,27,13
6.14378,-24.7149,-1.33467,37,6
5.44537,-21.9217,5.21482,48,14
2.50793,-10.1038,-0.181714,100,7
5.3478,-21.5611,5.95232,13,15
6.05302,-24.551,0.441371,2,8
5.98027,-24.2924,1.31112,8,9
4.93281,-20.0677,1.80796,31,10
0.163975,-0.667588,-0.108878,12,3
5.85212,-23.8256,3.01237,16,11
2.50972,-10.2254,-1.29279,28,4
5.33386,-21.7484,3.54668,8,12
5.68233,-23.1867,-2.0886,17,5
5.45142,-22.2613,4.45501,12,13
6.68121,-27.3039,-1.47315,7,6
5.31083,-21.72,5.16218,15,14
2.47597,-10.1261,-0.181959,54,7
5.29268,-21.6622,5.9751,23,15
5.04674,-20.7972,0.373551,11,8
6.14517,-25.3623,1.36764,9,9
4.8768,-20.1429,1.81319,15,10
0.157928,-0.652796,-0.106375,13,3
5.91635,-24.474,3.09158,8,11
2.4657,-10.2076,-1.28938,6,4
5.84089,-24.1988,3.94277,10,12
5.664,-23.4659,-2.11196,23,5
5.26643,-21.8355,4.36609,5,13
7.22882,-29.9949,-1.61697,8,6
5.22905,-21.7138,5.15633,21,14
2.44539,-10.1623,-0.182447,45,7
5.17125,-21.5067,5.92696,24,15
7.13628,-29.8625,0.535928,7,8
6.99295,-29.3079,1.57908,6,9
0.134871,-0.565256,-0.112959,16,2
4.79999,-20.1327,1.81075,42,10
0.153817,-0.645657,-0.105124,13,3
4.79793,-20.1552,2.5439,17,11
1.35927,-5.71445,-0.721223,42,4
5.12648,-21.5688,3.51133,20,12
5.42909,-22.842,-2.05409,11,5
5.53131,-23.2901,4.65307,14,13
7.76325,-32.7133,-1.76205,9,6
5.28811,-22.3007,5.2913,22,14
7.13242,-30.1018,-0.539977,11,7
5.1549,-21.7728,5.99528,25,15
5.85038,-24.8651,0.445874,15,8
6.99748,-29.7871,1.60357,9,9
0.132897,-0.565723,-0.112959,16,2
4.70828,-20.0581,1.80256,7,10
0.147954,-0.630805,-0.102621,14,3
4.66187,-19.8916,2.50856,5,11
1.33343,-5.69404,-0.718054,20,4
5.70061,-24.3621,3.9628,10,12
2.44042,-10.4294,-0.937099,10,5
5.19297,-22.2101,4.43364,10,13
5.71154,-24.4472,-1.31573,6,6
5.21201,-22.3266,5.2931,33,14
5.44105,-23.3262,-0.41809,8,7
5.12052,-21.9694,6.04446,31,15
6.98854,-30.1746,0.540641,3,8
4.63554,-20.0468,1.07833,1,9
0.130922,-0.566183,-0.112959,16,2
4.62164,-20.0026,1.79611,22,10
0.145751,-0.631317,-0.102621,14,3
4.58348,-19.8691,2.50368,33,11
1.31622,-5.71026,-0.719517,11,4
5.01479,-21.7735,3.53886,22,12
2.54889,-11.0669,-0.993575,23,5
5.09824,-22.1535,4.41876,27,13
9.02515,-39.2484,-2.1106,10,6
5.13666,-22.3561,5.2958,56,14
6.87288,-29.9365,-0.536138,11,7
5.02912,-21.9231,6.02686,23,15
6.37568,-27.9722,0.500779,3,8
4.53806,-19.9421,1.07184,16,9
0.128945,-0.566637,-0.112959,16,2
4.57653,-20.1274,1.80587,27,10
0.143547,-0.631822,-0.102621,14,3
4.52508,-19.9333,2.50978,22,11
2.32381,-10.2449,-1.28987,37,4
4.91082,-21.6675,3.51884,18,12
5.09183,-22.4662,-2.01539,26,5
5.01004,-22.1232,4.40921,5,13
6.55367,-28.963,-1.55626,8,6
5.05902,-22.3758,5.29625,45,14
5.41202,-23.9566,-0.428701,26,7
5.00701,-22.1817,6.09312,18,15
7.55136,-33.6724,0.602352,4,8
4.42871,-19.7805,1.06232,12,9
0.126966,-0.567084,-0.112959,16,2
4.48711,-20.0577,1.7982,15,10
0.14134,-0.63232,-0.102621,14,3
4.49528,-20.1272,2.5322,11,11
2.32263,-10.4079,-1.30936,23,4
4.86696,-21.8272,3.54199,22,12
5.96211,-26.7387,-2.39678,29,5
6.39375,-28.6981,5.71511,8,13
5.30507,-23.8312,-1.27951,51,6
4.99527,-22.458,5.31154,45,14
7.38301,-33.2203,-0.59401,11,7
6.7785,-30.5254,8.37849,26,15
6.13199,-27.7974,0.49687,10,8
4.33085,-19.6651,1.0553,32,9
4.45646,-20.2523,1.81423,42,10
0.137435,-0.625092,-0.10137,14,3
4.45183,-20.265,2.54756,5,11
2.27309,-10.3558,-1.30181,27,4
4.32864,-19.737,3.20034,19,12
2.48664,-11.3382,-1.01554,9,5
5.08828,-23.2201,4.62063,30,13
2.21108,-10.0986,-0.541782,35,6
4.91935,-22.4867,5.31424,46,14
5.22415,-23.9,-0.427025,53,7
6.48352,-29.6863,8.14193,12,15
6.015,-27.7267,0.495229,10,8
4.35772,-20.1213,1.07896,10,9
0.123004,-0.567956,-0.112959,16,2
5.44888,-25.1808,2.25402,24,10
0.139427,-0.644875,-0.104498,13,3
5.02909,-23.2801,2.92438,31,11
2.21892,-10.2803,-1.29133,15,4
4.25472,-19.7289,3.19658,30,12
5.13182,-23.7959,-2.12974,11,5
5.02622,-23.326,4.63819,13,13
2.17918,-10.1219,-0.542619,38,6
4.83959,-22.498,5.31289,5,14
5.13019,-23.8692,-0.426153,97,7
6.20788,-28.9079,7.92245,11,15
5.95697,-27.9294,0.498476,16,8
6.91909,-32.496,1.74122,7,9
0.121021,-0.568382,-0.112959,16,2
5.28094,-24.8235,2.22038,23,10
0.136354,-0.641494,-0.103873,13,3
4.85006,-22.8373,2.86661,45,11
1.55712,-7.33828,-0.921089,23,4
4.20877,-19.8518,3.2141,8,12
5.00162,-23.5915,-2.10987,5,5
4.11196,-19.4119,3.85701,19,13
2.19429,-10.3678,-0.555389,7,6
5.22588,-24.7131,5.83163,7,14
5.14232,-24.3389,-0.434216,9,7
6.33836,-30.0258,8.22268,18,15
5.01464,-23.9203,0.426607,30,8
4.2462,-20.29,1.08639,2,9
0.119036,-0.568801,-0.112959,16,2
5.17876,-24.7677,2.21376,17,10
0.137345,-0.657435,-0.106375,13,3
4.79668,-22.9804,2.88245,15,11
1.97445,-9.46768,-1.18749,12,4
4.16282,-19.9785,3.23225,22,12
4.93672,-23.6927,-2.11736,47,5
4.04218,-19.4165,3.85511,29,13
2.09586,-10.0762,-0.539374,21,6
6.08567,-29.2836,6.9051,20,14
6.4607,-31.1155,-0.554707,11,7
6.03496,-29.0906,7.96076,17,15
5.71706,-27.753,0.494601,13,8
4.15885,-20.2245,1.0821,15,9
0.11705,-0.569213,-0.112959,16,2
4.90702,-23.884,2.13322,5,10
0.128694,-0.62695,-0.10137,14,3
4.75153,-23.1682,2.9039,31,11
1.9665,-9.59703,-1.20285,55,4
4.87996,-23.8367,-2.12869,17,5
3.97555,-19.4363,3.85625,21,13
2.06627,-10.1109,-0.54084,56,6
5.09026,-24.9303,5.87437,36,14
4.85317,-23.7903,-0.423814,8,7
5.87165,-28.8086,7.87793,16,15
5.62689,-27.8061,0.495195,3,8
4.84988,-24.0095,1.2837,14,9
5.13579,-25.4478,2.27128,6,10
0.128067,-0.635141,-0.102621,14,3
4.70121,-23.3364,2.92291,31,11
1.9514,-9.6953,-1.21431,45,4
4.7694,-23.7177,3.83171,11,12
4.71031,-23.4238,-2.09034,23,5
4.70701,-23.4286,4.64505,20,13
2.03529,-10.1396,-0.541991,14,6
5.97381,-29.7878,7.01397,41,14
4.85024,-24.2071,-0.430935,35,7
5.74943,-28.7209,7.84843,11,15
2.09662,-10.55,0.187753,3,8
4.02766,-20.304,1.08482,26,9
0.113073,-0.570016,-0.112959,16,2
4.76456,-24.0408,2.14421,44,10
0.125849,-0.635584,-0.102621,14,3
4.58081,-23.156,2.8983,31,11
1.8575,-9.39825,-1.17628,56,4
3.94419,-19.9745,3.22474,8,12
4.60883,-23.3404,-2.08145,39,5
4.82659,-24.4657,4.84731,28,13
1.9686,-9.98787,-0.533513,56,6
4.71692,-23.9538,5.63637,26,14
4.81049,-24.4515,-0.434984,90,7
5.62828,-28.6347,7.81944,22,15
4.21185,-21.5876,0.383918,7,8
0.111083,-0.570408,-0.112959,16,2
4.59386,-23.6114,2.10446,15,10
0.12363,-0.636019,-0.102621,14,3
4.57829,-23.5752,2.94875,24,11
1.81901,-9.37545,-1.17263,48,4
3.91166,-20.1802,3.25571,19,12
4.26231,-21.9892,-1.95961,5,5
3.86325,-19.9491,3.94975,20,13
1.98494,-10.2594,-0.547643,80,6
4.60517,-23.8247,5.60218,52,14
6.31152,-32.6831,-0.581025,22,7
5.56855,-28.8628,7.87638,11,15
4.12895,-21.5629,0.38322,12,8
7.33146,-38.3601,2.04675,9,9
0.109091,-0.570792,-0.112959,16,2
4.45537,-23.3337,2.07832,25,10
0.12511,-0.655851,-0.10575,13,3
4.3737,-22.9495,2.86856,45,11
1.80223,-9.46559,-1.18311,41,4
4.61342,-24.2534,3.91024,17,12
4.5571,-23.9573,-2.13357,29,5
3.81705,-20.0859,3.97417,15,13
1.92303,-10.1289,-0.540316,94,6
4.56737,-24.08,5.65842,20,14
6.20596,-32.7501,-0.581828,68,7
4.80154,-25.3629,6.91668,12,15
4.02079,-21.4023,0.380113,21,8
4.52596,-24.1376,1.28705,2,9
4.31372,-23.028,2.04973,55,10
0.119186,-0.636867,-0.102621,14,3
4.26183,-22.7949,2.84736,37,11
1.77866,-9.52256,-1.18944,20,4
3.65038,-19.5623,3.15184,29,12
4.08165,-21.8734,-1.94671,20,5
3.73792,-20.0508,3.96463,9,13
1.89279,-10.1631,-0.541782,84,6
3.67304,-19.741,4.63579,22,14
6.08502,-32.7362,-0.5812,56,7
4.71157,-25.3719,6.91461,33,15
4.0015,-21.7171,0.385454,15,8
4.53198,-24.6444,1.31321,4,9
4.23656,-23.0605,2.0513,50,10
0.118389,-0.645051,-0.103873,13,3
4.28677,-23.3797,2.91853,63,11
1.7776,-9.70445,-1.21138,31,4
3.56678,-19.4913,3.13839,27,12
1.81871,-9.94849,-0.884805,7,5
3.62483,-19.8281,3.91807,20,13
1.85048,-10.1323,-0.539793,80,6
3.6167,-19.8227,4.65199,30,14
4.47365,-24.5438,-0.435472,54,7
4.62228,-25.3844,6.91357,20,15
3.83893,-21.2507,0.376937,26,8
7.41555,-41.1315,2.19036,5,9
4.15942,-23.1171,2.05496,20,10
0.114626,-0.637704,-0.102621,14,3
4.23569,-23.5645,2.93973,48,11
1.73108,-9.64025,-1.20261,15,4
3.5064,-19.5465,3.14527,19,12
1.78503,-9.96066,-0.885328,28,5
3.55075,-19.8335,3.91655,22,13
1.82458,-10.2019,-0.543143,94,6
4.27442,-23.9239,5.61073,32,14
4.39006,-24.5711,-0.435682,18,7
3.51802,-19.7102,5.3648,16,15
3.75092,-21.2076,0.375925,26,8
4.35031,-24.6467,1.31164,8,9
4.03165,-22.8646,2.03125,34,10
0.112399,-0.6381,-0.102621,14,3
4.14413,-23.5506,2.93608,39,11
1.31528,-7.48222,-0.932788,20,4
3.43678,-19.5708,3.14715,24,12
1.7499,-9.96487,-0.885154,33,5
3.57716,-20.3911,4.02416,24,13
1.79758,-10.2574,-0.545759,87,6
3.50198,-20.0036,4.68843,19,14
4.08087,-23.3342,-0.413482,8,7
4.43686,-25.3959,6.90788,16,15
3.68608,-21.2737,0.376867,23,8
4.05021,-23.4238,1.24581,7,9
3.9613,-22.9335,2.03613,75,10
0.112858,-0.654061,-0.105124,13,3
4.0828,-23.6862,2.95119,16,11
1.6314,-9.47437,-1.18043,35,4
3.34668,-19.4562,3.12681,35,12
4.19252,-24.3991,4.8122,15,13
1.76008,-10.2538,-0.545236,66,6
3.44136,-20.0695,4.70103,19,14
1.72859,-10.0915,-0.178713,97,7
4.16833,-24.3601,6.62214,15,15
3.61682,-21.316,0.377391,19,8
3.95908,-23.3827,1.24287,20,9
0.0970132,-0.572968,-0.112959,16,2
3.8696,-22.8784,2.03003,53,10
0.110575,-0.654451,-0.105124,13,3
4.18477,-24.7945,3.08744,17,11
1.62373,-9.63073,-1.19919,19,4
5.22023,-30.9954,-2.74994,8,5
4.04512,-24.0438,4.73931,27,13
4.10399,-24.4459,5.72275,55,14
1.69005,-10.0777,-0.178364,26,7
5.02549,-29.999,8.15021,12,15
1.69781,-10.2224,0.180877,41,8
5.14314,-31.0335,1.64858,13,9
3.83039,-23.1375,2.05182,20,10
0.110223,-0.666526,-0.107001,13,3
3.8714,-23.436,2.91658,39,11
1.59398,-9.65985,-1.20212,30,4
3.95708,-24.0068,3.85361,11,12
1.72387,-10.4584,-0.927337,9,5
3.94968,-23.988,4.72558,25,13
5.56485,-33.8344,-1.79701,18,6
4.00821,-24.3966,5.70791,55,14
1.66231,-10.1289,-0.179166,26,7
4.0191,-24.5164,6.65683,19,15
1.66404,-10.2401,0.181086,6,8
4.09879,-25.2787,1.3421,2,9
4.81705,-29.7413,2.63594,15,10
0.104741,-0.647407,-0.103873,13,3
4.08283,-25.264,3.14228,36,11
1.55804,-9.65163,-1.20041,23,4
3.85659,-23.9171,3.83703,26,12
1.69567,-10.5276,-0.932915,28,5
3.87904,-24.083,4.7416,30,13
5.45876,-33.9285,-1.80099,18,6
3.83831,-23.8832,5.58464,52,14
1.62979,-10.1524,-0.179481,23,7
4.74956,-29.6194,8.03788,17,15
1.64743,-10.3663,0.183215,11,8
3.4178,-21.5548,1.14375,7,9
0.0909077,-0.573969,-0.112959,16,2
3.40383,-21.5152,1.90575,17,10
0.105451,-0.667298,-0.107001,13,3
4.68063,-29.6193,3.68192,24,11
1.53177,-9.70407,-1.20626,15,4
4.38562,-27.8154,4.45995,25,12
1.65705,-10.5216,-0.931869,40,5
3.80661,-24.1979,4.76145,30,13
5.33003,-33.9207,-1.79952,18,6
3.80936,-24.2706,5.67192,33,14
1.59683,-10.1739,-0.17976,100,7
2.22296,-14.3264,0.25306,33,8
3.33786,-21.5612,1.14344,12,9
3.32353,-21.4935,1.90278,34,10
0.0988996,-0.640331,-0.102621,14,3
4.54783,-29.4793,3.66242,24,11
1.51524,-9.83322,-1.22162,27,4
3.79743,-24.6723,3.95373,22,12
1.61577,-10.4978,-0.929255,22,5
3.7245,-24.2266,4.7645,33,13
5.25949,-34.251,-1.81606,9,6
3.69714,-24.1047,5.63007,39,14
1.55892,-10.1757,-0.17969,90,7
4.61376,-30.151,8.17299,6,15
1.52495,-10.0595,0.177596,15,8
3.26048,-21.5589,1.1427,15,9
0.0868985,-0.574589,-0.112959,16,2
3.25592,-21.5542,1.90714,21,10
0.0966638,-0.640672,-0.102621,14,3
4.24493,-28.168,3.49765,22,11
3.62641,-24.1209,3.86331,14,12
3.6507,-24.3113,4.77862,12,13
5.25011,-35.0039,-1.855,9,6
3.61933,-24.1598,5.63997,53,14
1.52458,-10.189,-0.17983,23,7
4.49563,-30.081,8.14969,12,15
1.4948,-10.0984,0.178189,50,8
3.18083,-21.5405,1.14113,39,9
0.0848923,-0.574889,-0.112959,16,2
3.16932,-21.4886,1.90034,4,10
0.0932754,-0.633189,-0.10137,14,3
4.21217,-28.6285,3.55298,22,11
1.42231,-9.67859,-1.20114,11,4
3.53789,-24.1041,3.85861,11,12
1.36074,-9.27088,-0.819787,30,5
4.13677,-28.2186,5.54376,20,13
3.5949,-24.5522,-1.30044,47,6
4.1545,-28.4086,6.62841,9,14
1.50692,-10.3169,-0.181994,54,7
4.37136,-29.9646,8.11398,6,15
1.4604,-10.1095,0.178294,60,8
3.08796,-21.4289,1.13464,7,9
0.082885,-0.575182,-0.112959,16,2
3.10735,-21.5902,1.90836,26,10
0.0921888,-0.641332,-0.102621,14,3
4.03915,-28.1341,3.48985,22,11
1.38908,-9.68742,-1.20163,16,4
3.42797,-23.9364,3.82983,26,12
1.33684,-9.33474,-0.825016,26,5
3.55566,-24.859,4.88128,9,13
4.9672,-34.7708,-1.84076,9,6
4.07595,-28.5676,6.66215,28,14
1.43733,-10.0866,-0.17784,100,7
5.5665,-39.1122,10.5857,21,15
1.43208,-10.164,0.179166,48,8
3.42627,-24.3484,1.28862,22,9
0.0808767,-0.575468,-0.112959,16,2
1.45561,-10.3703,0.916181,12,10
0.0899496,-0.641649,-0.102621,14,3
3.01363,-21.5248,2.66869,19,11
3.23199,-23.1139,-2.86564,7,4
3.32094,-23.75,3.79823,19,12
1.33622,-9.56825,-0.845236,37,5
3.46453,-24.8401,4.87517,15,13
3.21675,-23.093,-1.22194,15,6
4.06643,-29.2302,6.81332,10,14
1.39863,-10.0536,-0.177177,22,7
5.43145,-39.0922,10.5753,31,15
1.40109,-10.1885,0.179515,35,8
3.33231,-24.2949,1.28516,24,9
3.63438,-26.5661,2.34588,25,10
0.0899632,-0.657601,-0.105124,13,3
3.39906,-24.8783,3.08305,35,11
1.33921,-9.81466,-1.21626,12,4
3.23748,-23.7575,3.7976,26,12
1.33559,-9.8137,-0.866502,43,5
3.84333,-28.2402,5.53995,20,13
3.14311,-23.1253,-1.22309,10,6
5.27586,-38.8678,9.05563,13,14
1.37213,-10.1219,-0.178294,100,7
5.31543,-39.2622,10.6162,10,15
1.36764,-10.2092,0.179795,43,8
3.23583,-24.187,1.27888,24,9
0.0769578,-0.576005,-0.112959,16,2
3.53388,-26.4852,2.33769,44,10
0.088711,-0.665744,-0.106375,13,3
3.73666,-28.0797,3.47815,21,11
3.07275,-23.1216,-2.86393,3,4
3.18783,-23.9875,3.83264,14,12
1.32925,-10.0156,-0.883933,29,5
3.75943,-28.3644,5.5617,33,13
3.63501,-27.4625,-1.4518,7,6
5.14245,-38.9034,9.05968,13,14
1.34982,-10.2116,-0.179795,24,7
1.85994,-14.2429,0.250721,8,8
1.34387,-10.3472,0.912869,8,10
0.0834497,-0.642527,-0.102621,14,3
3.21458,-24.7847,3.06867,34,11
2.97005,-22.9308,-2.83907,7,4
3.09217,-23.9064,3.81794,26,12
1.29453,-10.0221,-0.884108,29,5
3.7574,-29.0894,5.70137,17,13
4.97956,-38.6574,8.99849,13,14
1.31647,-10.2341,-0.180109,90,7
2.31962,-18.2846,0.321718,30,8
1.20597,-9.53284,0.503577,85,9
0.0731811,-0.578476,-0.113341,16,2
1.308,-10.3538,0.913044,30,10
0.0776328,-0.615391,-0.0982409,15,3
3.12222,-24.7845,3.06721,34,11
0.106044,-0.842976,-0.10432,5,4
3.12443,-24.8721,3.97031,28,12
1.25606,-10.013,-0.882888,40,5
3.63023,-28.9393,5.66932,8,13
3.42482,-27.3405,-1.44405,14,6
4.79454,-38.3292,8.91796,39,14
2.38192,-19.0689,-0.335435,22,7
2.27976,-18.4871,0.325138,80,8
1.17537,-9.55879,0.504728,41,9
1.27149,-10.3704,0.914089,12,10
0.080658,-0.658808,-0.105124,13,3
3.02459,-24.7046,3.056,34,11
1.05124,-8.59892,-1.06368,20,4
1.22254,-10.0292,-0.883933,28,5
3.52248,-28.9388,5.66665,12,13
3.31448,-27.2696,-1.43966,49,6
4.65825,-38.3814,8.92606,13,14
2.29124,-18.8786,-0.331945,100,7
1.71687,-14.3555,0.252362,15,8
1.1389,-9.55114,0.5041,60,9
1.2334,-10.359,0.912695,16,10
0.0788242,-0.663008,-0.10575,13,3
2.86453,-24.1301,2.98361,24,11
1.0015,-8.44896,-1.04466,27,4
1.18807,-10.0379,1.60095,50,12
1.17957,-9.9661,-0.878007,36,5
2.95693,-25.0203,4.8973,15,13
2.18144,-18.4862,-0.975542,21,6
5.2941,-44.9311,10.4449,17,14
1.20284,-10.2239,-0.17969,22,7
1.68566,-14.5243,0.255224,15,8
2.15418,-18.6181,0.982241,16,9
0.0670183,-0.579222,-0.113341,16,2
1.19586,-10.3513,0.911649,16,10
0.0742459,-0.643656,-0.102621,14,3
1.67939,-14.5814,1.8022,16,11
0.970864,-8.44254,-1.04345,15,4
1.1537,-10.0479,1.60189,39,12
1.12409,-9.79004,-0.862145,26,5
2.93186,-25.6134,-1.35111,25,6
5.10714,-44.686,10.3837,17,14
1.16375,-10.1983,-0.179166,22,7
4.97786,-43.6901,11.7825,28,15
2.05397,-18.254,0.320636,37,8
1.15595,-10.3218,0.908686,40,10
0.0719986,-0.643911,-0.102621,14,3
1.62518,-14.5576,1.79855,24,11
1.51334,-13.5773,-1.67741,7,4
1.10093,-9.89291,-0.87086,35,5
1.08941,-9.80502,1.91763,7,13
2.07215,-18.6796,-0.984963,43,6
2.82415,-25.4992,5.92296,30,14
1.1277,-10.1983,-0.179097,100,7
1.9833,-18.1975,0.319519,39,8
1.04659,-9.63402,0.507868,46,9
0.062973,-0.579676,-0.113341,16,2
1.10423,-10.1812,0.895961,84,10
0.0697505,-0.644158,-0.102621,14,3
1.572,-14.5414,1.79587,16,11
0.0894646,-0.828925,-0.10237,5,4
2.64807,-24.5756,3.91493,27,12
1.07066,-9.93631,-0.874346,36,5
3.99058,-37.0957,7.25227,28,13
1.99371,-18.5636,-0.978473,10,6
2.67093,-24.9102,5.78394,57,14
1.09082,-10.1902,-0.178887,100,7
4.02977,-37.7075,10.1612,19,15
1.40617,-13.334,0.234037,42,8
1.01275,-9.63563,0.507764,65,9
1.04706,-9.97889,0.877833,40,10
0.0675016,-0.644398,-0.102621,14,3
1.52165,-14.5508,1.79635,20,11
1.04297,-9.99027,-1.23332,5,4
1.0476,-10.0516,1.60064,10,12
1.03485,-9.94611,-0.874869,29,5
2.56788,-24.6803,4.82327,18,13
1.05297,-10.1375,-0.534141,21,6
2.58356,-24.9155,5.78304,49,14
1.46952,-14.196,-0.249116,69,7
3.89872,-37.7271,10.1628,9,15
1.35779,-13.3209,0.233723,53,8
0.981123,-9.65897,0.50881,61,9
0.0588234,-0.580112,-0.113341,16,2
0.958512,-9.46926,0.832686,86,10
0.0651393,-0.644641,-0.102621,14,3
1.45847,-14.4336,1.78124,42,11
1.00968,-10.0097,-1.23527,4,4
0.968442,-9.63446,-0.847154,32,5
0.985356,-9.81997,1.91839,24,13
1.01581,-10.1413,-0.534141,56,6
2.49707,-24.9733,5.79429,35,14
1.02781,-10.2792,-0.180318,100,7
3.75511,-37.6213,10.1307,9,15
1.30798,-13.3159,0.233548,49,8
0.944158,-9.6466,0.507973,72,9
0.056798,-0.580314,-0.113341,16,2
0.926422,-9.48246,0.833557,44,10
0.0628887,-0.644864,-0.102621,14,3
1.40941,-14.4783,1.78612,44,11
0.0821705,-0.845637,-0.10432,5,4
0.9642,-9.94085,1.58187,65,12
0.928457,-9.57234,-0.841402,39,5
0.980596,-10.1467,-0.534245,45,6
2.40127,-24.8926,5.77359,28,14
1.34489,-13.9673,-0.244927,43,7
3.5941,-37.3945,10.066,18,15
1.25961,-13.3005,0.233199,39,8
0.0498828,-0.527705,-0.122373,15,1
0.91517,-9.69955,0.51059,51,9
0.054772,-0.580508,-0.113341,16,2
0.961129,-10.2057,0.896833,16,10
0.0606373,-0.64508,-0.102621,14,3
1.3533,-14.4239,1.77881,42,11
0.0758864,-0.810342,-0.0999329,6,4
0.931149,-9.96186,1.58468,20,12
0.791572,-8.4686,-0.744136,34,5
0.941095,-10.1063,-0.531943,63,6
2.57821,-27.7396,6.4318,36,14
1.29207,-13.9281,-0.244159,100,7
4.09957,-44.276,11.9145,14,15
0.911012,-9.99102,0.175117,52,8
0.0480405,-0.527876,-0.122373,15,1
0.887888,-9.75624,0.513416,54,9
0.0527453,-0.580696,-0.113341,16,2
0.867395,-9.56806,0.84053,66,10
0.0601652,-0.664961,-0.10575,13,3
1.32597,-14.6835,1.81025,16,11
0.0719883,-0.79874,-0.0984704,6,4
2.28455,-25.348,4.031,23,12
0.762898,-8.48123,-0.745007,33,5
2.29562,-25.5706,4.99042,35,13
0.905278,-10.1036,-0.531629,70,6
3.27771,-36.6537,8.49595,25,14
0.888943,-9.94081,-0.17421,96,7
3.34067,-37.4315,10.0696,9,15
1.16134,-13.2211,0.231663,36,8
0.0462897,-0.528032,-0.122373,15,1
0.859049,-9.81897,0.516556,85,9
0.050718,-0.580877,-0.113341,16,2
0.808913,-9.28323,0.815255,60,10
0.0538443,-0.617927,-0.0982409,15,3
1.18492,-13.6259,1.67936,41,11
0.0676228,-0.779198,-0.0960331,7,4
2.14117,-24.7221,3.93026,27,12
2.21774,-25.6583,5.00607,39,13
0.86885,-10.0727,-0.529849,70,6
2.3514,-27.3158,6.32967,43,14
0.838663,-9.76255,-0.171034,100,7
3.21594,-37.5123,10.0882,37,15
0.894737,-10.6107,0.185868,52,8
0.834295,-9.93535,0.522522,52,9
0.0487914,-0.581042,-0.113341,16,2
0.779788,-9.30572,0.816998,52,10
0.0539914,-0.64567,-0.102621,14,3
1.14643,-13.7387,1.69277,41,11
0.745721,-8.95552,-1.10341,5,4
2.04832,-24.6507,3.91775,30,12
0.71109,-8.55771,-0.751283,5,5
2.07041,-24.9694,4.87021,15,13
0.833356,-10.0717,-0.52964,80,6
2.32755,-28.19,6.53033,74,14
0.791936,-9.61196,-0.168346,100,7
3.01881,-36.7185,9.87188,9,15
0.821293,-10.1633,0.17798,62,8
0.802812,-9.97802,0.524616,28,9
0.0467629,-0.581208,-0.113341,16,2
0.749372,-9.3342,0.819264,72,10
0.0529992,-0.661607,-0.105124,13,3
0.814714,-10.1927,1.2555,23,11
0.710352,-8.90662,-1.09707,2,4
1.09819,-13.7998,2.19259,19,12
0.743014,-9.33671,-0.819438,29,5
2.15309,-27.1155,5.28732,41,13
0.772796,-9.75401,-0.512788,38,6
2.21931,-28.0737,6.50153,27,14
0.76687,-9.72232,-0.170231,100,7
2.97049,-37.7437,10.1447,28,15
0.78581,-10.1661,0.17798,12,8
0.0407578,-0.528488,-0.122373,15,1
0.751582,-9.76768,0.513416,112,9
0.0447338,-0.581368,-0.113341,16,2
0.718768,-9.36258,0.82153,54,10
0.0494826,-0.646031,-0.102621,14,3
0.687921,-9.00195,1.10852,17,11
0.062176,-0.815491,-0.10042,12,4
1.04656,-13.7583,2.18539,35,12
0.712685,-9.36904,-0.822053,13,5
2.11161,-27.8237,5.42394,15,13
0.736331,-9.72478,-0.511113,49,6
2.08885,-27.6518,6.40211,35,14
0.721508,-9.57339,-0.167578,69,7
3.79371,-50.4547,13.5575,18,15
0.981493,-13.3018,0.232815,41,8
0.0389127,-0.528627,-0.122373,15,1
0.720408,-9.81008,0.515509,52,9
0.0427042,-0.581521,-0.113341,16,2
0.677494,-9.2478,0.811246,39,10
0.0452114,-0.618618,-0.0982409,15,3
0.651009,-8.92907,1.09926,37,11
0.0578891,-0.795905,-0.097983,13,4
1.34977,-18.6026,2.95411,16,12
0.736064,-10.1445,-0.88986,37,5
1.82512,-25.2149,4.9141,15,13
0.705834,-9.7751,-0.513625,49,6
2.01808,-28.0166,6.48489,18,14
0.712164,-9.91093,-0.173442,96,7
2.70747,-37.7712,10.1467,28,15
0.942204,-13.4069,0.234595,39,8
0.685324,-9.80059,0.514881,40,9
0.0406741,-0.581666,-0.113341,16,2
0.657131,-9.42104,0.826236,32,10
0.0438744,-0.630596,-0.100118,14,3
0.622037,-8.96297,1.10316,37,11
0.0553845,-0.800063,-0.0984704,13,4
1.31408,-19.0309,3.02138,39,12
0.711611,-10.332,-0.906071,15,5
1.73332,-25.1662,4.90341,15,13
0.932477,-13.5733,-0.713025,13,6
1.91761,-27.9845,6.47589,27,14
0.709744,-10.3842,-0.18168,100,7
2.98833,-43.8344,11.7726,14,15
0.921911,-13.8071,0.241541,44,8
0.0352213,-0.528886,-0.122373,15,1
0.649653,-9.781,0.51373,51,9
0.62194,-9.41344,0.825365,28,10
0.0418226,-0.634695,-0.100744,14,3
0.595445,-9.03639,1.11194,42,11
0.0523312,-0.796289,-0.097983,13,4
0.669234,-10.2105,1.62066,50,12
0.594445,-9.09378,-0.797301,16,5
1.63966,-25.1509,4.89921,34,13
0.57548,-8.85114,-0.464848,54,6
0.920375,-14.194,3.28384,31,14
0.674786,-10.4066,-0.182029,100,7
1.81715,-28.1,7.54509,30,15
0.87155,-13.8144,0.241611,53,8
0.614051,-9.7873,0.513939,47,9
0.0365108,-0.581942,-0.113341,16,2
0.864643,-13.8201,1.21146,28,10
0.0386228,-0.619065,-0.0982409,15,3
0.0492894,-0.794495,-0.0977392,13,4
0.632295,-10.2208,1.62191,56,12
0.636673,-10.3208,2.00998,11,13
0.841213,-13.6753,-0.718049,26,6
0.607951,-9.93991,-0.173826,23,7
2.66235,-43.6541,11.7188,13,15
0.814404,-13.6677,0.238993,34,8
0.0314358,-0.529124,-0.122373,15,1
0.580944,-9.80733,0.514881,54,9
0.55562,-9.40761,0.824493,22,10
0.0369262,-0.627084,-0.0994923,14,3
0.589754,-10.0451,1.23551,37,11
0.0481397,-0.822406,-0.101152,12,4
0.601447,-10.3058,1.63505,54,12
0.581554,-9.96492,-0.873301,26,5
0.600872,-10.3269,2.01075,17,13
0.804344,-13.8656,-0.727889,32,6
1.61226,-27.8769,6.44665,36,14
0.573942,-9.95395,-0.174035,100,7
2.50763,-43.6226,11.7079,27,15
0.763331,-13.6105,0.237946,68,8
0.0295886,-0.529231,-0.122373,15,1
0.0324472,-0.582183,-0.113341,16,2
0.0343,-0.619319,-0.0982409,15,3
0.497894,-9.01844,1.10901,12,11
0.044396,-0.806712,-0.0992016,19,4
0.566659,-10.3295,1.63849,93,12
0.529414,-9.65057,-0.845585,21,5
0.783826,-14.3339,2.79039,8,13
0.566139,-10.3863,-0.545131,45,6
2.34054,-43.0777,9.95993,16,14
0.538219,-9.93792,-0.173721,96,7
2.36044,-43.7256,11.7333,14,15
0.732512,-13.9306,0.243496,28,8
0.0277411,-0.529331,-0.122373,15,1
0.484543,-9.30779,0.815429,22,10
0.0335709,-0.647053,-0.102621,14,3
0.467127,-9.034,1.11072,20,11
0.0409669,-0.794967,-0.0977392,27,4
0.529587,-10.3117,1.63537,65,12
0.694806,-13.6216,-0.714805,29,6
0.526914,-10.3656,2.39618,26,14
0.713657,-14.0878,-0.246219,78,7
2.21111,-43.7992,11.7509,14,15
0.680548,-13.8652,0.242309,37,8
0.519044,-10.6507,0.558843,54,9
0.028382,-0.582395,-0.113341,16,2
0.51834,-10.6746,0.935007,85,10
0.0305484,-0.631382,-0.100118,14,3
0.480803,-9.97343,1.22601,54,11
0.0398108,-0.828813,-0.101883,23,4
0.494439,-10.3312,1.63818,56,12
0.459076,-9.59234,-0.840181,29,5
0.475399,-9.96986,1.94015,47,13
0.66896,-14.0808,-0.738774,19,6
0.490911,-10.3713,2.39708,10,14
0.787973,-16.7089,-0.291979,85,7
0.629049,-13.7996,0.241122,37,8
0.024045,-0.529512,-0.122373,15,1
0.482405,-10.6644,0.559471,42,9
0.0263489,-0.582491,-0.113341,16,2
0.441703,-9.80257,0.858484,20,10
0.0283442,-0.631485,-0.100118,14,3
0.449091,-10.0445,1.23454,20,11
0.0365641,-0.821014,-0.100908,30,4
0.456009,-10.2796,1.62973,71,12
0.425324,-9.58791,-0.839658,39,5
0.439901,-9.95577,1.93709,52,13
0.451461,-10.258,-0.538118,28,6
0.619759,-14.1382,3.26719,2,14
0.58694,-13.4431,-0.234874,99,7
0.59637,-14.1113,0.246533,13,8
0.022289,-0.529589,-0.122373,15,1
0.447121,-10.668,0.559576,37,9
0.0244172,-0.582575,-0.113341,16,2
0.408695,-9.79204,0.857438,50,10
0.0267422,-0.643417,-0.101995,14,3
0.414794,-10.0221,1.23161,17,11
0.0334326,-0.811214,-0.0996891,38,4
0.420865,-10.2554,1.62567,67,12
0.393935,-9.59922,-0.84053,37,5
0.413218,-10.1121,1.96724,34,13
0.350778,-8.62103,-0.452183,21,6
0.594802,-14.6815,3.39226,18,14
0.420492,-10.4239,-0.182098,21,7
0.534019,-13.7756,0.240634,41,8
0.0204402,-0.529663,-0.122373,15,1
0.544437,-14.1721,0.743275,35,9
0.0223834,-0.582657,-0.113341,16,2
0.375046,-9.80734,0.858658,52,10
0.0243458,-0.639559,-0.10137,14,3
0.38131,-10.0632,1.23649,46,11
0.0297778,-0.789505,-0.097008,42,4
0.383805,-10.2233,1.62035,27,12
0.364089,-9.6981,-0.849071,30,5
0.379309,-10.1508,1.97449,45,13
0.319644,-8.59426,-0.450717,72,6
1.90805,-51.544,11.908,21,14
0.388078,-10.5332,-0.183983,99,7
0.481279,-13.6454,0.23833,42,8
0.0185912,-0.529731,-0.122373,15,1
0.510159,-14.609,0.766094,32,9
0.0203494,-0.582731,-0.113341,16,2
0.340257,-9.79266,0.857264,50,10
0.0219767,-0.635692,-0.100744,14,3
0.34509,-10.0327,1.23259,23,11
0.0274291,-0.801508,-0.0984704,33,4
0.495389,-14.5501,2.30584,37,12
0.331386,-9.73316,-0.852035,36,5
0.337893,-9.97546,1.94015,30,13
0.288969,-8.57536,-0.449671,65,6
1.72955,-51.5931,11.9179,21,14
0.333913,-10.0129,-0.174873,100,7
0.436946,-13.751,0.240145,44,8
0.016742,-0.529793,-0.122373,15,1
0.458033,-14.5748,0.76421,67,9
0.0183152,-0.582799,-0.113341,16,2
0.305013,-9.75994,0.854301,18,10
0.0197576,-0.635764,-0.100744,14,3
0.309516,-10.016,1.23039,54,11
0.0245701,-0.799615,-0.0982267,27,4
0.443329,-14.5103,2.29927,26,12
0.293271,-9.59884,-0.840181,37,5
0.428973,-14.1211,2.74612,27,13
0.258793,-8.56833,-0.449252,25,6
1.56805,-52.2183,12.061,22,14
0.319843,-10.7136,-0.18709,100,7
0.388379,-13.7324,0.239796,24,8
0.282458,-10.1122,0.530163,60,9
0.016179,-0.582862,-0.113341,16,2
0.270778,-9.75497,0.853778,44,10
0.0165579,-0.600286,-0.0951122,15,3
0.275584,-10.0547,1.23502,51,11
0.0218329,-0.80168,-0.0984704,6,4
0.745438,-27.5484,4.36483,21,12
0.262692,-9.77113,-0.855172,35,5
0.373071,-13.9675,2.71598,23,13
0.370642,-13.9679,-0.732285,16,6
1.39941,-52.7377,12.1797,22,14
0.275436,-10.4488,-0.182447,100,7
1.38097,-52.7369,14.1357,19,15
0.256117,-10.4053,0.18168,21,8
0.260704,-10.7441,0.56324,21,9
0.234734,-9.74394,0.852732,10,10
0.014452,-0.604293,-0.0957379,15,3
0.238777,-10.0576,1.23527,43,11
0.0200168,-0.849384,-0.10432,5,4
0.214299,-9.23025,-0.807759,18,5
0.340372,-14.7715,2.87206,42,13
0.318807,-13.9412,-0.730819,19,6
1.19729,-52.3568,12.0907,22,14
0.312947,-13.7903,-0.240773,8,7
1.18854,-52.7803,14.146,19,15
0.286032,-13.6549,0.2384,52,8
0.0110487,-0.531891,-0.122823,15,1
0.220583,-10.709,0.561356,21,9
0.270581,-13.2486,1.15935,55,10
0.012477,-0.616191,-0.0976151,15,3
0.201634,-10.0445,1.23356,37,11
0.0169035,-0.849451,-0.10432,5,4
0.281967,-14.295,2.26455,44,12
0.181607,-9.20703,-0.805668,24,5
0.294258,-15.0514,2.92625,24,13
0.258918,-13.3631,-0.700464,39,6
1.00134,-52.1504,12.0421,22,14
0.191191,-10.0487,-0.175432,100,7
0.243528,-13.9517,0.243566,27,8
0.220265,-12.8764,0.674925,42,9
0.223522,-13.2017,1.15516,52,10
0.0101936,-0.608331,-0.0963636,15,3
0.0120495,-0.734385,-0.0901833,8,4
0.232194,-14.3038,2.2658,25,12
0.149467,-9.20761,-0.805668,33,5
0.230936,-14.3809,2.79573,7,13
0.21224,-13.362,-0.70036,52,6
0.154994,-9.97728,-0.174175,100,7
0.230147,-16.4819,0.28772,17,8
0.0073351,-0.531955,-0.122823,15,1
0.175559,-12.8951,0.675867,13,9
0.0079109,-0.581069,-0.112959,16,2
0.18167,-13.5171,1.1827,52,10
0.00801769,-0.604412,-0.0957379,15,3
0.123372,-9.42441,1.15727,31,11
0.00958857,-0.742363,-0.0911583,8,4
0.184226,-14.4586,2.2902,35,12
0.121235,-9.51488,-0.832512,32,5
0.167948,-13.5524,-0.710304,58,6
0.176845,-14.4742,3.34187,45,14
0.162044,-13.455,-0.234874,100,7
0.170348,-14.3526,3.84605,10,15
0.144969,-13.8431,0.241646,68,8
0.00547823,-0.531978,-0.122823,15,1
0.13083,-12.9236,0.677332,3,9
0.00588259,-0.581093,-0.112959,16,2
0.133115,-13.3802,1.17068,55,10
0.00567622,-0.580733,-0.0919835,16,3
0.0895414,-9.32752,1.14533,28,11
0.00697836,-0.740407,-0.0909145,16,4
0.135015,-14.5954,2.31179,29,12
0.0890713,-9.62881,-0.842447,42,5
0.130071,-14.3312,2.78581,32,13
0.120089,-13.4909,-0.707059,39,6
0.127424,-14.6014,3.37112,33,14
0.135598,-15.855,-0.27676,72,7
0.122352,-14.6043,3.91334,1,15
0.0976112,-13.9815,0.244054,30,8
0.00362123,-0.531994,-0.122823,15,1
0.00385415,-0.581111,-0.112959,16,2
0.0874393,-13.54,1.18462,50,10
0.00387245,-0.616305,-0.0976151,15,3
0.056847,-9.30594,1.14265,18,11
0.00458236,-0.772187,-0.0948144,22,4
0.0847398,-14.2797,2.26173,20,12
0.0563559,-9.78446,-0.856044,31,5
0.080317,-14.3806,2.79535,17,13
0.0734617,-13.5772,-0.71156,19,6
0.0755979,-14.438,3.33332,36,14
0.051158,-9.77038,-0.170545,100,7
0.0738431,-14.5892,3.9092,12,15
0.0510259,-13.9218,0.243007,13,8
0.0018571,-0.532003,-0.122823,15,1
0.00182565,-0.58112,-0.112959,16,2
0.0407441,-13.7315,1.20135,31,10
0.00180529,-0.608413,-0.0963636,15,3
0.0382388,-13.6931,1.68131,22,11
0.00207881,-0.794034,-0.0974955,20,4
0.0248776,-10.1811,1.61253,31,12
0.022174,-9.77265,-0.854998,19,5
0.0312579,-13.7761,2.67781,23,13
0.0273204,-13.0441,-0.683612,48,6
0.0175376,-10.0485,-0.175397,100,7
0.022627,-14.4039,3.85951,2,15
0.00242619,-13.8959,0.242554,26,8
-2.32547e-08,-0.532006,-0.122823,15,1
-0.00227062,-13.0161,0.682147,31,9
-0.000101375,-0.581123,-0.112959,16,2
-0.0050109,-14.3591,1.25626,24,10
-0.00033926,-0.647924,-0.102621,14,3
-0.00975645,-13.975,1.71592,27,11
-0.000727467,-0.833739,-0.10237,23,4
-0.0152785,-14.5901,2.31085,36,12
-0.0100919,-9.63718,-0.843145,11,5
-0.0168807,-13.8174,2.68583,45,13
-0.0186487,-13.3577,-0.700046,42,6
-0.0225777,-14.3739,3.31848,22,14
-0.0174116,-9.97647,-0.17414,96,7
-0.0275503,-14.3498,3.84502,28,15
-0.0466369,-14.0638,0.245486,16,8
-0.00185702,-0.532003,-0.122823,15,1
-0.0480645,-13.1139,0.687276,35,9
-0.00212989,-0.581119,-0.112959,16,2
-0.0550057,-14.3252,1.2533,60,10
-0.00260087,-0.647918,-0.102621,14,3
-0.0572566,-13.6692,1.67838,41,11
-0.00381111,-0.873432,-0.107245,18,4
-0.0659192,-14.5268,2.30084,56,12
-0.043731,-9.63709,-0.843145,19,5
-0.0666341,-13.6351,-0.714595,35,6
-0.072624,-14.3484,3.31263,33,14
-0.0509169,-9.72439,-0.169742,43,7
-0.0969674,-14.2455,0.248662,17,8
-0.00344197,-0.493019,-0.113825,16,1
-0.0942551,-13.1716,0.690311,9,9
-0.00415838,-0.581108,-0.112959,16,2
-0.100583,-13.7212,1.20048,34,10
-0.00486253,-0.647905,-0.102621,14,3
-0.105032,-13.6769,1.67936,41,11
-0.00714048,-0.909144,-0.111632,14,4
-0.117755,-14.6667,2.32305,30,12
-0.0774838,-9.65082,-0.844365,32,5
-0.110463,-13.1854,-0.691044,29,6
-0.0867285,-9.93811,-0.173477,61,7
-0.145518,-14.1311,0.246672,39,8
-0.00528536,-0.504696,-0.116525,16,1
-0.145718,-13.6864,0.717317,10,9
-0.00618682,-0.58109,-0.112959,16,2
-0.146063,-13.4976,1.18096,62,10
-0.00712413,-0.647884,-0.102621,14,3
-0.152352,-13.6387,1.67473,41,11
-0.0107194,-0.944843,-0.11602,10,4
-0.163101,-14.1586,2.24264,38,12
-0.160857,-13.9637,-1.22175,10,5
-0.161136,-13.7791,2.67858,37,13
-0.156135,-13.155,-0.689474,45,6
-0.176523,-14.6574,3.38416,2,14
-0.121369,-9.93375,-0.173407,87,7
-0.195921,-14.2085,0.248034,20,8
-0.00821511,-0.581065,-0.112959,16,2
-0.194377,-13.5807,1.18828,25,10
-0.00938557,-0.647856,-0.102621,14,3
-0.199261,-13.5905,1.66888,30,11
-0.0142824,-0.962664,-0.118213,8,4
-0.22038,-14.6813,2.32556,38,12
-0.195275,-13.0088,-1.13825,21,5
-0.209233,-13.7785,2.67858,39,13
-0.198801,-12.9427,-0.678379,29,6
-0.22814,-14.6859,3.39091,36,14
-0.206206,-13.1264,-0.22915,20,7
-0.229434,-14.4446,3.8709,14,15
-0.00826029,-0.482892,-0.12941,15,0
-0.233872,-13.5339,0.236271,68,8
-0.00860456,-0.492956,-0.113825,16,1
-0.249184,-14.1344,0.740868,17,9
-0.0102434,-0.581033,-0.112959,16,2
-0.245646,-13.7971,1.20728,28,10
-0.228937,-12.6112,1.54872,39,11
-0.0178608,-0.974517,-0.119676,7,4
-0.270275,-14.6074,2.31398,47,12
-0.23932,-12.9344,-1.1318,26,5
-0.256595,-13.7384,2.67094,37,13
-0.245219,-13.0078,-0.681833,48,6
-0.251947,-13.1216,-0.22908,100,7
-0.331403,-15.9541,0.27854,13,8
-0.276969,-13.1131,0.687381,20,9
-0.0111936,-0.529961,-0.103037,18,2
-0.291601,-13.6926,1.19822,28,10
-0.274029,-12.6599,1.55481,39,11
-0.021176,-0.970479,-0.119188,3,4
-0.322347,-14.6557,2.3218,46,12
-0.36069,-16.2698,-1.42378,11,5
-0.296455,-13.3724,2.59996,37,13
-0.291785,-13.0588,-0.684554,42,6
-0.304189,-13.4045,-0.234037,73,7
-0.770866,-33.7097,9.03486,7,15
-0.341108,-14.0577,0.245451,6,8
-0.344955,-14.0145,0.734692,47,9
-0.0144009,-0.580945,-0.112959,16,2
-0.331889,-13.2951,1.16353,50,10
-0.317671,-12.6371,1.55213,39,11
-0.0240108,-0.94857,-0.116507,2,4
-0.373805,-14.6664,2.32368,38,12
-0.354921,-13.8306,-1.21042,22,5
-0.343031,-13.277,2.58165,18,13
-0.418168,-16.0765,-0.842818,26,6
-0.261416,-9.98306,-0.174315,62,7
-0.388834,-13.9205,0.243077,41,8
-0.404786,-14.3126,0.750393,14,9
-0.387251,-13.6085,1.19107,40,10
-0.365129,-12.6755,1.557,3,11
-0.0312827,-1.07944,-0.132594,1,4
-0.415526,-14.2522,2.25829,47,12
-0.477749,-16.3864,-1.43423,5,5
-0.388628,-13.2502,2.57668,21,13
-0.473989,-16.065,-0.842295,42,6
-0.435264,-14.6656,3.38731,36,14
-0.297646,-9.97004,-0.174105,87,7
-1.27428,-42.4352,11.3756,12,15
-0.440688,-14.0229,0.244892,27,8
-0.0155725,-0.492785,-0.113825,16,1
-0.0184563,-0.58083,-0.112959,16,2
-0.455046,-14.2423,1.24668,33,10
-0.408989,-12.6623,1.55554,14,11
-0.0335041,-1.0317,-0.126744,5,4
-0.442623,-13.557,-1.18671,2,5
-0.530459,-16.0752,-0.842923,29,6
-0.470875,-14.12,-0.246603,100,7
-1.42705,-42.5695,11.4129,13,15
-0.475258,-13.6096,0.237702,41,8
-0.474637,-13.4572,0.705698,31,9
-0.0204836,-0.580762,-0.112959,16,2
-0.992861,-28.0113,2.45221,34,10
-0.453184,-12.6608,1.55554,3,11
-0.0373906,-1.03952,-0.127719,20,4
-0.502243,-13.8956,2.20228,11,12
-0.523127,-14.3348,-0.751754,13,6
-0.535568,-14.6057,3.37427,22,14
-0.363192,-9.85781,-0.172185,96,7
-1.57357,-42.5083,11.3979,26,15
-0.526524,-13.7058,0.239412,41,8
-0.558358,-14.4034,0.755417,30,9
-0.0225107,-0.580687,-0.112959,16,2
-0.5164,-13.2613,1.16109,12,10
-0.566426,-14.4165,1.77149,19,11
-0.0412538,-1.04533,-0.12845,43,4
-0.0669205,-1.68822,-0.147816,1,5
-0.52939,-13.2964,2.58661,30,13
-0.584748,-14.559,3.36392,18,14
-0.56686,-14.0524,-0.245486,43,7
-0.582999,-14.3902,3.85899,7,15
-0.573723,-13.7459,0.240145,34,8
-0.65298,-15.515,0.813824,32,9
-0.0244362,-0.580609,-0.112959,16,2
-0.560541,-13.2635,1.16144,32,10
-1.21265,-28.4583,3.49741,22,11
-0.0452292,-1.05709,-0.129913,69,4
-0.603767,-14.0537,2.22794,32,12
-0.0708081,-1.64818,-0.14433,10,5
-0.573565,-13.2965,2.58699,7,13
-0.612621,-14.0878,3.25549,38,14
-0.616501,-14.0639,3.77203,9,15
-0.639773,-14.1434,0.247126,12,8
-0.0241333,-0.531458,-0.122823,15,1
-0.659205,-14.4611,0.758662,51,9
-0.0264628,-0.58052,-0.112959,16,2
-0.607746,-13.2813,1.16318,40,10
-0.655217,-14.2101,1.74663,19,11
-0.0481846,-1.04106,-0.127963,60,4
-0.597632,-12.8636,2.03959,6,12
-0.0762836,-1.64195,-0.143807,31,5
-0.662226,-14.2005,2.7633,18,13
-0.0779784,-1.66589,-0.0874011,5,6
-0.66097,-14.068,3.25144,38,14
-0.666412,-14.079,3.77669,4,15
-0.699165,-14.3468,0.250721,4,8
-0.0259884,-0.531371,-0.122823,15,1
-0.708112,-14.4268,0.756987,7,9
-0.028489,-0.580425,-0.112959,16,2
-0.649104,-13.1776,1.15429,20,10
-0.707962,-14.2711,1.75443,50,11
-0.0514235,-1.03295,-0.126988,52,4
-1.44414,-28.9072,4.58416,9,12
-0.0812193,-1.62575,-0.142412,40,5
-0.674043,-13.4452,2.61675,20,13
-0.0824884,-1.63967,-0.0860403,19,6
-0.714789,-14.1591,3.27304,49,14
-0.0839714,-1.65762,-0.028971,1,7
-0.718103,-14.1268,3.79015,24,15
-0.027843,-0.531277,-0.122823,15,1
-0.762031,-14.4921,0.760546,3,9
-0.694784,-13.1693,1.15377,20,10
-0.774409,-14.5818,1.79294,32,11
-0.0550288,-1.03277,-0.126988,27,4
-0.0871064,-1.62944,-0.142761,49,5
-0.721183,-13.4466,2.61752,26,13
-0.0878894,-1.63339,-0.0857263,41,6
-0.763262,-14.139,3.26899,49,14
-0.0895409,-1.65332,-0.0289012,19,7
-0.764267,-14.0663,3.77462,39,15
-0.0918038,-1.64719,0.0287965,1,8
-0.0296973,-0.531177,-0.122823,15,1
-0.769287,-13.6741,1.19822,21,10
-0.820254,-14.4898,1.78197,23,11
-0.0586335,-1.03257,-0.126988,12,4
-0.819812,-14.393,2.28332,52,12
-0.0917142,-1.60524,-0.140669,52,5
-0.764307,-13.3774,2.60454,30,13
-0.0937048,-1.63507,-0.085831,53,6
-0.832857,-14.4884,3.35042,31,14
-0.0943905,-1.63703,-0.0286219,37,7
-0.820613,-14.1889,3.80826,28,15
-0.0971983,-1.64087,0.0286918,9,8
-0.0315514,-0.53107,-0.122823,15,1
-0.100503,-1.68669,0.0885524,1,9
-0.0346668,-0.580088,-0.112959,16,2
-0.890683,-14.8605,1.30246,2,10
-1.69615,-28.2168,3.47084,21,11
-0.0629543,-1.04425,-0.12845,9,4
-0.867187,-14.3427,2.27581,52,12
-0.0970759,-1.60093,-0.140321,51,5
-0.811546,-13.3451,2.59882,52,13
-0.0990891,-1.62475,-0.0853076,60,6
-2.03625,-33.2924,7.70052,45,14
-0.0996161,-1.62871,-0.0284823,51,7
-0.869899,-14.1821,3.80723,9,15
-0.102584,-1.63053,0.0285172,28,8
-0.105384,-1.67038,0.0877151,7,9
-0.0667811,-1.04401,-0.12845,9,4
-0.912075,-14.2588,2.26298,45,12
-0.103301,-1.61053,-0.141192,52,5
-0.853336,-13.2677,2.58432,42,13
-0.103474,-1.60446,-0.0842609,61,6
-2.16578,-33.4912,7.74821,11,14
-0.105688,-1.63434,-0.028587,50,7
-0.931274,-14.3621,3.8564,1,15
-0.107858,-1.62818,0.0284823,42,8
-0.110285,-1.65605,0.0869824,24,9
-0.113122,-1.68975,0.148165,1,10
-0.0432789,-0.646477,-0.102621,14,3
-0.0693098,-1.02992,-0.126744,9,4
-0.977669,-14.49,2.30021,44,12
-0.109191,-1.61413,-0.141541,54,5
-0.893352,-13.2061,2.57287,16,13
-0.108254,-1.59614,-0.0838422,66,6
-2.87678,-42.3069,9.78987,15,14
-0.11112,-1.62997,-0.0285172,54,7
-2.29227,-33.5379,9.00742,30,15
-0.114376,-1.63977,0.0286918,59,8
-0.114383,-1.63576,0.0859357,46,9
-0.11635,-1.65558,0.145201,12,10
-0.0455353,-0.646322,-0.102621,14,3
-0.0731444,-1.03562,-0.127475,9,4
-0.99767,-14.0906,2.23733,31,12
-0.113556,-1.59985,-0.140321,63,5
-1.00215,-14.0841,2.7446,21,13
-0.114109,-1.59973,-0.0840516,64,6
-2.99099,-41.9317,9.70529,15,14
-0.115383,-1.61363,-0.028238,55,7
-2.41383,-33.6746,9.04624,30,15
-0.118793,-1.62542,0.0284474,64,8
-0.119661,-1.63338,0.085831,53,9
-0.120962,-1.64326,0.144156,40,10
-0.0476783,-0.646167,-0.102621,14,3
-0.122994,-1.66294,0.204741,2,11
-0.076871,-1.03933,-0.127963,9,4
-1.08485,-14.6329,2.32399,23,12
-0.117975,-1.58754,-0.139275,79,5
-1.06256,-14.2648,2.78047,20,13
-0.119562,-1.60134,-0.0841562,75,6
-3.1425,-42.0887,9.74398,15,14
-0.120137,-1.60527,-0.0280984,59,7
-2.53777,-33.8302,9.09024,22,15
-0.123116,-1.61106,0.0282031,88,8
-0.125056,-1.62896,0.0856216,60,9
-0.0445832,-0.579411,-0.112959,16,2
-0.125646,-1.63292,0.143284,45,10
-0.0498208,-0.646005,-0.102621,14,3
-0.129425,-1.67439,0.206203,20,11
-0.081112,-1.04698,-0.128938,10,4
-1.09233,-14.0678,2.23482,12,12
-0.122588,-1.5752,-0.138229,83,5
-1.11418,-14.2844,2.78505,28,13
-0.125151,-1.60091,-0.0841562,100,6
-3.26707,-41.7918,9.67784,30,14
-0.125896,-1.60683,-0.0281333,82,7
-2.66007,-33.8751,9.10474,15,15
-0.1287,-1.60661,0.0281333,92,8
-0.131186,-1.63049,0.0857263,72,9
-0.0467065,-0.579243,-0.112959,16,2
-0.132111,-1.6384,0.143807,67,10
-0.0521882,-0.645818,-0.102621,14,3
-0.132677,-1.63829,0.201816,44,11
-0.0835035,-1.02886,-0.126744,9,4
-1.15254,-14.17,2.25172,8,12
-0.130465,-1.60056,-0.140495,46,5
-1.16924,-14.3135,2.79154,23,13
-0.130692,-1.59646,-0.0839469,100,6
-3.43136,-41.9155,9.70934,15,14
-0.131948,-1.60835,-0.0281682,97,7
-2.78944,-33.9286,9.12182,7,15
-0.134588,-1.60613,0.0281333,100,8
-0.135205,-1.61012,0.0846796,74,9
-0.0487282,-0.579077,-0.112959,16,2
-0.136441,-1.61806,0.142064,72,10
-0.0545548,-0.645623,-0.102621,14,3
-0.138681,-1.6378,0.201816,77,11
-0.084247,-0.994941,-0.122601,4,4
-0.140458,-1.65534,0.263123,1,12
-0.134532,-1.58223,-0.138926,18,5
-0.135584,-1.58804,-0.0835282,100,6
-3.5861,-42.0023,9.73228,15,14
-0.136879,-1.59991,-0.0280286,100,7
-3.52962,-41.1713,11.0723,12,15
-0.140434,-1.61165,0.028238,100,8
-0.140196,-1.60568,0.0844702,89,9
-0.0465416,-0.531973,-0.1038,18,2
-0.141979,-1.61958,0.142238,88,10
-0.0566955,-0.645438,-0.102621,14,3
-0.144111,-1.63733,0.201816,89,11
-0.0875459,-0.994656,-0.122601,4,4
-0.144558,-1.63913,0.26062,7,12
-2.45277,-27.7011,5.40562,23,13
-0.141203,-1.59156,-0.0837375,100,6
-3.72691,-42.0077,9.73633,15,14
-0.142538,-1.60343,-0.0280984,100,7
-3.67539,-41.2633,11.1002,12,15
-0.145417,-1.60719,0.0281682,100,8
-0.146523,-1.61314,0.0848889,99,9
-0.0525677,-0.578741,-0.112959,16,2
-0.146447,-1.60918,0.141367,91,10
-0.0588356,-0.645247,-0.102621,14,3
-0.148998,-1.63091,0.201084,100,11
-0.0913792,-0.998298,-0.123088,6,4
-0.149377,-1.62878,0.259056,15,12
-0.145845,-1.58722,-0.139449,51,5
-3.31258,-36.0505,7.03704,27,13
-0.146846,-1.59506,-0.0839469,100,6
-3.86565,-41.909,9.71654,15,14
-0.148318,-1.60492,-0.0281333,100,7
-3.82118,-41.2694,11.1054,12,15
-0.150278,-1.59871,0.0280286,100,8
-0.152716,-1.61858,0.0852029,100,9
-0.0546886,-0.578544,-0.112959,16,2
-0.152719,-1.6126,0.141715,100,10
-0.0716489,-0.755153,-0.120142,10,3
-0.154878,-1.63236,0.201328,100,11
-0.0946757,-0.995997,-0.122844,5,4
-0.155623,-1.63414,0.259994,34,12
-0.148925,-1.56092,-0.137183,78,5
-3.44413,-36.0323,7.03589,13,13
-0.153072,-1.59848,-0.0841562,100,6
-4.18839,-43.6579,10.1255,16,14
-0.154302,-1.60837,-0.0282031,100,7
-4.05615,-42.2019,11.3601,12,15
-0.156525,-1.60213,0.0280984,100,8
-0.0516324,-0.527537,-0.122373,15,1
-0.157868,-1.61006,0.0847843,100,9
-0.0567077,-0.57835,-0.112959,16,2
-0.157179,-1.60016,0.140669,100,10
-0.0750583,-0.762762,-0.121393,19,3
-0.158717,-1.61005,0.198647,100,11
-0.0965696,-0.977864,-0.120651,6,4
-0.162195,-1.63946,0.260933,48,12
-0.153981,-1.55643,-0.136835,87,5
-3.57027,-36.024,7.03665,27,13
-0.158256,-1.59397,-0.0839469,49,6
-4.34308,-43.6663,10.1309,16,14
-0.160592,-1.61177,-0.0282729,100,7
-4.20812,-42.1599,11.3528,12,15
-0.162117,-1.60157,0.0280984,100,8
-0.0534736,-0.527353,-0.122373,15,1
-0.162276,-1.59758,0.0841562,100,9
-0.0587261,-0.578148,-0.112959,16,2
-0.163167,-1.60356,0.141018,100,10
-0.0793229,-0.778217,-0.123896,9,3
-0.16474,-1.61343,0.199135,100,11
-0.0957408,-0.93605,-0.115532,10,4
-0.16691,-1.62906,0.259368,60,12
-0.136465,-1.33191,-0.117137,52,5
-3.7002,-36.0523,7.04467,27,13
-0.163819,-1.5934,-0.0839469,12,6
-4.49188,-43.616,10.1228,16,14
-0.165397,-1.60325,-0.0281333,100,7
-4.34652,-42.0604,11.3301,12,15
-0.167915,-1.60298,0.0281333,100,8
-0.055314,-0.527163,-0.122373,15,1
-0.167851,-1.597,0.0841562,100,9
-0.060744,-0.57794,-0.112959,16,2
-0.169389,-1.60893,0.141541,100,10
-0.0832818,-0.789722,-0.125773,8,3
-0.169745,-1.60692,0.198403,100,11
-0.0979633,-0.92584,-0.114313,12,4
-0.171763,-1.62061,0.258117,70,12
-0.11863,-1.11743,-0.0983117,60,5
-1.61352,-15.1985,2.9709,4,13
-0.167902,-1.57892,-0.0832142,40,6
-0.170143,-1.5947,-0.0279937,100,7
-4.50029,-42.1103,11.3477,12,15
-0.173079,-1.59841,0.0280635,100,8
-0.0571539,-0.526967,-0.122373,15,1
-0.174935,-1.6103,0.0848889,100,9
-0.17399,-1.59641,0.140495,100,10
-0.0872476,-0.79923,-0.127338,16,3
-0.175353,-1.60632,0.198403,100,11
-0.099684,-0.911679,-0.112607,13,4
-0.176559,-1.61214,0.256865,70,12
-0.120574,-1.09918,-0.0967429,55,5
-4.69755,-42.6181,9.89875,15,14
-0.176147,-1.59808,-0.0280635,100,7
-4.65488,-42.1634,11.3663,12,15
-0.177378,-1.58386,0.0278191,100,8
-0.180555,-1.60968,0.0848889,100,9
-0.179561,-1.5958,0.140495,100,10
-0.0909218,-0.806773,-0.128589,16,3
-0.18124,-1.60567,0.198403,100,11
-0.103248,-0.91328,-0.112851,13,4
-0.183294,-1.62133,0.25843,75,12
-0.124635,-1.10073,-0.0969172,18,5
-3.31772,-29.2554,5.72313,12,13
-0.180773,-1.59157,-0.0839469,100,6
-0.18195,-1.59944,-0.0280984,100,7
-4.79329,-42.0701,11.3456,12,15
-0.183546,-1.59121,0.0279588,100,8
-0.0608313,-0.526555,-0.122373,15,1
-0.185943,-1.60706,0.0847843,100,9
-0.0668934,-0.57726,-0.112959,16,2
-0.184901,-1.59318,0.140321,100,10
-0.0970125,-0.8359,-0.133282,14,3
-0.185647,-1.59717,0.197428,100,11
-0.10398,-0.893215,-0.110414,15,4
-0.188953,-1.62068,0.25843,75,12
-0.126627,-1.08446,-0.0955227,3,5
-0.184658,-1.57906,-0.0833189,100,6
-0.188697,-1.60872,-0.0282729,100,7
-4.91103,-41.8056,11.2788,25,15
-0.189571,-1.59453,0.0280286,100,8
-0.0626691,-0.52634,-0.122373,15,1
-0.189854,-1.59453,0.0841562,100,9
-0.192009,-1.61024,-0.315216,2,2
-0.191837,-1.60641,0.141541,100,10
-0.0943,-0.788482,-0.125773,17,3
-0.191693,-1.60046,0.197916,100,11
-0.103551,-0.863282,-0.106758,14,4
-0.193856,-1.61613,0.257804,75,12
-0.128322,-1.06821,-0.0941282,6,5
-0.190647,-1.58237,-0.0835282,100,6
-0.193072,-1.60015,-0.0281333,100,7
-5.08092,-42.0481,11.3487,12,15
-0.195586,-1.59984,0.0281333,100,8
-0.195662,-1.59584,0.0842609,100,9
-0.196713,-1.59979,0.141018,100,10
-0.101254,-0.823456,-0.131405,15,3
-0.196756,-1.59784,0.197672,100,11
-0.104227,-0.845202,-0.104564,15,4
-0.197559,-1.59976,0.255301,77,12
-0.131805,-1.06578,-0.0939539,7,5
-1.8766,-15.1742,2.97204,2,13
-0.196384,-1.58569,-0.0837375,100,6
-0.197671,-1.59153,-0.0279937,100,7
-0.200948,-1.59515,0.0280635,100,8
-0.066342,-0.525889,-0.122373,15,1
-0.202231,-1.60308,0.0846796,100,9
-0.201278,-1.59328,-0.312164,3,2
-0.201546,-1.59317,0.140495,100,10
-0.102782,-0.811321,-0.129528,15,3
-0.20411,-1.60893,0.199135,100,11
-0.107324,-0.844815,-0.104564,10,4
-0.204138,-1.60689,0.256553,80,12
-0.132256,-1.03962,-0.0916878,5,5
-0.203479,-1.59281,-0.0280286,100,7
-0.204698,-1.58257,0.027854,100,8
-0.0680855,-0.525666,-0.122373,15,1
-0.208083,-1.60434,0.0847843,100,9
-0.207344,-1.59646,-0.312927,2,2
-0.207106,-1.59245,0.140495,100,10
-0.104197,-0.801182,-0.127963,16,3
-0.208676,-1.60233,0.198403,100,11
-0.111409,-0.854296,-0.105783,15,4
-0.20949,-1.60421,0.25624,82,12
-0.133301,-1.01939,-0.0899447,5,5
-0.211641,-1.61192,-0.0283776,25,7
-0.209694,-1.57788,0.0277842,100,8
-0.06992,-0.525426,-0.122373,15,1
-0.214209,-1.60757,0.0849936,100,9
-0.21523,-1.61522,-0.316743,2,2
-0.213967,-1.60361,0.141541,100,10
-0.103331,-0.773402,-0.123583,18,3
-0.213214,-1.59373,0.197428,100,11
-0.113072,-0.844065,-0.104564,10,4
-0.217189,-1.61913,0.258743,85,12
-0.133676,-0.995227,-0.087853,5,5
-0.149085,-1.10848,-0.0586163,8,6
-0.216464,-1.60522,-0.0282729,7,7
-0.216282,-1.58507,0.0279239,36,8
-0.0717537,-0.525178,-0.122373,15,1
-0.218466,-1.59691,0.0844702,89,9
-0.217951,-1.59108,-0.312164,3,2
-0.220114,-1.60479,0.141715,100,10
-0.109928,-0.800416,-0.127963,33,3
-0.219587,-1.59887,0.19816,100,11
-0.113584,-0.825966,-0.10237,5,4
-0.222301,-1.61445,0.258117,78,12
-0.134428,-0.975017,-0.0861099,3,5
-0.150959,-1.0921,-0.0577789,12,6
-0.222889,-1.6104,-0.0283776,5,7
-0.222645,-1.58823,0.0279937,9,8
-0.0736781,-0.524912,-0.122373,15,1
-0.225427,-1.60603,0.0849936,30,9
-0.221865,-1.57865,-0.309874,1,2
-0.224326,-1.59414,0.140844,100,10
-0.110516,-0.784379,-0.12546,35,3
-0.226,-1.60199,0.198647,100,11
-0.114389,-0.809819,-0.10042,6,4
-0.226001,-1.59998,0.255927,80,12
-0.135319,-0.956787,-0.0845411,4,5
-0.152527,-1.07575,-0.0569415,17,6
-0.225417,-1.58783,-0.0279937,4,7
-0.226774,-1.57956,0.027854,5,8
-0.0754184,-0.524665,-0.122373,15,1
-0.232454,-1.61512,0.085517,8,9
-0.228467,-1.58349,0.139972,49,10
-0.114245,-0.791828,-0.126712,34,3
-0.233298,-1.61498,0.200353,100,11
-0.119916,-0.829082,-0.102858,5,4
-0.232151,-1.60309,0.256553,77,12
-0.135513,-0.93462,-0.0826236,5,5
-0.151503,-1.04361,-0.0552668,8,6
-0.234702,-1.61276,-0.0284474,6,7
-0.232286,-1.57876,0.027854,5,8
-0.0772493,-0.524398,-0.122373,15,1
-0.237799,-1.61232,0.0854123,6,9
-0.116431,-0.787517,-0.126086,34,3
-0.236318,-1.59648,0.19816,79,11
-0.123391,-0.832585,-0.103345,5,4
-0.238035,-1.60422,0.256865,70,12
-0.135847,-0.914433,-0.0808805,3,5
-0.148093,-0.995665,-0.0527546,8,6
-0.207893,-1.39437,-0.0246079,6,7
-0.236604,-1.57003,0.0277144,9,8
-0.0790793,-0.524125,-0.122373,15,1
-0.244619,-1.61938,0.085831,5,9
-0.241306,-1.59368,0.141018,5,10
-0.113691,-0.749976,-0.120142,20,3
-0.122722,-0.808598,-0.10042,6,4
-0.245414,-1.6151,0.258743,27,12
-0.140237,-0.921832,-0.0815778,2,5
-4.56035,-29.9418,5.88722,32,13
-0.149934,-0.983269,-0.0521266,9,6
-0.167793,-1.0991,-0.0194071,6,7
-2.01699,-13.0591,0.230651,17,8
-0.0809998,-0.523832,-0.122373,15,1
-0.247218,-1.59878,0.0847843,5,9
-0.248698,-1.60464,0.142064,7,10
-0.116914,-0.753479,-0.120767,29,3
-0.246212,-1.58494,0.196941,7,11
-0.125685,-0.808143,-0.10042,6,4
-0.139163,-0.893776,-0.0791374,3,5
-2.46532,-15.8154,3.11133,22,13
-0.150286,-0.963006,-0.0510799,9,6
-0.175333,-1.12221,-0.0198259,24,7
-2.04127,-12.9319,0.228522,12,8
-0.0827364,-0.52356,-0.122373,15,1
-0.253049,-1.59589,0.141367,5,10
-0.117246,-0.73943,-0.118577,20,3
-0.2524,-1.59,0.197672,6,11
-0.123379,-0.776354,-0.0965205,7,4
-0.256063,-1.60944,0.258117,5,12
-0.143535,-0.901155,-0.0798347,3,5
-2.50447,-15.7238,3.09492,36,13
-0.152221,-0.954613,-0.0506612,6,6
-0.174515,-1.09197,-0.0193024,27,7
-2.12464,-13.1616,0.23271,1,8
-2.42482,-15.0045,0.796553,43,9
-2.41043,-14.8825,1.31902,37,10
-0.11793,-0.727317,-0.1167,21,3
-2.40328,-14.8056,1.84169,24,11
-0.125452,-0.772,-0.0960331,7,4
-0.261715,-1.61054,0.25843,4,12
-0.143324,-0.881009,-0.0780915,3,5
-2.55524,-15.6898,3.08996,15,13
-0.154909,-0.950134,-0.0504519,6,6
-0.176525,-1.08152,-0.0191278,16,7
-0.0862983,-0.522985,-0.122373,15,1
-2.2861,-13.8392,0.735111,19,9
-2.45554,-14.8327,1.31535,57,10
-0.120664,-0.728871,-0.117013,21,3
-2.47281,-14.9209,1.85705,40,11
-0.126711,-0.763746,-0.0950581,7,4
-4.96286,-29.8811,4.79753,25,12
-0.156201,-0.939465,-0.0833209,2,5
-2.60017,-15.6386,3.08157,35,13
-0.155436,-0.933853,-0.0496145,7,6
-0.175363,-1.05131,-0.0186043,7,7
-0.0881233,-0.522681,-0.122373,15,1
-2.3314,-13.8134,0.734169,25,9
-2.56246,-15.1663,1.34568,36,10
-0.117607,-0.695334,-0.111694,24,3
-2.5567,-15.1001,1.88044,37,11
-0.13203,-0.778957,-0.097008,7,4
-5.05424,-29.7876,4.78533,36,12
-0.159316,-0.938942,-0.0833209,2,5
-2.65639,-15.6391,3.08347,26,13
-0.155347,-0.913615,-0.0485678,9,6
-0.178025,-1.04478,-0.0184996,9,7
-0.190852,-1.10953,0.0196514,1,8
-0.0899472,-0.52237,-0.122373,15,1
-2.37723,-13.7914,0.733436,16,9
-2.68721,-15.5735,1.38264,27,10
-0.122387,-0.708545,-0.113884,11,3
-2.52044,-14.5766,1.81634,4,11
-0.130009,-0.751107,-0.0935957,7,4
-2.65717,-15.3355,2.46509,11,12
-0.162592,-0.93838,-0.0833209,2,5
-2.68949,-15.5059,3.05905,26,13
-0.155801,-0.897325,-0.0477304,10,6
-0.1755,-1.00869,-0.0178713,6,7
-0.194032,-1.10492,0.0195816,10,8
-0.0917702,-0.522053,-0.122373,15,1
-2.52954,-14.3751,0.764942,7,9
-2.64927,-15.0401,1.3361,31,10
-0.12829,-0.727567,-0.117013,10,3
-2.55681,-14.4856,1.8061,8,11
-0.134702,-0.762377,-0.0950581,7,4
-0.165867,-0.937807,-0.0833209,2,5
-2.76824,-15.6356,3.08653,27,13
-0.156493,-0.883009,-0.0469977,11,6
-2.6715,-15.0586,3.53083,9,14
-0.176223,-0.99232,-0.017592,4,7
-0.200357,-1.11802,0.0198259,17,8
-0.0935919,-0.521729,-0.122373,15,1
-2.60971,-14.5333,0.773839,1,9
-2.73031,-15.1896,1.35022,39,10
-0.126631,-0.703785,-0.113259,11,3
-2.87302,-15.9516,1.99013,42,11
-0.133136,-0.738459,-0.0921332,8,4
-2.73855,-15.1747,2.44226,40,12
-2.83083,-15.6703,3.0953,23,13
-0.162773,-0.900146,-0.0479397,10,6
-2.71953,-15.0242,3.52498,20,14
-0.176121,-0.972023,-0.017243,3,7
-0.199943,-1.0937,0.0194071,16,8
-0.0954124,-0.521399,-0.122373,15,1
-2.80451,-15.2956,1.3605,33,10
-0.12766,-0.695567,-0.112007,11,3
-2.65859,-14.4713,1.80659,32,11
-0.140739,-0.765323,-0.0955456,7,4
-2.86168,-15.531,3.06974,16,13
-0.16374,-0.887788,-0.0473117,5,6
-0.183147,-0.991066,-0.017592,1,7
-2.89931,-15.6738,4.27103,1,15
-0.197896,-1.06155,0.0188486,10,8
-0.224428,-1.20154,0.0640592,1,9
-2.91903,-15.6128,1.38961,27,10
-0.127907,-0.683467,-0.11013,12,3
-2.65025,-14.1478,1.76735,42,11
-0.138288,-0.737512,-0.0921332,8,4
-2.79195,-14.8756,2.3972,20,12
-0.157302,-0.838109,-0.0746053,4,5
-2.91333,-15.5074,3.06706,27,13
-0.162409,-0.863656,-0.0460556,6,6
-2.8932,-15.3707,3.61091,40,14
-0.183643,-0.9747,-0.0173128,1,7
-2.96295,-15.7111,4.28397,2,15
-0.19824,-1.04317,0.0185345,6,8
-0.0990502,-0.520721,-0.122373,15,1
-0.217414,-1.14189,0.0609191,2,9
-2.88064,-15.1152,1.34621,33,10
-0.133994,-0.70242,-0.113259,11,3
-2.72009,-14.2457,1.78075,15,11
-0.140862,-0.737025,-0.0921332,8,4
-2.85166,-14.9065,2.40377,43,12
-2.89619,-15.125,2.99341,17,13
-0.160911,-0.839545,-0.0447996,7,6
-2.97805,-15.5231,3.64916,21,14
-0.182519,-0.950487,-0.0168939,2,7
-3.02179,-15.7215,4.28967,1,15
-0.199599,-1.03069,0.018325,6,8
-0.100867,-0.520372,-0.122373,15,1
-0.221399,-1.14113,0.0609191,9,9
-2.99871,-15.4414,1.37619,15,10
-0.131168,-0.674801,-0.108878,12,3
-4.02126,-20.6683,2.58534,24,11
-0.141536,-0.726786,-0.0909145,16,4
-2.93202,-15.0419,2.42724,38,12
-2.98506,-15.2998,3.03005,28,13
-0.166903,-0.85466,-0.045637,6,6
-3.01951,-15.4476,3.63386,59,14
-3.067,-15.6615,4.27621,13,15
-0.195455,-0.990751,0.0176269,6,8
-0.22267,-1.12663,0.0601864,13,9
-2.95787,-14.952,1.33348,2,10
-0.138127,-0.697592,-0.112633,11,3
-4.10881,-20.732,2.59509,24,11
-0.1433,-0.722393,-0.0904271,25,4
-2.98835,-15.0509,2.43037,18,12
-3.07633,-15.4799,3.06783,25,13
-0.173003,-0.869744,-0.0464743,5,6
-3.06047,-15.372,3.61856,52,14
-0.18915,-0.94919,-0.0168939,2,7
-3.09746,-15.5295,4.24308,32,15
-0.191035,-0.950852,0.0169288,5,8
-0.104498,-0.519655,-0.122373,15,1
-0.22936,-1.13955,0.0609191,13,9
-0.140561,-0.697106,-0.112633,11,3
-4.18626,-20.7429,2.59825,24,11
-0.151323,-0.74913,-0.0938394,23,4
-3.18019,-15.7154,3.11667,34,13
-0.169694,-0.837814,-0.0447996,7,6
-3.10405,-15.3116,3.60687,47,14
-3.15396,-15.5299,4.24619,12,15
-0.194753,-0.952138,0.0169637,3,8
-0.106311,-0.519287,-0.122373,15,1
-0.227723,-1.11135,0.0594537,10,9
-0.156456,-0.763547,-0.151502,9,2
-0.144582,-0.704351,-0.113884,11,3
-3.08852,-15.0328,1.88434,33,11
-0.153537,-0.746653,-0.0935957,23,4
-3.1949,-15.5231,2.51015,31,12
-3.17284,-15.4023,3.05676,30,13
-0.170198,-0.82548,-0.0441716,7,6
-3.11888,-15.1136,3.56277,27,14
-0.195772,-0.947846,-0.0168939,2,7
-0.196038,-0.941664,0.0167892,2,8
-0.108123,-0.518913,-0.122373,15,1
-0.224262,-1.07536,0.0575696,7,9
-0.144691,-0.693808,-0.137764,12,2
-0.238558,-1.14291,0.102147,1,10
-0.142193,-0.680638,-0.11013,12,3
-3.09547,-14.8043,1.85705,40,11
-0.148417,-0.709195,-0.0889646,26,4
-3.15187,-15.0478,2.43506,31,12
-0.165696,-0.789697,-0.0422875,8,6
-3.20686,-15.2705,3.60237,38,14
-0.16206,-0.771033,-0.0137525,5,7
-3.24242,-15.413,4.2203,21,15
-0.206783,-0.976187,0.0174175,1,8
-0.109934,-0.518532,-0.122373,15,1
-0.221199,-1.04335,0.0558948,6,9
-0.149557,-0.704822,-0.140054,11,2
-0.24089,-1.13427,0.101449,5,10
-0.142925,-0.672409,-0.108878,12,3
-3.15208,-14.8167,1.85997,32,11
-0.150065,-0.70479,-0.0884771,36,4
-2.9031,-13.6346,2.20792,14,12
-3.25776,-15.2741,3.03577,10,13
-0.173455,-0.812552,-0.0435435,7,6
-3.19256,-14.9428,3.52768,15,14
-0.16211,-0.758758,-0.0135431,10,7
-3.32381,-15.5439,4.25913,5,15
-0.210019,-0.975496,0.0174175,1,8
-0.111652,-0.518165,-0.122373,15,1
-0.222313,-1.03085,0.0552668,5,9
-0.143732,-0.665914,-0.132421,13,2
-0.244428,-1.13148,0.101275,15,10
-0.153496,-0.710548,-0.115136,11,3
-3.1689,-14.6567,1.8412,8,11
-0.152821,-0.706228,-0.0887209,27,4
-0.172761,-0.796358,-0.0427061,8,6
-0.166456,-0.766004,-0.0136827,10,7
-3.31318,-15.2339,4.17734,11,15
-0.224199,-1.02227,0.0548481,4,9
-0.142575,-0.650092,-0.129368,13,2
-0.246043,-1.12093,0.100403,16,10
-0.160214,-0.729302,-0.118264,10,3
-0.154859,-0.703752,-0.0884771,27,4
-0.17726,-0.803552,-0.0431248,8,6
-3.38074,-15.3128,3.62036,26,14
-0.163951,-0.741987,-0.0132638,11,7
-0.224289,-1.00588,0.0540107,4,9
-0.162789,-0.730071,-0.145396,10,2
-0.24518,-1.09868,0.098486,11,10
-0.152425,-0.682469,-0.110756,12,3
-0.162081,-0.724516,-0.0911583,33,4
-3.06168,-13.6748,2.21949,12,12
-11.7235,-52.3191,10.422,15,13
-0.175694,-0.783439,-0.0420781,8,6
-3.43289,-15.2952,3.61901,49,14
-0.172676,-0.768725,-0.0137525,10,7
-0.117072,-0.516967,-0.122373,15,1
-0.220124,-0.972019,0.0522313,2,9
-0.153186,-0.675887,-0.134711,12,2
-0.241081,-1.06284,0.0953484,8,10
-0.143436,-0.631847,-0.102621,14,3
-0.159328,-0.700718,-0.0882334,18,4
-3.58706,-15.7504,3.13995,13,13
-0.182866,-0.802294,-0.0431248,8,6
-3.48366,-15.2717,3.61631,52,14
-0.168998,-0.740853,-0.0132638,5,7
-0.118786,-0.516576,-0.122373,15,1
-0.219036,-0.951781,0.0511846,3,9
-0.151138,-0.656216,-0.130895,13,2
-0.240314,-1.04258,0.0936053,6,10
-0.157067,-0.681416,-0.110756,12,3
-0.265942,-1.15284,0.145268,2,11
-0.157185,-0.680844,-0.085796,9,4
-7.61369,-32.9523,5.35663,9,12
-0.183724,-0.7939,-0.0427061,8,6
-0.15894,-0.685714,-0.0122865,6,7
-0.22554,-0.964624,0.0519173,1,9
-0.149737,-0.640418,-0.127842,28,2
-0.238777,-1.02043,0.0916878,5,10
-0.163948,-0.700097,-0.113884,11,3
-0.270417,-1.15384,0.145512,8,11
-0.160467,-0.684156,-0.0862835,9,4
-7.77562,-33.1255,5.38917,4,12
-3.67354,-15.6377,3.1224,1,13
-0.180095,-0.766035,-0.0412407,9,6
-0.175999,-0.747441,-0.0134034,5,7
-0.231675,-0.975491,0.0525453,1,9
-0.150267,-0.632225,-0.126316,28,2
-0.236521,-0.994353,0.0894218,5,10
-0.172918,-0.726395,-0.118264,10,3
-0.276282,-1.16061,0.146487,18,11
-3.27238,-13.7254,2.23482,2,12
-11.7132,-49.053,9.803,12,13
-0.193114,-0.808106,-0.0435435,7,6
-0.180468,-0.754602,-0.0135431,21,7
-0.244621,-1.01346,0.0546387,1,9
-0.156158,-0.646964,-0.129368,13,2
-0.236248,-0.978028,0.0880273,2,10
-0.273999,-1.13258,0.143075,19,11
-11.9121,-49.1263,9.8259,12,13
-0.17992,-0.741435,-0.0399847,10,6
-0.181815,-0.748106,-0.0134384,26,7
-0.126077,-0.514845,-0.122373,15,1
-0.267173,-1.0902,0.0588256,1,9
-0.158416,-0.646415,-0.129368,13,2
-0.234441,-0.955912,0.0861099,3,10
-0.273216,-1.11234,0.140637,12,11
-3.89237,-15.8112,3.16514,8,13
-0.187285,-0.760195,-0.0410314,9,6
-0.181551,-0.735818,-0.0132289,22,7
-0.258441,-1.03887,0.0561041,1,9
-0.157828,-0.634427,-0.127079,28,2
-0.238257,-0.957021,0.0862842,3,10
-0.269893,-1.08248,0.136981,10,11
-0.29814,-1.194,0.194917,2,12
-0.18703,-0.747911,-0.0404034,9,6
-0.178775,-0.713842,-0.012845,5,7
-0.274778,-1.08831,0.0588256,1,9
-0.158119,-0.626258,-0.125552,14,2
-0.233299,-0.923345,0.0833209,4,10
-0.158831,-0.628154,-0.102621,14,3
-0.272696,-1.07769,0.136494,8,11
-0.293572,-1.15848,0.189286,5,12
-0.187674,-0.73951,-0.0399847,10,6
-0.182251,-0.71709,-0.0129148,5,7
-0.278385,-1.08739,0.0588256,1,9
-0.167125,-0.652328,-0.130895,13,2
-0.23949,-0.934104,0.0843668,2,10
-0.161023,-0.627596,-0.102621,14,3
-0.265596,-1.03443,0.131131,6,11
-0.300361,-1.16898,0.191163,11,12
-0.193243,-0.750456,-0.0406127,9,6
-0.157642,-0.60737,-0.144868,12,1
-0.163365,-0.628968,-0.126316,28,2
-0.244591,-0.941018,0.085064,1,10
-0.261024,-1.0028,0.127232,4,11
-0.306228,-1.17563,0.192414,11,12
-0.187659,-0.718891,-0.038938,10,6
-0.194079,-0.742952,-0.0134034,5,7
-0.13536,-0.514498,-0.122823,15,1
-0.161558,-0.613206,-0.123263,30,2
-0.259892,-0.986442,0.0892475,1,10
-0.175253,-0.664716,-0.108878,12,3
-0.259284,-0.982738,0.124794,4,11
-0.301247,-1.14017,0.186783,9,12
-0.19119,-0.722093,-0.0391473,10,6
-0.163805,-0.61261,-0.123263,30,2
-0.263506,-0.985482,0.0892475,1,10
-0.167476,-0.625905,-0.102621,14,3
-0.264938,-0.989452,0.125769,4,11
-0.292122,-1.08946,0.178648,7,12
-0.197981,-0.736818,-0.0399847,20,6
-0.19939,-0.741544,-0.0134034,5,7
-0.170566,-0.629088,-0.126697,14,2
-0.267116,-0.98451,0.0892475,1,10
-0.169769,-0.625287,-0.102621,14,3
-0.267521,-0.984643,0.125282,2,11
-0.291446,-1.07122,0.175832,6,12
-0.335228,-1.2313,0.248052,1,13
-0.198452,-0.728414,-0.039566,10,6
-0.140919,-0.513003,-0.122823,15,1
-0.297509,-1.08231,0.0588256,1,9
-0.170679,-0.620916,-0.125171,14,2
-0.171951,-0.62469,-0.102621,14,3
-0.26674,-0.968392,0.123332,2,11
-0.292558,-1.06068,0.174268,5,12
-0.328555,-1.19038,0.240038,4,13
-0.189295,-0.685363,-0.0372632,11,6
-0.177061,-0.635446,-0.128224,14,2
-0.265848,-0.952159,0.121382,2,11
-0.291821,-1.04448,0.171765,5,12
-0.33165,-1.18544,0.239275,10,13
-0.181995,-0.650079,-0.0353791,12,6
-0.277574,-0.984204,0.053592,1,9
-0.177034,-0.627298,-0.126697,14,2
-0.176199,-0.623505,-0.102621,14,3
-0.272245,-0.962734,0.122844,2,11
-0.291518,-1.0302,0.169575,5,12
-0.335044,-1.18245,0.238893,12,13
-0.178701,-0.630256,-0.0343324,27,6
-0.173825,-0.6078,-0.122881,15,2
-0.178266,-0.622918,-0.102621,14,3
-0.269971,-0.942742,0.120407,2,11
-0.2864,-0.998797,0.164569,4,12
-0.333752,-1.1624,0.235077,9,13
-0.182003,-0.633468,-0.0345417,40,6
-0.175081,-0.604603,-0.145318,12,1
-0.312404,-1.07811,0.0588256,1,9
-0.183706,-0.633557,-0.128224,14,2
-0.180548,-0.62226,-0.102621,14,3
-0.294457,-1.01419,0.129669,2,11
-0.288957,-0.993947,0.163943,4,12
-0.327584,-1.12535,0.227826,5,13
-0.182089,-0.625126,-0.034123,40,6
-0.362417,-1.2442,0.299185,1,14
-0.296088,-1.00797,0.0550574,1,9
-0.191563,-0.651715,-0.13204,13,2
-0.175024,-0.595063,-0.0982409,15,3
-0.287014,-0.973933,0.160815,3,12
-0.322817,-1.09402,0.22172,5,13
-0.182117,-0.616793,-0.0337044,28,6
-0.360352,-1.22044,0.293786,5,14
-0.320298,-1.07579,0.0588256,1,9
-0.184982,-0.620905,-0.125934,14,2
-0.179461,-0.601989,-0.0994923,14,3
-0.290016,-0.970982,0.160502,2,12
-0.321199,-1.07402,0.217904,5,13
-0.183231,-0.612294,-0.033495,42,6
-0.363706,-1.21538,0.292886,11,14
-0.19033,-0.631599,-0.128224,14,2
-0.180315,-0.597609,-0.0988666,15,3
-0.29078,-0.962502,0.15925,2,12
-0.318887,-1.05421,0.214088,4,13
-0.183997,-0.607893,-0.0332857,42,6
-0.360956,-1.19178,0.287487,11,14
-0.18795,-0.615908,-0.125171,14,2
-0.179988,-0.58945,-0.0976151,15,3
-0.287203,-0.938814,0.155496,2,12
-0.319508,-1.04376,0.21218,4,13
-0.190691,-0.622556,-0.034123,40,6
-0.356911,-1.16449,0.281189,9,14
-0.18304,-0.592772,-0.120591,15,2
-0.19138,-0.619014,-0.102621,14,3
-0.290479,-0.937806,0.155496,2,12
-0.316175,-1.02014,0.2076,4,13
-0.199371,-0.642871,-0.0352744,26,6
-0.354043,-1.14091,0.27579,8,14
-0.192138,-0.614615,-0.125171,14,2
-0.185279,-0.59195,-0.0982409,15,3
-0.290204,-0.925477,0.153619,1,12
-0.315032,-1.00404,0.204547,2,13
-0.201015,-0.640266,-0.0351698,26,6
-0.352767,-1.12293,0.271741,7,14
-0.384876,-1.22365,0.343712,1,15
-0.184805,-0.583992,-0.119065,15,2
-0.183764,-0.580001,-0.0963636,15,3
-0.307776,-0.969645,0.161128,1,12
-0.314375,-0.989838,0.201876,2,13
-0.205669,-0.647174,-0.0355885,25,6
-0.349598,-1.09941,0.266342,6,14
-0.387387,-1.21678,0.342159,4,15
-0.193131,-0.601894,-0.100118,14,3
-0.322034,-1.00242,0.166759,1,12
-0.31199,-0.969989,0.19806,2,13
-0.205592,-0.638811,-0.0351698,13,6
-0.34347,-1.06659,0.258694,5,14
-0.389262,-1.20806,0.340088,8,15
-0.194011,-0.597459,-0.0994923,14,3
-0.31104,-0.956147,0.15925,1,12
-0.315374,-0.968894,0.19806,2,13
-0.205346,-0.630493,-0.0347511,13,6
-0.341153,-1.04685,0.254195,5,14
-0.39129,-1.19928,0.338018,11,15
-0.199795,-0.608038,-0.10137,14,3
-0.336611,-1.0226,0.170514,1,12
-0.308313,-0.936087,0.191572,2,13
-0.210046,-0.63736,-0.0351698,13,6
-0.338703,-1.02715,0.249696,4,14
-0.386995,-1.17222,0.330771,10,15
-0.205416,-0.618585,-0.126697,14,2
-0.191945,-0.577345,-0.0963636,15,3
-0.34,-1.02148,0.170514,1,12
-0.307855,-0.92383,0.189283,2,13
-0.224905,-0.674517,-0.0372632,11,6
-0.341052,-1.02226,0.248796,4,14
-0.374976,-1.12329,0.317312,7,15
-0.205073,-0.61042,-0.125171,14,2
-0.183788,-0.546747,-0.0913577,16,3
-0.314677,-0.933967,0.191572,2,13
-0.218208,-0.647271,-0.0357978,12,6
-0.336343,-0.997121,0.242947,4,14
-0.372714,-1.10367,0.312136,6,15
-0.171008,-0.503773,-0.122823,15,1
-0.191943,-0.565122,-0.116012,16,2
-0.188239,-0.553582,-0.0926092,16,3
-0.315402,-0.92543,0.190046,1,13
-0.21402,-0.627602,-0.0347511,13,6
-0.338563,-0.992252,0.242047,4,14
-0.370319,-1.08408,0.306959,5,15
-0.188908,-0.549562,-0.112959,16,2
-0.19798,-0.575303,-0.0963636,15,3
-0.321353,-0.931691,0.191572,1,13
-0.222834,-0.645693,-0.0357978,12,6
-0.333929,-0.967058,0.236199,3,14
-0.369054,-1.06818,0.302818,5,15
-0.206588,-0.594576,-0.145318,12,1
-0.208876,-0.600822,-0.123644,14,2
-0.194144,-0.557818,-0.0935478,32,3
-0.327189,-0.937979,0.193099,1,13
-0.215873,-0.618511,-0.0343324,13,6
-0.337945,-0.967727,0.236649,2,14
-0.367045,-1.05047,0.29816,4,15
-0.194353,-0.553437,-0.135421,13,1
-0.216181,-0.614906,-0.126697,14,2
-0.201236,-0.572079,-0.0960508,31,3
-0.339437,-0.96281,0.198441,1,13
-0.227224,-0.644161,-0.0357978,12,6
-0.340504,-0.964763,0.236199,1,14
-0.362343,-1.0255,0.29143,4,15
-0.18585,-0.523373,-0.128222,14,1
-0.210331,-0.591987,-0.122118,15,2
-0.197936,-0.556484,-0.0935478,32,3
-0.366528,-1.02819,0.21218,1,13
-0.225446,-0.632077,-0.0351698,13,6
-0.340595,-0.954392,0.233949,1,14
-0.363971,-1.01877,0.289877,4,15
-0.19031,-0.530057,-0.130022,14,1
-0.209843,-0.583821,-0.120591,15,2
-0.19128,-0.531591,-0.0894805,34,3
-0.228438,-0.633125,-0.0352744,26,6
-0.334826,-0.927475,0.22765,1,14
-0.35768,-0.990241,0.282113,4,15
-0.192251,-0.529356,-0.130022,14,1
-0.206516,-0.568324,-0.117538,16,2
-0.201913,-0.555053,-0.0935478,32,3
-0.229963,-0.630448,-0.0351698,13,6
-0.336725,-0.92264,0.226751,1,14
-0.35733,-0.978036,0.279007,3,15
-0.202157,-0.550634,-0.135421,13,1
-0.213914,-0.582342,-0.120591,15,2
-0.202486,-0.550637,-0.0929221,32,3
-0.234235,-0.635263,-0.0354838,25,6
-0.335897,-0.910489,0.224051,1,14
-0.351372,-0.951412,0.27176,2,15
-0.198654,-0.535309,-0.131821,14,1
-0.215946,-0.581592,-0.120591,15,2
-0.210601,-0.566591,-0.0957379,15,3
-0.232266,-0.623212,-0.0348557,26,6
-0.342478,-0.918441,0.226301,1,14
-0.353339,-0.94656,0.270725,2,15
-0.205997,-0.549209,-0.135421,13,1
-0.217974,-0.580835,-0.120591,15,2
-0.227861,-0.606535,-0.102621,14,3
-0.230216,-0.611183,-0.0342277,27,6
-0.34362,-0.911769,0.224951,1,14
-0.360051,-0.954358,0.273313,2,15
-0.188572,-0.497465,-0.122823,15,1
-0.206076,-0.543357,-0.112959,16,2
-0.233058,-0.612243,-0.0343324,27,6
-0.336935,-0.885127,0.218652,1,14
-0.361838,-0.949549,0.272278,2,15
-0.19022,-0.496837,-0.122823,15,1
-0.207877,-0.542671,-0.112959,16,2
-0.241538,-0.628245,-0.0352744,26,6
-0.376233,-0.97859,0.242047,1,14
-0.352495,-0.915891,0.26296,2,15
-0.191867,-0.496203,-0.122823,15,1
-0.209675,-0.541978,-0.112959,16,2
-0.22627,-0.582756,-0.0327623,29,6
-0.352731,-0.907514,0.26089,2,15
-0.237679,-0.606175,-0.034123,27,6
-0.347974,-0.886558,0.255196,2,15
-0.237901,-0.599647,-0.033809,27,6
-0.360245,-0.906637,0.261407,2,15
-0.242965,-0.606228,-0.0342277,27,6
-0.355491,-0.885653,0.255713,2,15
-0.245829,-0.607228,-0.0343324,27,6
-0.363505,-0.897002,0.259337,1,15
-0.244819,-0.599014,-0.0339137,27,6
-0.344533,-0.842151,0.243808,1,15
-0.252136,-0.611123,-0.0346464,26,6
-0.348946,-0.844514,0.244843,1,15
-0.251195,-0.602864,-0.0342277,27,6
-0.350404,-0.839725,0.243808,1,15
-0.244003,-0.579893,-0.0329717,28,6
-0.374338,-0.888344,0.258301,1,15
-0.246126,-0.578995,-0.0329717,28,6
-0.380462,-0.894143,0.260372,1,15
-0.255036,-0.595619,-0.102621,14,3
-0.248146,-0.578132,-0.0329717,28,6
-0.564403,-1.31431,0.330228,1,14
-0.241436,-0.558461,-0.0963636,15,3
-0.246192,-0.568099,-0.0324483,29,6
-0.596893,-1.3767,0.346425,1,14
-0.231375,-0.531366,-0.155291,12,0
-0.259188,-0.593824,-0.102621,14,3
-0.250575,-0.572726,-0.0327623,29,6
-0.599351,-1.36925,0.345075,1,14
-0.26126,-0.592915,-0.102621,14,3
-0.253379,-0.573675,-0.032867,29,6
-0.602552,-1.36359,0.344175,1,14
-0.310489,-0.702311,-0.0134034,5,7
-0.250501,-0.561842,-0.032239,29,6
-0.606277,-1.3598,0.343725,1,14
-0.312816,-0.701278,-0.0134034,5,7
-0.236835,-0.528955,-0.155291,12,0
-0.254001,-0.564651,-0.0324483,29,6
-0.610783,-1.35779,0.343725,1,14
-0.251745,-0.554712,-0.0319249,30,6
-0.631632,-1.39113,0.352723,1,14
-0.255343,-0.557461,-0.0321343,29,6
-0.245555,-0.531186,-0.0306689,31,6
-0.345967,-0.747714,-0.0143808,4,7
-0.254258,-0.544761,-0.0315063,30,6
-0.324886,-0.695768,-0.0134034,5,7
-0.259562,-0.551097,-0.0319249,30,6
-0.31038,-0.658397,-0.0127054,6,7
-0.249647,-0.526941,-0.113341,16,2
-0.260627,-0.548384,-0.0318203,30,6
-0.329856,-0.693426,-0.0134034,5,7
-0.251484,-0.526066,-0.113341,16,2
-0.267721,-0.558276,-0.0324483,29,6
-0.332154,-0.692328,-0.0134034,5,7
-0.253319,-0.525185,-0.113341,16,2
-0.259136,-0.535809,-0.0311922,31,6
-0.334568,-0.691164,-0.0134034,5,7
-0.258377,-0.529517,-0.0308782,31,6
-0.326332,-0.668487,-0.0129846,5,7
-0.256888,-0.523449,-0.113341,16,2
-0.261895,-0.532241,-0.0310876,31,6
-0.314527,-0.638641,-0.0124261,6,7
-0.258714,-0.522549,-0.113341,16,2
-0.274504,-0.552743,-0.0323436,29,6
-0.323873,-0.651866,-0.0127054,6,7
-0.262922,-0.525042,-0.0307735,15,6
-0.344066,-0.686486,-0.0134034,5,7
-0.757459,-1.50016,0.326665,1,13
-0.261151,-0.51699,-0.0303549,16,6
-0.737996,-1.4484,0.31598,1,13
-0.272114,-0.533824,-0.0314016,15,6
-0.762789,-1.48423,0.324375,2,13
-0.270323,-0.525766,-0.0309829,31,6
-0.243275,-0.470933,-0.122373,15,1
-0.763191,-1.47297,0.322467,3,13
-0.270227,-0.52132,-0.0307735,15,6
-0.245818,-0.471809,-0.122823,15,1
-0.772875,-1.479,0.324375,2,13
-0.272045,-0.520374,-0.0307735,15,6
-0.247381,-0.470992,-0.122823,15,1
-0.78418,-1.48859,0.327047,2,13
-0.277494,-0.526536,-0.0311922,15,6
-0.248941,-0.470169,-0.122823,15,1
-0.802924,-1.51199,0.332771,1,13
-0.264246,-0.497392,-0.0295175,16,6
-0.250581,-0.469297,-0.122823,15,1
-0.26598,-0.496467,-0.0295175,16,6
-0.252218,-0.468419,-0.122823,15,1
-0.315178,-0.583396,-0.0347511,13,6
-0.253851,-0.467536,-0.122823,15,1
-0.286882,-0.50357,-0.155291,12,0
-0.288638,-0.502566,-0.155291,12,0
-0.290661,-0.505476,-0.113341,16,2
-0.918147,-1.59349,0.291281,1,12
-0.290391,-0.501555,-0.155291,12,0
-0.292424,-0.504458,-0.113341,16,2
-0.919736,-1.58344,0.29003,2,12
-0.294183,-0.503434,-0.113341,16,2
-0.93424,-1.59556,0.292845,4,12
-0.296026,-0.502353,-0.113341,16,2
-0.948841,-1.6076,0.295661,2,12
-0.297778,-0.501316,-0.113341,16,2
-0.96483,-1.62109,0.29879,1,12
-0.299614,-0.500222,-0.113341,16,2
-0.2991,-0.496411,-0.155291,12,0
-0.301184,-0.499278,-0.113341,16,2
-0.302925,-0.498223,-0.113341,16,2
-0.302558,-0.494311,-0.155291,12,0
-0.304662,-0.497163,-0.113341,16,2
-0.304282,-0.493252,-0.155291,12,0
-1.03099,-1.67128,0.0342765,4,8
-1.04081,-1.68588,0.103835,1,9
-0.306395,-0.496097,-0.113341,16,2
-1.04738,-1.68465,0.0346256,8,8
-1.05724,-1.69919,0.104881,2,9
-0.308039,-0.495078,-0.113341,16,2
-1.05325,-1.68099,0.0346256,5,8
-1.06529,-1.69888,0.105091,5,9
-0.295163,-0.470713,-0.107998,17,2
-1.09899,-1.75193,0.180935,1,10
-1.08924,-1.73505,0.251538,1,11
-1.073,-1.69928,0.0350793,1,8
-1.07761,-1.70528,0.105719,4,9
-0.286317,-0.453084,-0.104182,18,2
-1.05612,-1.67062,0.172917,5,10
-1.06769,-1.68762,0.245201,1,11
-0.292115,-0.458705,-0.105708,18,2
-1.07586,-1.68877,0.175183,3,10
-0.300076,-0.467597,-0.107998,17,2
-0.284649,-0.440169,-0.101892,19,2
-0.296823,-0.455673,-0.105708,18,2
-0.291948,-0.444787,-0.103418,18,2
-0.319456,-0.483562,-0.155291,12,0
-0.321657,-0.48634,-0.113341,16,2
-1.17626,-1.76506,0.111162,1,9
-0.323353,-0.485214,-0.113341,16,2
-1.11305,-1.65889,0.0348699,1,8
-1.12674,-1.67804,0.105928,1,9
-0.303156,-0.451484,-0.105708,18,2
-1.16428,-1.73329,0.182678,1,10
-1.1429,-1.70018,0.251538,1,11
-1.04287,-1.54845,0.431006,1,14
-1.11883,-1.65499,0.0348699,1,8
-1.10797,-1.6377,0.103625,1,9
-0.30473,-0.450423,-0.105708,18,2
-1.15916,-1.71271,0.180935,1,10
-1.04827,-1.5448,0.431006,1,14
-1.14714,-1.68353,0.106765,1,9
-0.327311,-0.480179,-0.112959,16,2
-1.13595,-1.66586,0.176403,1,10
-1.05339,-1.54132,0.431006,1,14
-1.20018,-1.74888,0.111162,1,9
-0.328901,-0.479091,-0.112959,16,2
-1.16402,-1.69493,0.179889,1,10
-1.05849,-1.53782,0.431006,1,14
-0.330488,-0.477998,-0.112959,16,2
-1.06386,-1.53411,0.431006,1,14
-0.309789,-0.444568,-0.105327,18,2
-1.04714,-1.49826,0.422008,1,14
-0.306827,-0.437057,-0.1038,18,2
-1.07481,-1.52646,0.431006,1,14
-0.319687,-0.452012,-0.107616,17,2
-1.08013,-1.5227,0.431006,1,14
-1.27463,-1.79027,0.0383604,1,8
-0.305314,-0.428509,-0.102274,18,2
-1.20395,-1.67856,0.0360567,2,8
-0.315966,-0.4402,-0.105327,18,2
-1.23171,-1.71032,-0.0367897,1,7
-1.21858,-1.68774,0.0363359,6,8
-1.21184,-1.67716,0.10844,1,9
-0.312824,-0.432785,-0.1038,18,2
-1.22534,-1.69025,-0.0364406,1,7
-1.22946,-1.68973,0.0364755,7,8
-0.319032,-0.437983,-0.105327,18,2
-1.23447,-1.6836,0.0364406,4,8
-0.320558,-0.436867,-0.105327,18,2
-1.01719,-1.3817,-0.0299483,1,7
-0.317414,-0.42943,-0.1038,18,2
-0.98627,-1.32995,-0.0289012,3,7
-1.38568,-1.86174,0.121629,1,9
-0.34705,-0.466112,-0.112959,16,2
-0.993068,-1.32988,-0.028971,6,7
-1.34185,-1.78978,0.117233,1,9
-0.332183,-0.44291,-0.107616,17,2
-0.9953,-1.32321,-0.0289012,7,7
-1.31439,-1.74045,0.114302,1,9
-0.350215,-0.463739,-0.112959,16,2
-1.3355,-1.76778,0.193834,1,10
-1.35517,-1.79251,0.275912,1,11
-1.00233,-1.32291,-0.028971,6,7
-1.32529,-1.74221,0.11472,1,9
-0.351831,-0.462514,-0.112959,16,2
-1.31754,-1.73139,0.190348,1,10
-1.36142,-1.78777,0.275912,1,11
-1.00573,-1.31782,-0.0289361,5,7
-1.32863,-1.73464,0.114511,1,9
-0.354638,-0.462841,-0.113341,16,2
-1.31872,-1.72046,0.189651,1,10
-1.34832,-1.7578,0.272012,1,11
-1.00765,-1.3113,-0.0288663,5,7
-1.33224,-1.72683,0.114302,1,9
-0.356251,-0.461601,-0.113341,16,2
-1.33933,-1.73477,0.191743,1,10
-1.359,-1.7596,0.272987,1,11
-1.37108,-1.77396,0.355106,1,12
-1.00488,-1.29829,-0.0286569,5,7
-1.37993,-1.77579,0.117861,1,9
-0.35778,-0.460417,-0.113341,16,2
-1.34508,-1.73032,0.191743,1,10
-1.34563,-1.72978,0.269088,1,11
-1.37969,-1.77229,0.355732,1,12
-1.00572,-1.29004,-0.0285521,6,7
-1.43043,-1.82758,0.121629,1,9
-0.359385,-0.459165,-0.113341,16,2
-1.36585,-1.74444,0.193834,1,10
-1.37125,-1.75007,0.272987,1,11
-1.35905,-1.73326,0.348849,1,12
-1.01639,-1.29439,-0.0287267,5,7
-0.360985,-0.457908,-0.113341,16,2
-1.37193,-1.73966,0.193834,1,10
-1.36751,-1.73281,0.271037,1,11
-1.35745,-1.71944,0.346972,1,12
-1.02316,-1.29415,-0.0287965,5,7
-1.44284,-1.8178,0.121629,1,9
-0.362582,-0.456645,-0.113341,16,2
-1.37799,-1.73486,0.193834,1,10
-1.39795,-1.75935,0.275912,1,11
-1.3954,-1.75489,0.355106,1,12
-1.36148,-1.71162,0.425122,1,13
-1.03016,-1.2937,-0.0288663,5,7
-1.30958,-1.64402,0.56319,1,15
-1.07712,-1.34832,0.0301229,1,8
-1.44918,-1.81275,0.121629,1,9
-0.364094,-0.45544,-0.113341,16,2
-1.40408,-1.75446,0.275912,1,11
-1.41634,-1.76851,0.358861,1,12
-1.37481,-1.71605,0.427412,1,13
-1.03217,-1.28697,-0.0287965,5,7
-1.05424,-1.31028,0.0293549,1,8
-0.365761,-0.454103,-0.113341,16,2
-1.40514,-1.74203,0.354481,1,12
-1.40082,-1.73544,0.433518,1,13
-1.0266,-1.27092,-0.0285172,5,7
-1.05023,-1.29553,0.0291106,2,8
-1.46211,-1.80234,0.121629,1,9
-1.41152,-1.73687,0.354481,1,12
-1.40687,-1.73054,0.433518,1,13
-1.41183,-1.7354,0.516488,1,14
-1.03251,-1.2687,-0.0285521,6,7
-1.03198,-1.26398,0.0284823,4,8
-1.4785,-1.8096,0.122466,1,9
-1.44747,-1.77099,0.20011,1,10
-1.43259,-1.75028,0.358235,1,12
-1.41788,-1.73169,0.435045,1,13
-1.40306,-1.71237,0.511089,1,14
-1.03947,-1.26818,-0.0286219,7,7
-1.04019,-1.265,0.028587,5,8
-1.49496,-1.81676,0.123304,1,9
-0.370496,-0.450247,-0.113341,16,2
-1.47137,-1.78746,0.20255,1,10
-1.45628,-1.7666,0.362615,1,12
-1.41892,-1.72067,0.433518,1,13
-1.40406,-1.70145,0.509289,1,14
-1.05535,-1.27842,-0.0289361,9,7
-1.04715,-1.26444,0.0286569,5,8
-1.4809,-1.78693,0.121629,1,9
-0.372065,-0.448951,-0.113341,16,2
-1.4598,-1.76084,0.20011,1,10
-1.4801,-1.78279,0.366995,1,12
-1.42993,-1.72175,0.435045,1,13
-1.40501,-1.69054,0.50749,1,14
-1.04702,-1.25935,-0.028587,9,7
-1.05028,-1.25924,0.0286219,5,8
-1.48713,-1.78175,0.121629,1,9
-1.46594,-1.75573,0.20011,1,10
-1.51718,-1.81582,0.290537,1,11
-1.46857,-1.7564,0.362615,1,12
-1.42334,-1.70169,0.431228,1,13
-1.42341,-1.70057,0.511989,1,14
-1.04884,-1.25262,-0.0285172,9,7
-1.4129,-1.68682,0.58959,1,15
-1.06367,-1.26629,0.0288663,6,8
-1.49334,-1.77655,0.121629,1,9
-1.45154,-1.72621,0.197321,1,10
-1.51073,-1.79532,0.288099,1,11
-1.4747,-1.75126,0.362615,1,12
-1.44192,-1.71173,0.435045,1,13
-1.41678,-1.68069,0.50749,1,14
-1.0545,-1.25049,-0.0285521,11,7
-1.41878,-1.68188,0.58959,1,15
-1.0513,-1.24272,0.0284125,5,8
-1.49179,-1.76218,0.121001,1,9
-1.47043,-1.73633,0.199064,1,10
-1.52726,-1.80215,0.290049,1,11
-1.54468,-1.82143,0.378259,1,12
-1.46821,-1.73064,0.44115,1,13
-1.42011,-1.67277,0.50659,1,14
-1.06662,-1.25594,-0.0287616,11,7
-1.42465,-1.67692,0.58959,1,15
-1.05952,-1.24361,0.0285172,5,8
-1.48238,-1.73872,0.119745,2,9
-0.378297,-0.443713,-0.113341,16,2
-1.47649,-1.73119,0.199064,1,10
-1.50776,-1.76661,0.285174,1,11
-1.47424,-1.7255,0.44115,1,13
-1.42595,-1.6678,0.50659,1,14
-1.0684,-1.24917,-0.0286918,11,7
-1.46315,-1.7101,0.603048,1,15
-1.06602,-1.24331,0.028587,5,8
-1.49044,-1.73708,0.119954,1,9
-0.379689,-0.442522,-0.113341,16,2
-1.46894,-1.71142,0.197321,1,10
-1.50296,-1.74982,0.283224,1,11
-1.55673,-1.81114,0.378259,1,12
-1.43118,-1.66331,0.50659,1,14
-1.06841,-1.24126,-0.028587,14,7
-1.45086,-1.685,0.595801,1,15
-1.08604,-1.25774,0.0290059,5,8
-0.34649,-0.40113,-0.122373,15,1
-1.49388,-1.72885,0.119745,1,9
-1.48794,-1.72136,0.199064,1,10
-1.49607,-1.72955,0.280787,1,11
-1.54236,-1.7818,0.373253,1,12
-1.43953,-1.66125,0.50749,1,14
-1.07535,-1.24055,-0.0286569,19,7
-1.43395,-1.65365,0.586484,1,15
-1.08255,-1.24489,0.0287965,9,8
-0.347889,-0.399918,-0.122373,15,1
-1.48418,-1.70554,0.118489,1,9
-0.38277,-0.439861,-0.113341,16,2
-1.4887,-1.71014,0.198366,1,10
-1.51514,-1.73929,0.283224,1,11
-1.53299,-1.75854,0.369498,1,12
-1.45813,-1.6709,0.511989,1,14
-1.43464,-1.64282,0.584413,1,15
-1.09348,-1.24863,0.028971,12,8
-0.349282,-0.398701,-0.122373,15,1
-1.50328,-1.71537,0.119535,1,9
-1.48941,-1.69894,0.197669,1,10
-1.50811,-1.71906,0.280787,1,11
-1.56518,-1.78287,0.375756,1,12
-1.44852,-1.64823,0.50659,1,14
-1.43271,-1.62909,0.581308,1,15
-1.11105,-1.2598,0.02932,35,8
-0.350672,-0.39748,-0.122373,15,1
-1.49869,-1.69814,0.118698,1,9
-1.50324,-1.7027,0.198715,1,10
-1.52462,-1.72569,0.282737,1,11
-1.56355,-1.76851,0.373878,1,12
-1.46976,-1.66068,0.511989,1,14
-1.44095,-1.62698,0.582343,1,15
-0.352057,-0.396253,-0.122373,15,1
-1.40112,-1.57645,0.110534,1,9
-1.51447,-1.70339,0.199412,1,10
-1.52007,-1.70849,0.280787,1,11
-1.55395,-1.74534,0.370124,1,12
-1.48592,-1.66718,0.515588,1,14
-1.08991,-1.22243,-0.028587,27,7
-1.47233,-1.65077,0.592696,1,15
-1.11849,-1.25052,0.0292851,100,8
-0.353438,-0.395022,-0.122373,15,1
-1.35706,-1.51672,0.106661,2,9
-1.51509,-1.69216,0.198715,1,10
-1.53663,-1.715,0.282737,1,11
-1.53336,-1.71076,0.363867,1,12
-1.50735,-1.67938,0.520987,1,14
-1.08995,-1.21434,-0.0284823,7,7
-1.45199,-1.61713,0.582343,1,15
-0.387798,-0.430694,-0.155291,12,0
-1.12798,-1.25275,0.0294248,182,8
-0.336487,-0.373576,-0.116075,16,1
-1.34764,-1.49566,0.105509,2,9
-1.51565,-1.68094,0.198018,1,10
-1.54496,-1.71285,0.283224,1,11
-1.54461,-1.71126,0.365118,1,12
-1.57096,-1.73983,0.455652,1,13
-1.51291,-1.67437,0.520987,1,14
-1.10089,-1.21795,-0.0286569,6,7
-1.46021,-1.61492,0.583378,1,15
-0.339923,-0.375014,-0.135621,15,0
-1.12966,-1.24584,0.0293549,185,8
-0.329934,-0.363739,-0.113375,16,1
-1.36601,-1.50597,0.106556,3,9
-1.48908,-1.6405,0.193834,1,10
-1.55894,-1.71626,0.284687,1,11
-1.55294,-1.70905,0.365744,2,12
-1.57174,-1.72853,0.454125,1,13
-1.11299,-1.22316,-0.0288663,12,7
-1.46296,-1.60721,0.582343,1,15
-0.343834,-0.376679,-0.136656,14,0
-1.13918,-1.248,0.0294946,189,8
-1.378,-1.50857,0.107079,4,9
-1.4948,-1.63529,0.193834,1,10
-1.52712,-1.67006,0.277862,1,11
-1.56956,-1.71528,0.368247,1,12
-1.56686,-1.71172,0.451072,1,13
-1.48684,-1.62203,0.58959,1,15
-1.14759,-1.24843,0.0295993,192,8
-1.37514,-1.49493,0.106451,4,9
-1.50021,-1.63033,0.193834,1,10
-1.55176,-1.68517,0.281274,1,11
-1.56483,-1.69817,0.365744,2,12
-1.57548,-1.70913,0.451836,1,13
-1.11337,-1.20655,-0.0286569,23,7
-1.49773,-1.62251,0.59166,1,15
-1.15737,-1.25029,0.0297389,192,8
-0.333662,-0.360322,-0.113375,16,1
-1.37764,-1.48719,0.106242,4,9
-1.49506,-1.61339,0.19244,1,10
-1.56033,-1.68265,0.281762,1,11
-1.57075,-1.6927,0.365744,2,12
-1.57343,-1.69499,0.449546,1,13
-1.11077,-1.19533,-0.0284823,27,7
-1.49023,-1.60312,0.586484,1,15
-1.159,-1.24331,0.0296691,192,8
-0.334917,-0.359155,-0.113375,16,1
-1.38827,-1.48821,0.106661,4,9
-1.49253,-1.59942,0.191394,1,10
-1.56078,-1.67139,0.280787,1,11
-1.59014,-1.70164,0.368872,1,12
-1.57665,-1.68662,0.448783,1,13
-1.49318,-1.59509,0.585449,1,15
-0.330488,-0.35218,-0.12941,15,0
-1.15923,-1.23489,0.0295644,190,8
-1.39892,-1.48918,0.107079,4,9
-1.5172,-1.61453,0.193834,1,10
-1.51221,-1.60809,0.271037,1,11
-1.59336,-1.6932,0.368247,1,12
-1.59329,-1.69254,0.451836,1,13
-1.47224,-1.56175,0.575096,1,15
-1.16216,-1.22938,0.0295295,184,8
-1.39699,-1.47728,0.106556,4,9
-1.49818,-1.58317,0.190697,1,10
-1.4987,-1.58262,0.267625,1,11
-1.59353,-1.68217,0.366995,1,12
-1.6046,-1.69266,0.453362,1,13
-1.6872,-1.77856,0.565977,1,14
-1.4907,-1.57088,0.580272,1,15
-0.399526,-0.419837,-0.155291,12,0
-0.339942,-0.357099,-0.113825,16,1
-1.39801,-1.46805,0.106242,4,9
-1.53943,-1.61543,0.195229,1,10
-1.52312,-1.59776,0.271037,1,11
-1.56667,-1.64229,0.359486,1,12
-1.6102,-1.68733,0.453362,1,13
-1.61503,-1.69121,0.539883,1,14
-1.50419,-1.57404,0.583378,1,15
-0.352806,-0.368289,-0.136656,14,0
-1.39621,-1.45596,0.105719,3,9
-1.51168,-1.57581,0.191045,1,10
-1.55618,-1.62107,0.275912,1,11
-1.55597,-1.61972,0.355732,1,12
-1.58343,-1.64773,0.444203,1,13
-1.61822,-1.68276,0.538983,1,14
-1.51235,-1.57157,0.584413,1,15
-1.17198,-1.21447,0.0294597,5,8
-0.342426,-0.354717,-0.113825,16,1
-1.40545,-1.45538,0.106033,4,9
-1.5396,-1.59319,0.193834,1,10
-1.53975,-1.59279,0.272012,1,11
-1.53964,-1.59156,0.350726,2,12
-1.57854,-1.63063,0.44115,1,13
-1.63794,-1.69081,0.543482,1,14
-1.50169,-1.54963,0.578202,1,15
-1.18061,-1.21447,0.0295644,6,8
-1.41609,-1.4562,0.106451,4,9
-1.53403,-1.57638,0.19244,1,10
-1.53173,-1.57292,0.269575,1,11
-1.54519,-1.58618,0.350726,1,12
-1.58422,-1.62511,0.44115,1,13
-1.63537,-1.677,0.540782,1,14
-1.56376,-1.60245,0.599943,1,15
-1.18043,-1.20626,0.0294597,5,8
-1.41532,-1.44579,0.106033,4,9
-1.54204,-1.57413,0.192788,1,10
-1.57307,-1.60469,0.275912,1,11
-1.5781,-1.60925,0.356983,1,12
-1.5896,-1.61985,0.44115,1,13
-1.63546,-1.666,0.538983,1,14
-1.54199,-1.56969,0.58959,1,15
-1.18302,-1.20091,0.0294248,5,8
-0.373417,-0.378933,-0.122823,15,1
-1.41335,-1.43372,0.105509,4,9
-1.57243,-1.59454,0.195926,1,10
-1.57838,-1.59946,0.275912,1,11
-1.57538,-1.5953,0.355106,1,12
-1.59496,-1.61457,0.44115,1,13
-1.61387,-1.63257,0.529985,1,14
-1.54746,-1.5643,0.58959,1,15
-1.19706,-1.20671,0.0296691,4,8
-0.374738,-0.377627,-0.122823,15,1
-1.41694,-1.42736,0.105405,4,9
-1.60354,-1.61421,0.199064,1,10
-1.55038,-1.56015,0.270062,1,11
-1.58372,-1.59259,0.355732,1,12
-1.60087,-1.60871,0.44115,1,13
-1.60884,-1.6156,0.526385,1,14
-1.20148,-1.20232,0.0296691,2,8
-0.376119,-0.376251,-0.122823,15,1
-1.42922,-1.42922,0.105928,4,9
-1.59508,-1.59452,0.197321,1,10
-1.57574,-1.5741,0.273475,1,11
-1.56718,-1.56445,0.350726,1,12
-1.60092,-1.59757,0.439624,1,13
-1.62275,-1.61823,0.529085,1,14
-1.19858,-1.19107,0.0294946,1,8
-0.377431,-0.374936,-0.122823,15,1
-1.4342,-1.42423,0.105928,3,9
-1.57263,-1.56059,0.193834,1,10
-1.59532,-1.58257,0.275912,1,11
-1.58666,-1.57288,0.353855,1,12
-1.59281,-1.57787,0.435808,1,13
-1.6259,-1.60953,0.528185,1,14
-1.19113,-1.17585,0.0292153,1,8
-0.359253,-0.354519,-0.116525,16,1
-1.42872,-1.40989,0.105195,2,9
-1.57228,-1.5494,0.271037,1,11
-1.60848,-1.58452,0.357609,1,12
-1.61735,-1.59214,0.44115,1,13
-1.64762,-1.62081,0.533584,1,14
-1.20645,-1.18309,0.0294946,2,8
-1.30097,-1.27489,0.0954608,1,9
-1.22706,-1.20163,0.150256,1,10
-1.60578,-1.57195,0.275912,1,11
-1.6253,-1.58995,0.360112,1,12
-1.63946,-1.60324,0.44573,1,13
-1.63347,-1.59627,0.527285,1,14
-1.20484,-1.17329,0.0293549,1,8
-0.381207,-0.371096,-0.122823,15,1
-1.17372,-1.14219,0.085831,1,9
-1.22247,-1.18922,0.149211,2,10
-1.63973,-1.59401,0.280787,1,11
-1.59967,-1.55398,0.353229,1,12
-1.60561,-1.55921,0.435045,1,13
-1.64183,-1.59327,0.528185,1,14
-1.24055,-1.19966,0.0301229,1,8
-1.18345,-1.14364,0.0862497,1,9
-1.21802,-1.17664,0.148165,1,10
-1.66813,-1.61034,0.284687,1,11
-1.58234,-1.52644,0.348223,1,12
-1.6167,-1.55905,0.436571,1,13
-1.64738,-1.58753,0.528185,1,14
-1.65453,-1.5933,0.615472,1,15
-1.22454,-1.17594,0.0296342,1,8
-0.383788,-0.368425,-0.122823,15,1
-1.18291,-1.13556,0.0859357,2,9
-1.22499,-1.17514,0.148513,1,10
-1.63588,-1.56766,0.358861,1,12
-1.61079,-1.54253,0.433518,1,13
-1.65827,-1.58745,0.529985,1,14
-1.6598,-1.58781,0.615472,1,15
-1.15609,-1.10285,0.0278889,1,8
-0.356802,-0.340253,-0.113825,16,1
-1.1939,-1.13852,0.086459,2,9
-1.20869,-1.15183,0.146073,1,10
-1.64393,-1.56495,0.359486,1,12
-1.62443,-1.5453,0.435808,1,13
-1.63528,-1.55508,0.520987,1,14
-1.18296,-1.12102,0.0284474,1,8
-0.386223,-0.365872,-0.122823,15,1
-1.18336,-1.12062,0.0854123,3,9
-1.18646,-1.12316,0.142935,2,10
-1.66948,-1.5782,0.363867,1,12
-1.62098,-1.53182,0.433518,1,13
-1.64637,-1.55472,0.522786,1,14
-1.17231,-1.10318,0.0280984,1,8
-0.387498,-0.364521,-0.122823,15,1
-1.18581,-1.11511,0.0853076,4,9
-1.18166,-1.11082,0.14189,2,10
-1.20376,-1.13081,0.202791,1,11
-1.66922,-1.56695,0.362615,1,12
-1.6435,-1.54227,0.438097,1,13
-1.65747,-1.55429,0.524586,1,14
-1.16738,-1.09089,0.0278889,1,8
-0.388768,-0.363167,-0.122823,15,1
-1.19408,-1.11505,0.0856216,4,9
-1.17971,-1.10125,0.141192,4,10
-1.23093,-1.14826,0.20669,1,11
-1.66601,-1.55304,0.360738,1,12
-1.64887,-1.53652,0.438097,1,13
-1.67144,-1.55647,0.527285,1,14
-1.71548,-1.59636,0.627895,1,15
-1.15359,-1.07049,0.0274701,1,8
-0.390033,-0.361807,-0.122823,15,1
-1.19503,-1.10816,0.0854123,4,9
-1.17643,-1.09015,0.140321,3,10
-1.22037,-1.13047,0.204253,1,11
-1.70621,-1.57942,0.368247,1,12
-1.65161,-1.5278,0.437334,1,13
-1.66855,-1.54239,0.524586,1,14
-1.68699,-1.55889,0.615472,1,15
-1.17516,-1.08251,0.0278889,1,8
-0.391357,-0.360375,-0.122823,15,1
-1.20477,-1.1094,0.085831,4,9
-1.18023,-1.08604,0.140321,2,10
-1.17482,-1.0803,0.195966,1,11
-1.75825,-1.61623,0.378259,1,12
-1.66217,-1.52631,0.520987,1,14
-1.69242,-1.55299,0.615472,1,15
-1.16104,-1.06241,0.0274701,1,8
-0.39255,-0.359076,-0.122823,15,1
-1.19371,-1.09192,0.0847843,4,9
-1.18676,-1.0848,0.140669,2,10
-1.19159,-1.08845,0.19816,3,11
-1.68738,-1.53917,0.527285,1,14
-1.69756,-1.54737,0.615472,1,15
-1.18231,-1.07469,0.0278889,1,8
-0.393738,-0.357772,-0.122823,15,1
-1.19289,-1.08392,0.0844702,5,9
-1.1815,-1.07283,0.139624,2,10
-1.19078,-1.08049,0.197428,3,11
-1.827,-1.65604,0.479312,1,13
-1.70141,-1.54112,0.529985,1,14
-1.69409,-1.53395,0.612366,1,15
-1.19478,-1.07881,0.0280984,1,8
-1.20704,-1.08912,0.0852029,4,9
-1.18524,-1.0687,0.139624,4,10
-1.19436,-1.07654,0.197428,4,11
-1.83248,-1.64997,0.479312,1,13
-1.67754,-1.5094,0.520987,1,14
-1.71667,-1.54353,0.618578,1,15
-1.20151,-1.0773,0.0281682,1,8
-1.20489,-1.07957,0.0847843,3,9
-1.20214,-1.07672,0.141192,4,10
-1.2055,-1.07898,0.198647,4,11
-1.82812,-1.63338,0.565977,1,14
-1.70476,-1.52209,0.612366,1,15
-1.17838,-1.04916,0.0275399,1,8
-0.397401,-0.353699,-0.122823,15,1
-1.21462,-1.08066,0.0852029,2,9
-1.19416,-1.06172,0.139798,4,10
-1.19888,-1.06554,0.196941,6,11
-1.71874,-1.52382,0.615472,1,15
-1.18222,-1.04484,0.0275399,2,8
-0.398695,-0.35224,-0.122823,15,1
-1.2094,-1.06848,0.0845749,4,9
-1.18442,-1.04568,0.138229,2,10
-1.20873,-1.06639,0.197916,6,11
-1.71534,-1.51015,0.612366,1,15
-1.1962,-1.05015,0.0277842,2,8
-0.399861,-0.350916,-0.122823,15,1
-1.21312,-1.06425,0.0845749,3,9
-1.19106,-1.04416,0.138578,2,10
-1.21076,-1.06106,0.197672,6,11
-1.72351,-1.5067,0.613401,1,15
-1.20588,-1.05122,0.0279239,2,8
-1.22888,-1.07051,0.0854123,4,9
-1.19001,-1.03628,0.138055,4,10
-1.21446,-1.05683,0.197672,6,11
-1.7346,-1.50574,0.615472,1,15
-1.19896,-1.03784,0.0276795,1,8
-1.22656,-1.06099,0.0849936,4,9
-1.19663,-1.03473,0.138403,4,10
-1.23016,-1.06297,0.199622,5,11
-1.7735,-1.52868,0.627377,1,15
-1.22381,-1.0519,0.0281682,1,8
-1.23614,-1.06212,0.0854123,5,9
-1.20477,-1.03444,0.138926,4,10
-1.22332,-1.04962,0.197916,7,11
-1.23033,-1.05043,0.028238,1,8
-1.2368,-1.0552,0.0852029,5,9
-1.22808,-1.04703,0.141192,4,10
-1.22226,-1.0417,0.197185,6,11
-2.89497,-2.46555,0.602273,1,12
-1.2645,-1.07199,0.0289361,1,8
-1.23724,-1.04852,0.0849936,5,9
-1.21939,-1.03265,0.139798,3,10
-1.2274,-1.0387,0.197428,6,11
-2.86995,-2.42787,0.59539,8,12
-2.2449,-1.89641,0.678452,1,14
-1.27722,-1.07552,0.0291455,1,8
-1.25006,-1.05191,0.0856216,5,9
-1.21841,-1.02454,0.139275,2,10
-1.24604,-1.0474,0.199866,5,11
-2.88294,-2.42165,0.596328,10,12
-2.56948,-2.15758,0.652185,2,13
-2.34074,-1.96412,0.705446,1,14
-2.12278,-1.77996,0.742293,1,15
-1.25373,-1.04754,0.0856216,4,9
-1.21586,-1.01518,0.138578,2,10
-1.24224,-1.03647,0.198647,6,11
-2.89441,-2.4141,0.596954,10,12
-2.58039,-2.15066,0.652948,2,13
-2.35841,-1.96426,0.708596,1,14
-2.11264,-1.75894,0.736599,2,15
-1.26814,-1.05208,0.0863543,4,9
-1.2194,-1.01093,0.138578,2,10
-1.24415,-1.03108,0.198403,4,11
-2.90891,-2.40902,0.598205,10,12
-2.57541,-2.13208,0.649895,2,13
-2.37542,-1.96512,0.711745,1,14
-2.13366,-1.76386,0.741775,2,15
-1.26083,-1.03898,0.0856216,3,9
-1.23658,-1.01827,0.140146,2,10
-1.24161,-1.02168,0.197428,3,11
-2.91078,-2.39434,0.596954,10,12
-2.66322,-2.18915,0.670121,1,13
-2.35215,-1.93208,0.702747,1,14
-2.12158,-1.74207,0.735564,2,15
-1.51473,-1.24024,0.0341718,1,8
-1.26136,-1.03204,0.0854123,2,9
-1.22933,-1.00512,0.138926,2,10
-1.25728,-1.02761,0.199378,3,11
-2.913,-2.37917,0.595703,10,12
-2.64005,-2.15547,0.662489,1,13
-2.36307,-1.92796,0.704097,1,14
-2.14562,-1.7493,0.741775,2,15
-1.28975,-1.04778,0.087087,1,9
-1.22647,-0.996018,0.138229,2,10
-1.26086,-1.02321,0.199378,1,11
-2.91515,-2.36401,0.594451,10,12
-2.3713,-1.92093,0.704547,1,14
-2.13369,-1.72721,0.735564,2,15
-1.34937,-1.08841,0.0908552,1,9
-1.25321,-1.01049,0.140844,1,10
-1.29843,-1.04621,0.204741,1,11
-2.928,-2.35754,0.59539,10,12
-2.68562,-2.16161,0.670121,1,13
-2.39166,-1.92363,0.708596,1,14
-2.13519,-1.71612,0.734011,2,15
-1.34362,-1.07644,0.0902272,1,9
-1.28161,-1.02603,0.143633,1,10
-1.28968,-1.03175,0.202791,1,11
-2.94197,-2.35275,0.596641,10,12
-2.61493,-2.08971,0.650659,2,13
-2.40141,-1.9177,0.709496,1,14
-2.13634,-1.70542,0.732458,2,15
-1.34893,-1.07299,0.0903319,2,9
-1.28207,-1.01907,0.143284,1,10
-2.94088,-2.3351,0.594764,10,12
-2.62338,-2.08225,0.65104,2,13
-2.38638,-1.89278,0.703197,1,14
-2.15742,-1.70995,0.737634,2,15
-1.36364,-1.07694,0.0910646,2,9
-1.31046,-1.03457,0.146073,1,10
-2.93816,-2.31626,0.592574,10,12
-2.61984,-2.06457,0.648369,2,13
-2.38531,-1.87841,0.700947,1,14
-2.17249,-1.70958,0.74074,2,15
-0.418597,-0.32834,-0.122823,15,1
-1.4114,-1.10668,0.0939954,1,9
-2.94156,-2.30233,0.591635,10,12
-2.64095,-2.0663,0.651804,2,13
-2.39953,-1.87607,0.703197,1,14
-2.15408,-1.68295,0.732458,2,15
-0.41974,-0.326877,-0.122823,15,1
-2.95618,-2.30216,0.196365,0,9
-2.95853,-2.29984,0.593512,10,12
-2.62489,-2.03901,0.646079,2,13
-2.41376,-1.87366,0.705446,1,14
-2.15202,-1.66988,0.72987,2,15
-0.420822,-0.325483,-0.122823,15,1
-2.95472,-2.28449,0.195736,0,9
-3.01138,-2.32662,0.332935,1,10
-3.03218,-2.34184,0.470416,1,11
-2.96967,-2.29191,0.594138,11,12
-2.63008,-2.02909,0.645698,2,13
-2.41533,-1.86207,0.704097,1,14
-2.16243,-1.66589,0.731423,2,15
-0.421956,-0.324012,-0.122823,15,1
-2.95317,-2.26687,0.195108,0,9
-3.01908,-2.31662,0.332935,1,10
-3.04033,-2.33124,0.470416,1,11
-2.96824,-2.27432,0.592261,11,12
-2.65585,-2.03422,0.650277,2,13
-2.41718,-1.85008,0.702747,1,14
-2.19278,-1.67711,0.739705,2,15
-0.392089,-0.298908,-0.113825,16,1
-2.96424,-2.25897,0.195318,0,9
-3.02755,-2.30554,0.332935,1,10
-3.04845,-2.32062,0.470416,1,11
-2.97931,-2.26634,0.592887,11,12
-2.66329,-2.02448,0.650277,2,13
-2.42239,-1.84003,0.702297,1,14
-2.18324,-1.65777,0.734528,2,15
-2.97211,-2.24861,0.195318,0,9
-3.03558,-2.29496,0.332935,1,10
-3.05694,-2.30943,0.470416,1,11
-2.9809,-2.25117,0.591635,11,12
-2.66877,-2.01399,0.649895,2,13
-2.42724,-1.83039,0.701847,1,14
-2.18901,-1.65014,0.734528,2,15
-0.401956,-0.302017,-0.116075,16,1
-2.97994,-2.23822,0.195318,0,9
-3.04357,-2.28435,0.332935,1,10
-3.06458,-2.29928,0.470416,1,11
-2.99032,-2.24193,0.591948,11,12
-2.67701,-2.0063,0.650277,2,13
-2.4333,-1.82233,0.701847,1,14
-2.1762,-1.6286,0.728317,2,15
-0.403008,-0.300612,-0.116075,16,1
-3.00375,-2.23974,0.196365,0,9
-3.05113,-2.27424,0.332935,1,10
-3.07258,-2.28857,0.470416,1,11
-2.99654,-2.2303,0.591635,11,12
-2.66667,-1.98405,0.646079,2,13
-2.44903,-1.8208,0.704547,1,14
-2.19427,-1.63021,0.732458,2,15
-2.97302,-2.20072,0.193852,0,9
-3.05905,-2.26358,0.332935,1,10
-3.08055,-2.27783,0.470416,1,11
-3.00113,-2.21748,0.591009,11,12
-2.67358,-1.97473,0.646079,2,13
-2.45223,-1.80992,0.703647,1,14
-2.19529,-1.6191,0.730905,2,15
-3.00283,-2.20741,0.195318,0,9
-3.06693,-2.25289,0.332935,1,10
-3.0021,-2.20284,0.589758,11,12
-2.69312,-1.97468,0.649132,2,13
-2.44753,-1.79329,0.700498,1,14
-2.21155,-1.6198,0.734528,2,15
-0.40923,-0.298744,-0.116975,16,1
-3.00084,-2.18986,0.19469,0,9
-3.07478,-2.24217,0.332935,1,10
-3.09599,-2.2568,0.470416,1,11
-3.01775,-2.19816,0.591322,11,12
-2.70917,-1.97267,0.651422,2,13
-2.45346,-1.78516,0.700498,1,14
-2.19688,-1.5973,0.727799,2,15
-0.397646,-0.288166,-0.113375,16,1
-3.02787,-2.19343,0.195946,0,9
-3.08219,-2.23196,0.332935,1,10
-3.10385,-2.24598,0.470416,1,11
-3.0158,-2.18067,0.589445,10,12
-2.70331,-1.954,0.648369,2,13
-2.45652,-1.77431,0.699598,1,14
-2.19931,-1.58736,0.726764,2,15
-0.39865,-0.286776,-0.113375,16,1
-3.01605,-2.16885,0.19469,0,9
-3.08997,-2.22119,0.332935,1,10
-3.11167,-2.23514,0.470416,1,11
-3.02821,-2.17359,0.590384,10,12
-2.71331,-1.94684,0.649132,2,13
-2.48804,-1.78389,0.706796,1,14
-2.22211,-1.59205,0.732458,2,15
-3.0171,-2.15367,0.194271,0,9
-3.0977,-2.21039,0.332935,1,10
-3.11945,-2.22426,0.470416,1,11
-3.039,-2.16529,0.591009,10,12
-2.71849,-1.93622,0.648751,2,13
-2.47679,-1.76276,0.701847,1,14
-2.22293,-1.58092,0.730905,2,15
-0.400642,-0.283986,-0.113375,16,1
-3.01157,-2.13389,0.193434,0,9
-3.02411,-2.14198,0.324219,1,10
-3.1272,-2.21336,0.470416,1,11
-3.03202,-2.14441,0.588194,10,12
-2.72202,-1.92445,0.647987,2,13
-2.48611,-1.75636,0.702747,1,14
-2.23317,-1.5765,0.732458,2,15
-3.03169,-2.13308,0.194271,1,9
-3.05112,-2.14516,0.326311,1,10
-3.1349,-2.20243,0.470416,1,11
-3.04073,-2.13548,0.588507,10,12
-2.73194,-1.91719,0.648751,2,13
-2.48903,-1.74543,0.701847,1,14
-2.2289,-1.56243,0.729352,2,15
-0.402566,-0.281252,-0.113375,16,1
-3.04403,-2.12592,0.194585,1,9
-3.12068,-2.17783,0.332935,1,10
-3.14219,-2.19202,0.470416,1,11
-3.04817,-2.12485,0.588507,10,12
-2.72218,-1.8969,0.644934,2,13
-2.49001,-1.73383,0.700498,1,14
-2.22799,-1.55023,0.727282,2,15
-3.04942,-2.11467,0.19448,0,9
-3.0853,-2.13796,0.328403,1,10
-3.14982,-2.18104,0.470416,1,11
-3.05844,-2.11698,0.589132,11,12
-2.73201,-1.88962,0.645698,2,13
-2.49284,-1.72291,0.699598,1,14
-2.22835,-1.53954,0.725729,1,15
-3.03046,-2.0859,0.192806,1,9
-3.13543,-2.15653,0.332935,1,10
-3.06582,-2.10629,0.589132,11,12
-2.74312,-1.88388,0.646843,2,13
-2.48408,-1.70471,0.695549,1,14
-2.23849,-1.53503,0.727282,1,15
-3.03773,-2.07531,0.192806,1,9
-3.14256,-2.14612,0.332935,1,10
-3.16459,-2.15955,0.470416,1,11
-3.06172,-2.08778,0.586942,10,12
-2.74643,-1.87208,0.646079,2,13
-2.50451,-1.7059,0.699598,1,14
-2.26141,-1.53916,0.732976,2,15
-3.04165,-2.06245,0.192596,1,9
-3.15004,-2.13514,0.332935,1,10
-3.17211,-2.14849,0.470416,1,11
-3.07227,-2.0793,0.587568,10,12
-2.76433,-1.87019,0.648751,2,13
-2.51206,-1.69824,0.700048,1,14
-2.25076,-1.52044,0.727799,2,15
-0.407365,-0.274254,-0.113375,16,1
-3.07368,-2.06854,0.194166,1,9
-3.10788,-2.09077,0.327706,1,10
-3.17959,-2.1374,0.470416,1,11
-3.08278,-2.07076,0.588194,10,12
-2.76921,-1.85943,0.648369,2,13
-2.52121,-1.69163,0.700947,1,14
-2.25124,-1.50935,0.726246,1,15
-3.08254,-2.05891,0.194271,1,9
-3.10558,-2.07273,0.32666,1,10
-3.18703,-2.12629,0.470416,1,11
-3.09164,-2.06109,0.588507,10,12
-2.75313,-1.83403,0.643026,2,13
-2.51928,-1.67698,0.698698,1,14
-2.27097,-1.51111,0.730905,2,15
-3.06807,-2.03379,0.19291,1,9
-3.17259,-2.10148,0.332935,1,10
-3.19481,-2.1146,0.470416,1,11
-3.09881,-2.05028,0.588507,11,12
-2.78081,-1.83848,0.647987,2,13
-2.51995,-1.66539,0.697348,1,14
-2.25043,-1.48614,0.722623,2,15
-0.410215,-0.269974,-0.113375,16,1
-3.06813,-2.01922,0.192492,1,9
-3.11628,-2.04935,0.326311,1,10
-3.14208,-2.06474,0.461641,1,11
-3.09734,-2.03457,0.586942,11,12
-2.79182,-1.83248,0.649132,2,13
-2.53035,-1.66024,0.698698,1,14
-2.27312,-1.49032,0.728317,1,15
-3.0785,-2.01068,0.192701,1,9
-3.18646,-2.0804,0.332935,1,10
-3.20876,-2.09336,0.470416,1,11
-3.09946,-2.02051,0.586004,11,12
-2.7732,-1.80714,0.643408,2,13
-2.53776,-1.65246,0.699148,1,14
-2.27993,-1.48343,0.728835,2,15
-3.09053,-2.00318,0.193015,1,9
-3.13016,-2.02809,0.326311,1,10
-3.21605,-2.08215,0.470416,1,11
-3.11313,-2.01397,0.587255,11,12
-2.79103,-1.80491,0.646079,2,13
-2.54352,-1.64359,0.699148,1,14
-2.25913,-1.4587,0.720552,2,15
-0.412973,-0.265735,-0.113375,16,1
-3.09379,-1.99076,0.192806,1,9
-3.2009,-2.0581,0.332935,1,10
-3.2233,-2.07091,0.470416,1,11
-3.12478,-2.00684,0.588194,11,12
-2.7841,-1.78667,0.643026,2,13
-2.54104,-1.62944,0.696898,1,14
-2.27696,-1.45954,0.724693,2,15
-3.10746,-1.98425,0.193224,1,9
-3.1476,-2.00833,0.32666,1,10
-3.23015,-2.06021,0.470416,1,11
-3.1301,-1.99486,0.587881,11,12
-2.79663,-1.78165,0.644553,2,13
-2.54478,-1.61996,0.696449,1,14
-2.29345,-1.45884,0.728317,2,15
-0.447691,-0.283785,-0.122373,15,1
-3.09749,-1.9627,0.192178,0,9
-3.21484,-2.03627,0.332935,1,10
-3.1337,-1.98181,0.587255,11,12
-2.80449,-1.77293,0.644934,2,13
-2.55042,-1.61106,0.696449,1,14
-2.2969,-1.4498,0.727799,2,15
-3.12293,-1.96357,0.193329,1,9
-3.1612,-1.98686,0.32666,1,10
-3.24445,-2.03761,0.470416,1,11
-3.13056,-1.96456,0.585378,10,12
-2.80734,-1.76104,0.644171,2,13
-2.57254,-1.6125,0.700947,1,14
-2.29212,-1.43562,0.724693,2,15
-3.13145,-1.95371,0.193434,1,9
-3.18502,-1.98636,0.328403,1,10
-3.25154,-2.02627,0.470416,1,11
-3.14075,-1.95571,0.586004,10,12
-2.81847,-1.75434,0.645316,2,13
-2.56657,-1.59631,0.697798,1,14
-2.29548,-1.42659,0.724176,2,15
-3.13656,-1.94172,0.193329,1,9
-3.17499,-1.96475,0.32666,1,10
-3.2586,-2.01491,0.470416,1,11
-3.1526,-1.94785,0.586942,11,12
-0.4712,-0.291133,-0.0484586,11,5
-2.80119,-1.73005,0.639973,2,13
-2.58374,-1.5945,0.700947,1,14
-2.30538,-1.42161,0.725729,2,15
-3.14161,-1.92971,0.193224,0,9
-3.17844,-1.95157,0.326311,1,10
-3.26561,-2.00352,0.470416,1,11
-3.1577,-1.9358,0.586629,11,12
-2.82061,-1.72847,0.643026,2,13
-0.480281,-0.294202,-0.0295175,16,6
-2.5627,-1.56919,0.693749,1,14
-2.30538,-1.41053,0.724176,2,15
-3.1381,-1.9125,0.192596,1,9
-3.24989,-1.97985,0.332935,1,10
-3.15769,-1.92066,0.585378,11,12
-2.84172,-1.72779,0.646461,2,13
-2.57648,-1.5653,0.695999,1,14
-2.32185,-1.40949,0.727799,2,15
-3.13937,-1.89977,0.0640503,1,8
-0.420188,-0.254174,-0.113375,16,1
-3.15639,-1.90932,0.193329,1,9
-3.21244,-1.9417,0.328403,1,10
-3.27952,-1.98067,0.470416,1,11
-3.16911,-1.91324,0.586316,11,12
-2.84269,-1.71482,0.645316,2,13
-2.58026,-1.55529,0.695549,1,14
-2.31989,-1.39779,0.725729,2,15
-3.13537,-1.88318,0.0638409,1,8
-0.454443,-0.272841,-0.122373,15,1
-3.16988,-1.9024,0.193748,1,9
-3.2192,-1.93047,0.328403,1,10
-3.28607,-1.96979,0.470416,1,11
-3.17746,-1.90318,0.586629,11,12
-2.83994,-1.70034,0.643408,2,13
-0.483285,-0.28924,-0.0295175,16,6
-2.60046,-1.55573,0.699598,1,14
-2.31481,-1.38374,0.722623,2,15
-3.17628,-1.89269,0.064539,1,8
-0.455393,-0.271253,-0.122373,15,1
-3.16759,-1.88677,0.193224,0,9
-3.22559,-1.91979,0.328403,1,10
-3.29292,-1.95831,0.470416,1,11
-3.18715,-1.89465,0.587255,11,12
-2.83067,-1.68139,0.639973,2,13
-2.58911,-1.53669,0.695099,1,14
-2.31939,-1.37606,0.722623,2,15
-3.14811,-1.86179,0.0638409,1,8
-0.45629,-0.269741,-0.122373,15,1
-3.15696,-1.86554,0.192178,1,9
-3.21168,-1.89636,0.326311,1,10
-3.2994,-1.94738,0.470416,1,11
-3.18864,-1.8805,0.586316,10,12
-2.85652,-1.68396,0.644553,2,13
-2.60763,-1.53601,0.698698,1,14
-2.32418,-1.36795,0.722623,2,15
-3.15804,-1.85281,0.0639107,1,8
-0.457229,-0.268147,-0.122373,15,1
-3.15829,-1.85148,0.191864,1,9
-3.2317,-1.89376,0.327706,1,10
-3.24451,-1.89974,0.461641,1,11
-3.19178,-1.86737,0.585691,11,12
-2.86577,-1.67596,0.645316,2,13
-2.57259,-1.5033,0.6879,1,14
-2.34729,-1.37055,0.728317,1,15
-3.16104,-1.83977,0.0638409,1,8
-3.19063,-1.8555,0.193434,1,9
-3.22451,-1.87445,0.326311,1,10
-3.31291,-1.92429,0.470416,1,11
-3.19998,-1.85721,0.586004,10,12
-2.86821,-1.66398,0.644553,2,13
-0.487227,-0.282549,-0.0295175,16,6
-2.60143,-1.508,0.694199,1,14
-2.332,-1.35072,0.722105,2,15
-3.17783,-1.83472,0.0640503,1,8
-3.17774,-1.83393,0.192282,1,9
-3.23104,-1.86319,0.326311,1,10
-3.31961,-1.91272,0.470416,1,11
-3.20955,-1.84856,0.586629,11,12
-2.86719,-1.65004,0.643026,2,13
-2.61993,-1.50714,0.697798,1,14
-2.33646,-1.34298,0.722105,2,15
-3.17349,-1.81821,0.0638409,1,8
-3.21153,-1.83926,0.193957,1,9
-3.24066,-1.85444,0.32666,1,10
-3.22424,-1.8428,0.588194,11,12
-2.86242,-1.63468,0.640737,2,13
-2.62999,-1.50134,0.699148,1,14
-2.34929,-1.34001,0.724693,2,15
-3.17602,-1.8057,0.0637711,1,8
-0.426951,-0.242641,-0.113375,16,1
-3.2162,-1.82705,0.193852,1,9
-3.27451,-1.85942,0.329449,1,10
-3.33222,-1.89066,0.470416,1,11
-3.22721,-1.82959,0.587568,10,12
-2.8832,-1.63389,0.644171,2,13
-2.60299,-1.4739,0.6906,1,14
-2.35396,-1.33181,0.724693,2,15
-3.22062,-1.81621,0.064539,1,8
-3.20167,-1.80405,0.192596,1,9
-3.25005,-1.82982,0.326311,1,10
-3.25231,-1.83034,0.458229,1,11
-3.22497,-1.81347,0.586004,10,12
-2.8789,-1.61754,0.641881,2,13
-2.62027,-1.47103,0.693749,1,14
-2.3468,-1.31696,0.72107,1,15
-3.22726,-1.80439,0.064539,1,8
-3.23933,-1.8104,0.19448,1,9
-3.23554,-1.8068,0.324219,1,10
-3.28326,-1.83195,0.461641,1,11
-3.22093,-1.79643,0.584126,10,12
-2.88452,-1.60748,0.641881,2,13
-0.492036,-0.274089,-0.0295175,16,6
-2.62003,-1.45949,0.692399,1,14
-2.36657,-1.31722,0.725729,2,15
-3.19476,-1.77234,0.0637711,1,8
-3.23484,-1.79384,0.193852,1,9
-3.32866,-1.84435,0.332935,1,10
-3.35184,-1.85566,0.470416,1,11
-3.23897,-1.79244,0.586316,10,12
-0.484672,-0.268106,-0.0484586,11,5
-2.90187,-1.60456,0.644553,2,13
-0.492943,-0.272456,-0.0295175,16,6
-2.62997,-1.45362,0.693749,1,14
-2.36078,-1.30376,0.722623,2,15
-3.1901,-1.75595,0.0635617,1,8
-3.24633,-1.78542,0.194166,1,9
-3.24746,-1.7853,0.324219,1,10
-3.35798,-1.84454,0.470416,1,11
-3.25213,-1.78492,0.587568,10,12
-0.485559,-0.266497,-0.0484586,11,5
-2.87447,-1.57699,0.637302,2,13
-2.64187,-1.44818,0.695549,1,14
-2.37718,-1.30201,0.726246,1,15
-3.20675,-1.75055,0.0637711,1,8
-3.22624,-1.75974,0.192596,1,9
-3.30615,-1.80257,0.329449,1,10
-3.36439,-1.8328,0.470416,1,11
-3.2462,-1.76695,0.585378,9,12
-2.90927,-1.58289,0.64379,2,13
-0.494786,-0.269094,-0.0295175,16,6
-2.64006,-1.43522,0.693749,1,14
-3.31025,-1.79882,-0.0657607,2,7
-2.36473,-1.28448,0.72107,2,15
-3.21284,-1.73935,0.0637711,1,8
-3.2271,-1.74561,0.192282,1,9
-3.25984,-1.76259,0.324219,1,10
-3.37077,-1.82105,0.470416,1,11
-3.24887,-1.75373,0.584752,10,12
-0.487407,-0.263101,-0.0484586,11,5
-2.90268,-1.5662,0.641118,2,13
-0.495722,-0.267365,-0.0295175,16,6
-2.64334,-1.42508,0.693299,1,14
-3.31651,-1.78725,-0.0657607,2,7
-2.38281,-1.28355,0.725211,1,15
-3.25765,-1.74893,0.064539,1,8
-3.23493,-1.73528,0.192387,1,9
-3.26597,-1.7512,0.324219,1,10
-3.37711,-1.80927,0.470416,1,11
-3.25149,-1.74051,0.584126,10,12
-2.91852,-1.56162,0.643408,2,13
-0.496652,-0.265633,-0.0295175,16,6
-2.66204,-1.42319,0.696898,1,14
-3.32273,-1.77566,-0.0657607,2,7
-2.36512,-1.26339,0.718482,1,15
-3.23902,-1.72439,0.0640503,1,8
-3.23009,-1.71891,0.191759,1,9
-3.3178,-1.76411,0.328751,1,10
-3.3834,-1.79747,0.470416,1,11
-3.26771,-1.73528,0.586004,10,12
-2.92222,-1.5505,0.643026,2,13
-2.66872,-1.4148,0.697348,1,14
-3.3286,-1.76463,-0.0657607,2,7
-2.38978,-1.26639,0.724693,1,15
-3.23765,-1.70991,0.0639107,1,8
-3.25196,-1.71602,0.192701,1,9
-3.29927,-1.73951,0.326311,1,10
-3.272,-1.72294,0.585691,9,12
-2.91866,-1.53623,0.641118,2,13
-2.65787,-1.39778,0.693299,1,14
-3.33474,-1.75301,-0.0657607,2,7
-2.38564,-1.25355,0.722105,2,15
-3.26131,-1.70787,0.0642598,1,8
-3.25616,-1.70373,0.192596,1,9
-3.30149,-1.72671,0.325962,1,10
-3.285,-1.71517,0.586942,9,12
-0.445069,-0.23238,-0.0439265,12,5
-2.92748,-1.52785,0.641881,2,13
-2.64718,-1.38039,0.68925,1,14
-3.277,-1.70808,-0.0645041,2,7
-2.38486,-1.24254,0.720552,1,15
-3.26725,-1.69648,0.0642598,1,8
-3.25146,-1.68683,0.191968,1,9
-3.37824,-1.75186,0.332935,1,10
-3.40173,-1.76254,0.470416,1,11
-3.27693,-1.69642,0.584439,9,12
-2.9328,-1.51762,0.641881,2,13
-2.65718,-1.37382,0.6906,1,14
-3.34689,-1.72968,-0.0657607,2,7
-2.38747,-1.23332,0.720035,2,15
-3.28738,-1.69239,0.064539,1,8
-3.28545,-1.69067,0.193643,1,9
-3.31346,-1.70362,0.325962,1,10
-3.40786,-1.75065,0.470416,1,11
-3.28781,-1.68825,0.585378,9,12
-2.94856,-1.51275,0.644171,2,13
-0.501168,-0.257013,-0.0295175,16,6
-2.67236,-1.36987,0.693299,1,14
-3.35261,-1.71857,-0.0657607,2,7
-2.38639,-1.22275,0.718482,2,15
-3.27873,-1.6742,0.0642598,1,8
-0.439138,-0.224138,-0.113825,16,1
-3.26998,-1.66829,0.192387,1,9
-3.31939,-1.69204,0.325962,1,10
-3.41365,-1.73934,0.470416,1,11
-3.2972,-1.67856,0.586004,8,12
-2.92731,-1.48961,0.638447,2,13
-2.65083,-1.34775,0.686551,1,14
-3.35859,-1.70686,-0.0657607,2,7
-2.39581,-1.21704,0.720035,2,15
-3.24887,-1.64468,0.0635617,1,8
-3.29331,-1.66646,0.193434,1,9
-3.3072,-1.67204,0.324219,1,10
-3.3151,-1.67385,0.588194,9,12
-0.44823,-0.226221,-0.0439265,12,5
-2.94476,-1.48557,0.641118,2,13
-2.67118,-1.34639,0.6906,1,14
-3.36423,-1.69571,-0.0657607,2,7
-2.39638,-1.20735,0.718999,2,15
-3.28647,-1.65005,0.06419,1,8
-0.451103,-0.226388,-0.116525,16,1
-3.28483,-1.64779,0.192596,1,9
-3.35933,-1.68369,0.328751,1,10
-3.42541,-1.71607,0.470416,1,11
-3.30855,-1.65608,0.586004,9,12
-0.449017,-0.224655,-0.0439265,12,5
-2.9409,-1.47141,0.63921,2,13
-2.66343,-1.33142,0.68745,1,14
-3.37013,-1.68396,-0.0657607,2,7
-2.40576,-1.20157,0.720552,2,15
-3.28505,-1.635,0.0640503,1,8
-3.29414,-1.63809,0.192806,1,9
-3.35419,-1.66722,0.327706,1,10
-3.43138,-1.7041,0.470416,1,11
-3.3037,-1.63925,0.584126,8,12
-2.96008,-1.46811,0.642263,2,13
-2.67854,-1.32731,0.69015,1,14
-3.34015,-1.65443,-0.0650626,2,7
-2.40994,-1.19316,0.720552,1,15
-3.27639,-1.61645,0.0637711,1,8
-3.31237,-1.63276,0.193538,1,9
-3.32453,-1.63731,0.324219,1,10
-3.30763,-1.62684,0.583813,8,12
-2.96016,-1.45465,0.641118,2,13
-2.67464,-1.31319,0.6879,1,14
-3.3818,-1.66039,-0.0657607,2,7
-2.39328,-1.17453,0.714341,2,15
-3.29667,-1.61146,0.0640503,1,8
-3.31654,-1.61974,0.193434,1,9
-3.33022,-1.6257,0.324219,1,10
-3.3331,-1.62422,0.587255,8,12
-2.95286,-1.43829,0.638447,2,13
-2.73002,-1.32857,0.700947,1,14
-3.32313,-1.61649,-0.0645041,2,7
-2.40452,-1.16913,0.716411,1,15
-3.32747,-1.61214,0.064539,1,8
-3.32218,-1.60815,0.193434,1,9
-3.33616,-1.61348,0.324219,1,10
-3.33697,-1.61172,0.586942,8,12
-0.462914,-0.223482,-0.0449724,12,5
-2.96342,-1.43002,0.639592,2,13
-3.3936,-1.63615,-0.0657607,2,7
-2.40859,-1.16073,0.716411,1,15
-3.29286,-1.58263,0.0637711,1,8
-3.33053,-1.60002,0.193643,1,9
-3.3553,-1.61047,0.325614,1,10
-3.33818,-1.6001,0.586316,8,12
-2.96411,-1.41953,0.638829,2,13
-0.508021,-0.243185,-0.0295175,16,6
-3.39844,-1.62607,-0.0657607,2,7
-2.44339,-1.16858,0.725729,1,15
-3.33781,-1.59062,0.064539,1,8
-0.445114,-0.212022,-0.113825,16,1
-3.32167,-1.58151,0.192806,1,9
-3.39329,-1.61416,0.328751,1,10
-3.46002,-1.64516,0.470416,1,11
-3.33482,-1.5842,0.584752,8,12
-2.9688,-1.40969,0.638829,2,13
-3.37519,-1.60049,-0.0652022,2,7
-3.35781,-1.58579,0.0648182,1,8
-0.456425,-0.215459,-0.116525,16,1
-3.3344,-1.57332,0.193224,1,9
-3.377,-1.5927,0.32666,1,10
-3.46574,-1.63307,0.470416,1,11
-3.3439,-1.57423,0.585378,7,12
-2.99857,-1.41102,0.644171,1,13
-3.32347,-1.55541,0.0640503,1,8
-0.446583,-0.20891,-0.113825,16,1
-3.36158,-1.57182,0.19448,1,9
-3.35727,-1.56909,0.324219,1,10
-3.3458,-1.56088,0.584752,7,12
-3.41528,-1.5904,-0.0657607,2,7
-2.51854,-1.17228,0.744364,1,15
-3.33977,-1.54885,0.0642598,1,8
-0.461454,-0.213906,-0.117424,16,1
-3.36315,-1.55898,0.194271,1,9
-3.39888,-1.57411,0.327706,1,10
-3.3653,-1.55641,0.587255,7,12
-3.42054,-1.57906,-0.0657607,2,7
-2.46278,-1.1364,0.726764,1,15
-3.35942,-1.54445,0.064539,1,8
-0.483409,-0.222139,-0.122823,15,1
-3.33953,-1.53389,0.192596,1,9
-3.40436,-1.56223,0.327706,1,10
-3.36353,-1.54136,0.586004,6,12
-0.456475,-0.209087,-0.0439265,12,5
-2.74307,-1.25529,0.696449,1,14
-2.45267,-1.12137,0.722623,1,15
-3.36479,-1.53272,0.064539,1,8
-0.459352,-0.209145,-0.116525,16,1
-3.37577,-1.53629,0.194376,1,9
-3.37325,-1.53443,0.324219,1,10
-3.36169,-1.52635,0.584752,6,12
-0.468051,-0.212514,-0.0449724,12,5
-0.512922,-0.232672,-0.0295175,16,6
-2.71193,-1.22962,0.68745,1,14
-2.95063,-1.33722,-0.0565458,1,7
-2.44953,-1.10961,0.720552,2,15
-3.39928,-1.53412,0.0650975,1,8
-0.484949,-0.218759,-0.122823,15,1
-3.37747,-1.52286,0.194166,1,9
-3.41491,-1.53902,0.327706,1,10
-3.3706,-1.51622,0.585378,5,12
-0.457887,-0.205975,-0.0439265,12,5
-2.7251,-1.22414,0.6897,3,14
-2.88961,-1.29743,-0.0552892,1,7
-2.43929,-1.09473,0.716411,2,15
-3.34985,-1.49776,0.0640503,1,8
-0.467918,-0.209114,-0.118324,16,1
-3.37729,-1.50862,0.193852,1,9
-3.40207,-1.51897,0.325962,1,10
-3.37227,-1.50284,0.584752,5,12
-2.73114,-1.21541,0.69015,4,14
-2.85027,-1.26783,-0.0544515,3,7
-2.45016,-1.08934,0.718482,2,15
-3.40628,-1.50732,0.195213,1,9
-3.40735,-1.50709,0.325962,1,10
-3.50434,-1.54852,0.470416,1,11
-3.38833,-1.49585,0.586629,5,12
-2.74606,-1.21058,0.692849,4,14
-2.88396,-1.27077,-0.05501,1,7
-2.44688,-1.07767,0.716411,1,15
-0.465797,-0.204277,-0.117424,16,1
-3.39663,-1.4896,0.194376,1,9
-3.44909,-1.51117,0.329449,1,10
-3.37518,-1.47668,0.583501,5,12
-0.507482,-0.221924,-0.0484586,11,5
-2.73042,-1.19289,0.6879,4,14
-2.88816,-1.2612,-0.05501,1,7
-2.45752,-1.07264,0.718482,2,15
-2.93231,-1.27501,0.0558128,1,8
-0.487919,-0.212052,-0.122823,15,1
-3.39789,-1.47674,0.194166,1,9
-3.42119,-1.48544,0.326311,1,10
-3.38006,-1.46548,0.583501,5,12
-0.460684,-0.199642,-0.0439265,12,5
-2.73793,-1.18538,0.6888,4,14
-2.84094,-1.22938,-0.0540326,1,7
-2.46106,-1.06449,0.718482,1,15
-2.93652,-1.26527,0.0558128,1,8
-3.40486,-1.46566,0.194271,1,9
-3.44073,-1.48039,0.327706,1,10
-3.37789,-1.45056,0.582249,5,12
-2.74922,-1.17888,0.6906,5,14
-2.84153,-1.21788,-0.0539628,3,7
-2.46476,-1.05589,0.718482,2,15
-2.94092,-1.25502,0.0558128,1,8
-0.489351,-0.208726,-0.122823,15,1
-3.40811,-1.45298,0.194166,1,9
-3.42389,-1.459,0.325614,1,10
-3.38839,-1.44108,0.583188,4,12
-2.76049,-1.17233,0.692399,4,14
-2.84945,-1.20952,-0.0540326,3,7
-2.46132,-1.04426,0.716411,1,15
-3.0116,-1.27277,0.0570694,1,8
-0.490076,-0.207016,-0.122823,15,1
-3.43315,-1.45022,0.195318,1,9
-3.43263,-1.44859,0.325962,1,10
-3.53031,-1.48836,0.470416,1,11
-3.39679,-1.43137,0.583813,4,12
-2.75738,-1.15966,0.6906,5,14
-2.88662,-1.21402,-0.0546609,3,7
-2.46477,-1.03609,0.716411,2,15
-0.49076,-0.20539,-0.122823,15,1
-3.41977,-1.43052,0.194271,0,9
-3.45605,-1.44428,0.327706,1,10
-3.53523,-1.47664,0.470416,1,11
-3.40906,-1.42255,0.585065,4,12
-0.511203,-0.213212,-0.0484586,11,5
-2.75761,-1.14901,0.6897,5,14
-2.87977,-1.19932,-0.0544515,3,7
-2.4755,-1.03045,0.718482,1,15
-3.41549,-1.41614,0.064539,1,8
-0.491474,-0.203676,-0.122823,15,1
-3.44663,-1.42835,0.195527,1,9
-3.49027,-1.445,0.330495,1,10
-3.3882,-1.40067,0.580685,4,12
-2.7526,-1.13566,0.68745,4,14
-2.89482,-1.19434,-0.0546609,1,7
-2.46819,-1.01782,0.715376,1,15
-3.32768,-1.36682,0.0627938,1,8
-0.456092,-0.187243,-0.113825,16,1
-3.4553,-1.41782,0.195736,1,9
-3.48423,-1.42828,0.329449,1,10
-3.37844,-1.38285,0.578182,3,12
-0.521327,-0.213174,-0.0295175,16,6
-2.81047,-1.14865,0.700947,1,14
-2.89897,-1.18423,-0.0546609,1,7
-0.492849,-0.200326,-0.122823,15,1
-3.45467,-1.4035,0.195422,1,9
-3.52587,-1.43171,0.332935,1,10
-3.39789,-1.37698,0.580685,2,12
-2.92904,-1.1846,-0.0551496,1,7
-0.493545,-0.198604,-0.122823,15,1
-3.46882,-1.39516,0.195946,1,9
-3.53085,-1.41939,0.332935,1,10
-3.55525,-1.42776,0.470416,1,11
-3.38251,-1.35702,0.577243,2,12
-2.97029,-1.18923,-0.0558477,1,7
-3.4607,-1.37928,0.0650277,1,8
-0.494236,-0.19688,-0.122823,15,1
-3.45487,-1.37626,0.194899,1,9
-3.50986,-1.39674,0.330495,1,10
-3.56021,-1.41534,0.470416,1,11
-3.38332,-1.34434,0.576617,2,12
-0.514775,-0.204438,-0.0484586,11,5
-2.96678,-1.17643,-0.0557081,1,7
-3.53222,-1.39423,0.0662842,1,8
-0.494886,-0.19524,-0.122823,15,1
-3.47266,-1.36932,0.195632,1,9
-3.5036,-1.3801,0.329449,1,10
-3.56489,-1.40353,0.470416,1,11
-3.39167,-1.33396,0.577243,2,12
-2.94853,-1.1573,-0.0552892,1,7
-3.44393,-1.3455,0.064539,1,8
-0.493749,-0.192803,-0.122373,15,1
-3.47904,-1.35852,0.195736,1,9
-3.54528,-1.38296,0.332935,1,10
-3.36663,-1.31124,0.572237,2,12
-3.06648,-1.19311,0.639592,1,13
-3.48194,-1.34706,0.0651673,1,8
-0.494386,-0.191164,-0.122373,15,1
-3.49866,-1.35213,0.196574,1,9
-3.50547,-1.35335,0.328751,1,10
-3.37118,-1.29948,0.572237,2,12
-3.03745,-1.17023,0.632723,2,13
-2.82443,-1.08703,0.698698,1,14
-2.50281,-0.962242,0.718482,1,15
-3.48686,-1.33429,0.0651673,1,8
-0.469601,-0.179605,-0.116075,16,1
-3.50336,-1.33991,0.196574,1,9
-3.52879,-1.34822,0.330495,1,10
-3.38677,-1.29193,0.574115,2,12
-0.517545,-0.197321,-0.0484586,11,5
-3.0619,-1.16678,0.63692,2,13
-2.80454,-1.06815,0.692849,4,14
-2.50615,-0.953499,0.718482,1,15
-3.4763,-1.31705,0.064888,1,8
-0.470194,-0.178047,-0.116075,16,1
-3.50592,-1.32757,0.196469,1,9
-3.53324,-1.33651,0.330495,1,10
-3.38364,-1.2779,0.572863,2,12
-0.518196,-0.195603,-0.0484586,11,5
-3.06575,-1.15662,0.63692,2,13
-2.79712,-1.05471,0.69015,4,14
-2.52376,-0.950631,0.722623,1,15
-3.50686,-1.31535,0.0653767,1,8
-0.496328,-0.186063,-0.122373,15,1
-3.50679,-1.31393,0.19626,1,9
-3.51899,-1.3178,0.328751,1,10
-3.38808,-1.26608,0.572863,2,12
-0.518842,-0.193884,-0.0484586,11,5
-3.06221,-1.1437,0.635394,2,13
-2.80444,-1.04631,0.69105,4,14
-2.51983,-0.939118,0.720552,2,15
-3.49644,-1.29753,0.0650975,1,8
-0.496974,-0.18433,-0.122373,15,1
-3.50948,-1.30098,0.196155,1,9
-3.53105,-1.30828,0.329449,1,10
-3.59303,-1.32982,0.470416,1,11
-3.38878,-1.25288,0.572237,2,12
-3.0846,-1.1398,0.63921,2,13
-2.80807,-1.03651,0.69105,3,14
-2.51584,-0.927643,0.718482,1,15
-3.48593,-1.27981,0.0648182,1,8
-0.472002,-0.173196,-0.116075,16,1
-3.52503,-1.29347,0.196783,1,9
-3.54681,-1.30006,0.330495,1,10
-3.3892,-1.24027,0.571612,2,12
-3.07012,-1.12229,0.635394,2,13
-2.819,-1.02938,0.692849,1,14
-2.5189,-0.919295,0.718482,1,15
-3.51646,-1.2778,0.0653069,1,8
-0.46891,-0.170299,-0.115175,16,1
-3.52389,-1.27911,0.196469,1,9
-3.57755,-1.29718,0.332935,1,10
-3.40466,-1.23247,0.573489,2,12
-0.520844,-0.18844,-0.0484586,11,5
-3.08306,-1.11544,0.637302,2,13
-2.80407,-1.0134,0.68835,1,14
-2.50392,-0.903937,0.713305,1,15
-3.53596,-1.27093,0.0655861,1,8
-0.462166,-0.166026,-0.113375,16,1
-3.53773,-1.27018,0.196993,1,9
-3.58184,-1.28531,0.332935,1,10
-3.60654,-1.29275,0.470416,1,11
-3.40894,-1.22058,0.573489,2,12
-0.521466,-0.186712,-0.0484586,11,5
-3.09063,-1.106,0.638065,2,13
-2.81126,-1.00492,0.68925,1,14
-2.52526,-0.901688,0.718482,1,15
-3.57806,-1.27198,0.0662842,1,8
-3.54779,-1.25982,0.197307,1,9
-3.5863,-1.27279,0.332935,1,10
-3.61103,-1.28015,0.470416,1,11
-3.37221,-1.19416,0.566606,2,12
-0.522114,-0.18489,-0.0484586,11,5
-3.09632,-1.09586,0.638447,2,13
-2.80556,-0.991849,0.687001,1,14
-2.5466,-0.8993,0.723658,1,15
-3.58247,-1.25948,0.0662842,1,8
-0.463314,-0.162795,-0.113375,16,1
-3.53687,-1.24276,0.196469,1,9
-3.59072,-1.26027,0.332935,1,10
-3.3631,-1.1784,0.564416,2,12
-0.522757,-0.183067,-0.0484586,11,5
-3.09457,-1.0831,0.637302,1,13
-2.79981,-0.978835,0.684751,1,14
-1.93296,-0.675779,-0.0357425,1,7
-2.52039,-0.880655,0.715376,1,15
-3.58663,-1.24759,0.0662842,1,8
-0.500665,-0.174056,-0.122373,15,1
-3.55251,-1.23433,0.197097,1,9
-3.5951,-1.24773,0.332935,1,10
-3.61966,-1.25554,0.470416,1,11
-3.35973,-1.16407,0.563164,4,12
-2.8233,-0.976552,0.6897,1,14
-1.93531,-0.669027,-0.0357425,3,7
-2.5198,-0.870589,0.714341,1,15
-3.59096,-1.23507,0.0662842,1,8
-0.464411,-0.159638,-0.113375,16,1
-3.56246,-1.22387,0.197411,1,9
-3.59922,-1.2358,0.332935,1,10
-3.62402,-1.2429,0.470416,1,11
-3.37499,-1.15617,0.565041,4,12
-0.523991,-0.179504,-0.0484586,11,5
-2.83222,-0.968582,0.69105,1,14
-1.9471,-0.665501,-0.0359171,4,7
-2.44604,-0.83556,0.6926,1,15
-3.59525,-1.22252,0.0662842,1,8
-0.472346,-0.160524,-0.115175,16,1
-3.57239,-1.21336,0.197725,1,9
-3.60351,-1.22323,0.332935,1,10
-3.38274,-1.14565,0.565667,4,12
-0.475549,-0.161057,-0.0439265,12,5
-2.82636,-0.955569,0.6888,1,14
-1.92667,-0.651019,-0.0354982,4,7
-3.56917,-1.19977,0.0657258,1,8
-3.57071,-1.1996,0.197411,1,9
-3.60776,-1.21064,0.332935,1,10
-3.63261,-1.21757,0.470416,1,11
-3.3603,-1.12565,0.561287,4,12
-0.525231,-0.175842,-0.0484586,11,5
-2.81858,-0.941992,0.686101,1,14
-1.93261,-0.645894,-0.035568,4,7
-3.60349,-1.19802,0.0662842,1,8
-3.60141,-1.19594,0.198877,0,9
-3.61196,-1.19804,0.332935,1,10
-3.63663,-1.20552,0.470416,1,11
-3.37171,-1.11639,0.562538,5,12
-3.10332,-1.02693,0.635394,2,13
-2.83649,-0.937533,0.6897,1,14
-1.92916,-0.637262,-0.0354633,4,7
-3.60765,-1.18544,0.0662842,1,8
-0.473974,-0.155651,-0.115175,16,1
-3.59418,-1.17962,0.198249,0,9
-3.61591,-1.18606,0.332935,1,10
-3.64081,-1.19281,0.470416,1,11
-3.3831,-1.10707,0.56379,4,12
-3.09756,-1.01304,0.633486,2,13
-2.83605,-0.926415,0.6888,1,14
-1.91997,-0.626801,-0.0352539,2,7
-0.504172,-0.163621,-0.122373,15,1
-3.60208,-1.1683,0.198458,0,9
-3.62003,-1.17343,0.332935,1,10
-3.64495,-1.1801,0.470416,1,11
-3.39822,-1.0989,0.565667,4,12
-3.0936,-0.999803,0.631959,2,13
-2.82999,-0.913516,0.686551,1,14
-1.90311,-0.613956,-0.0349048,1,7
-0.467626,-0.149958,-0.113375,16,1
-3.61734,-1.16001,0.199086,0,9
-3.62411,-1.16078,0.332935,1,10
-3.64905,-1.16737,0.470416,1,11
-3.39432,-1.08522,0.564416,4,12
-3.12887,-0.999151,0.638447,2,13
-2.83873,-0.905409,0.6879,1,14
-1.707,-0.544447,-0.0312747,1,7
-2.18848,-0.697592,0.615472,1,15
-0.468121,-0.148407,-0.113375,16,1
-3.60233,-1.14134,0.198039,1,9
-3.62814,-1.14813,0.332935,1,10
-3.6529,-1.15526,0.470416,1,11
-3.39808,-1.07337,0.564416,3,12
-0.478792,-0.151146,-0.0439265,12,5
-3.14901,-0.994088,0.641881,2,13
-2.838,-0.894818,0.687001,1,14
-1.64023,-0.516849,-0.0300181,1,7
-2.1651,-0.681824,0.608225,1,15
-1.71546,-0.537594,0.0313794,1,8
-0.468636,-0.146772,-0.113375,16,1
-3.62134,-1.13417,0.198877,0,9
-3.63192,-1.13609,0.332935,1,10
-3.65691,-1.1425,0.470416,1,11
-3.43368,-1.0721,0.569734,2,12
-3.12435,-0.974323,0.636157,2,13
-2.83739,-0.883747,0.686101,1,14
-1.60757,-0.500703,-0.0293899,2,7
-1.71724,-0.531902,0.0313794,1,8
-0.476567,-0.147522,-0.115175,16,1
-3.63587,-1.1234,0.332935,1,10
-3.66068,-1.13037,0.470416,1,11
-3.4676,-1.06942,0.57474,2,12
-0.529313,-0.163141,-0.0484586,11,5
-3.13319,-0.965692,0.637302,1,13
-1.58255,-0.486857,-0.0289012,2,7
-1.68466,-0.515375,0.0307511,1,8
-0.484533,-0.148137,-0.116975,16,1
-3.63957,-1.11134,0.332935,1,10
-3.6646,-1.11759,0.470416,1,11
-3.46357,-1.05562,0.573489,2,12
-0.529852,-0.161385,-0.0484586,11,5
-3.11025,-0.946746,0.631959,1,13
-1.57651,-0.479279,-0.0287616,1,7
-1.68636,-0.509785,0.0307511,1,8
-1.76288,-0.532244,0.0965075,1,9
-3.64343,-1.09863,0.332935,1,10
-3.66829,-1.10543,0.470416,1,11
-3.47102,-1.04466,0.574115,2,12
-0.480805,-0.144614,-0.0439265,12,5
-3.11337,-0.936426,0.631959,1,13
-2.19856,-0.660437,0.529985,1,14
-1.6203,-0.486423,-0.0295295,1,7
-1.6728,-0.49932,0.0304719,1,8
-1.74549,-0.520686,0.0954608,1,9
-3.67213,-1.09262,0.470416,1,11
-3.45553,-1.02751,0.570986,2,12
-0.530938,-0.157775,-0.0484586,11,5
-3.17308,-0.94232,0.643408,1,13
-2.2158,-0.657192,0.533584,1,14
-1.64875,-0.489008,-0.0300181,1,7
-1.66294,-0.490376,0.0302625,1,8
-1.7473,-0.51459,0.0954608,1,9
-3.60113,-1.05919,0.328403,1,10
-3.4591,-1.01544,0.570986,2,12
-3.14228,-0.921845,0.636539,1,13
-2.22171,-0.650936,0.534484,1,14
-1.6658,-0.487745,-0.0302974,1,7
-1.65705,-0.482044,0.0301229,1,8
-0.482787,-0.140354,-0.116075,16,1
-1.75685,-0.510411,0.0958795,1,9
-3.65455,-1.06105,0.332935,1,10
-3.48177,-1.00825,0.574115,2,12
-0.532026,-0.154065,-0.0484586,11,5
-3.16072,-0.914687,0.639592,1,13
-2.26152,-0.65361,0.543482,1,14
-1.63684,-0.472758,-0.0297389,1,7
-1.68947,-0.485086,0.0306813,1,8
-0.472035,-0.135443,-0.113375,16,1
-1.73174,-0.496568,0.0944141,1,9
-3.47387,-0.992837,0.572237,2,12
-2.26379,-0.645712,0.543482,1,14
-1.64617,-0.469234,-0.0298785,2,7
-0.557576,-0.158093,-0.155291,12,0
-1.65268,-0.468283,0.0299832,1,8
-0.472505,-0.133795,-0.113375,16,1
-1.72569,-0.488646,0.0939954,1,9
-3.45053,-0.973801,0.567857,2,12
-0.533089,-0.150347,-0.0484586,11,5
-2.26603,-0.637806,0.543482,1,14
-1.65157,-0.464856,-0.0299483,3,7
-1.65422,-0.4628,0.0299832,3,8
-0.510482,-0.142721,-0.122373,15,1
-1.73508,-0.484769,0.0944141,1,9
-3.27883,-0.913,0.539073,2,12
-2.19402,-0.610517,0.442677,1,13
-2.24185,-0.622983,0.537183,1,14
-1.6262,-0.451597,-0.0294597,3,7
-1.64233,-0.453299,0.0297389,4,8
-1.73283,-0.477951,0.0942047,1,9
-3.2647,-0.89741,0.536257,3,12
-0.5341,-0.146715,-0.0484586,11,5
-2.21885,-0.609092,0.447256,1,13
-2.21394,-0.606911,0.529985,1,14
-1.63155,-0.44726,-0.0295295,4,7
-1.64575,-0.448376,0.0297738,4,8
-1.71521,-0.466656,0.093158,1,9
-3.26591,-0.885491,0.535945,1,12
-0.534609,-0.144849,-0.0484586,11,5
-2.19054,-0.593515,0.44115,1,13
-2.2498,-0.608727,0.538083,1,14
-1.64854,-0.445738,-0.0298087,4,7
-0.559677,-0.150488,-0.155291,12,0
-1.64152,-0.441072,0.0296691,4,8
-0.474283,-0.12735,-0.113375,16,1
-1.7399,-0.467181,0.0944141,1,9
-0.535086,-0.143076,-0.0484586,11,5
-2.22295,-0.593974,0.447256,1,13
-2.25557,-0.602268,0.538983,1,14
-1.64035,-0.43769,-0.0296342,4,7
-0.560172,-0.148632,-0.155291,12,0
-1.65263,-0.438188,0.0298436,4,8
-0.474702,-0.125776,-0.113375,16,1
-1.69896,-0.450155,0.0921113,1,9
-2.3091,-0.609661,0.378259,1,12
-0.485469,-0.128085,-0.0439265,12,5
-2.19453,-0.578591,0.44115,1,13
-2.20856,-0.581877,0.527285,1,14
-1.63986,-0.431739,-0.0295993,3,7
-0.512072,-0.134053,-0.141833,14,0
-1.66956,-0.436754,0.0301229,4,8
-0.486429,-0.127159,-0.116075,16,1
-1.71598,-0.44826,0.0929487,1,9
-2.20416,-0.573731,0.360738,1,12
-0.536023,-0.139524,-0.0484586,11,5
-2.22944,-0.579063,0.531784,1,14
-1.64136,-0.426013,-0.0295993,3,7
-1.65558,-0.426929,0.0298436,4,8
-0.475548,-0.122542,-0.113375,16,1
-1.71754,-0.442267,0.0929487,1,9
-2.25207,-0.577816,0.368247,1,12
-0.48633,-0.124778,-0.0439265,12,5
-2.19842,-0.56364,0.44115,1,13
-2.29941,-0.588677,0.547981,1,14
-1.63509,-0.418298,-0.0294597,2,7
-1.63768,-0.416222,0.0294946,3,8
-0.49486,-0.125678,-0.117874,16,1
-1.7152,-0.435287,0.0927393,1,9
-2.23493,-0.565108,0.365118,1,12
-2.20037,-0.555963,0.44115,1,13
-2.26366,-0.571112,0.538983,1,14
-1.62878,-0.410633,-0.02932,2,7
-1.6624,-0.416332,0.0299134,1,8
-0.5142,-0.128681,-0.122373,15,1
-1.73608,-0.434142,0.093786,1,9
-2.22155,-0.553484,0.362615,1,12
-2.20239,-0.547894,0.44115,1,13
-2.28465,-0.56751,0.543482,1,14
-1.6302,-0.404944,-0.02932,3,7
-2.13557,-0.530084,0.58959,1,15
-1.64838,-0.406407,0.0296342,1,8
-1.71044,-0.42139,0.0923206,1,9
-2.22347,-0.545726,0.362615,1,12
-0.537942,-0.131932,-0.0484586,11,5
-2.2348,-0.54768,0.447256,1,13
-2.30545,-0.564566,0.547981,1,14
-1.64715,-0.403054,-0.0295993,2,7
-2.13741,-0.522626,0.58959,1,15
-1.65166,-0.401411,0.0296691,2,8
-0.496149,-0.12049,-0.117874,16,1
-1.73512,-0.421372,0.0935767,1,9
-2.23033,-0.539985,0.281762,1,11
-2.22527,-0.538349,0.362615,1,12
-2.24424,-0.54211,0.448783,1,13
-2.30352,-0.556003,0.547081,1,14
-1.61348,-0.38915,-0.028971,2,7
-2.13913,-0.515535,0.58959,1,15
-1.67049,-0.400124,0.0299832,1,8
-0.492756,-0.117936,-0.116975,16,1
-1.74039,-0.416546,0.093786,1,9
-2.18577,-0.521529,0.275912,1,11
-2.17708,-0.519056,0.354481,1,12
-2.2804,-0.542848,0.455652,1,13
-2.29028,-0.544354,0.543482,1,14
-1.66535,-0.39582,-0.0298785,1,7
-2.14083,-0.508439,0.58959,1,15
-1.66013,-0.391826,0.0297738,1,8
-0.485557,-0.114512,-0.115175,16,1
-1.73406,-0.408636,0.0933674,1,9
-2.18748,-0.514279,0.275912,1,11
-2.28657,-0.536732,0.372001,1,12
-0.53925,-0.12648,-0.0484586,11,5
-2.27837,-0.534386,0.454889,1,13
-2.28068,-0.53409,0.540782,1,14
-1.6784,-0.392738,-0.0300879,1,7
-2.14259,-0.500963,0.58959,1,15
-1.67317,-0.388744,0.0299832,1,8
-0.485954,-0.112817,-0.115175,16,1
-1.77431,-0.411917,0.0954608,1,9
-2.18927,-0.506639,0.275912,1,11
-2.32683,-0.538047,0.378259,1,12
-0.539667,-0.124691,-0.0484586,11,5
-2.28405,-0.527314,0.455652,1,13
-2.28253,-0.526126,0.540782,1,14
-1.668,-0.384475,-0.0298785,4,7
-2.13295,-0.491254,0.586484,1,15
-1.67835,-0.384085,0.030053,1,8
-0.478726,-0.109467,-0.113375,16,1
-2.25165,-0.512389,0.365744,1,12
-0.540098,-0.122807,-0.0484586,11,5
-2.27286,-0.515965,0.538083,1,14
-1.65568,-0.375554,-0.0296342,4,7
-2.12711,-0.482097,0.584413,1,15
-1.69919,-0.382617,0.0304021,1,8
-0.479106,-0.107795,-0.113375,16,1
-2.19278,-0.492555,0.196623,1,10
-2.19266,-0.491726,0.275912,1,11
-2.29198,-0.513159,0.372001,1,12
-0.501618,-0.112309,-0.0449724,12,5
-2.32973,-0.521184,0.464048,1,13
-0.549663,-0.122864,-0.0295175,16,6
-2.31269,-0.516523,0.547081,1,14
-1.67455,-0.373692,-0.0299483,3,7
-2.1401,-0.477192,0.587519,1,15
-1.72394,-0.381873,0.0308209,1,8
-2.16335,-0.47802,0.193834,1,10
-2.19437,-0.484069,0.275912,1,11
-2.28604,-0.503455,0.37075,1,12
-0.540922,-0.119127,-0.0484586,11,5
-2.33154,-0.513048,0.464048,1,13
-2.39442,-0.526009,0.565977,1,14
-1.68756,-0.370417,-0.0301578,1,7
-2.11722,-0.464339,0.58079,1,15
-1.75653,-0.382664,0.0313794,1,8
-0.487463,-0.106106,-0.115175,16,1
-2.19616,-0.477235,0.196623,1,10
-2.27234,-0.492127,0.368247,1,12
-0.490706,-0.106274,-0.0439265,12,5
-2.29877,-0.497433,0.457178,1,13
-1.72794,-0.372963,-0.0308559,1,7
-2.11505,-0.456131,0.579755,1,15
-0.495453,-0.106035,-0.116975,16,1
-2.16664,-0.462905,0.193834,1,10
-2.33587,-0.497357,0.378259,1,12
-0.54174,-0.115348,-0.0484586,11,5
-2.27361,-0.483686,0.451836,1,13
-1.92484,-0.408436,-0.0343463,1,7
-2.13553,-0.452751,0.584931,1,15
-0.518704,-0.109119,-0.122373,15,1
-2.22428,-0.467514,0.119117,1,9
-2.16824,-0.45534,0.193834,1,10
-2.31439,-0.484344,0.374504,1,12
-0.54214,-0.113456,-0.0484586,11,5
-2.28682,-0.478157,0.454125,1,13
-2.04763,-0.427026,-0.0365104,2,7
-2.15222,-0.448447,0.589072,1,15
-0.492364,-0.101785,-0.116075,16,1
-2.18287,-0.450858,0.116814,1,9
-2.19323,-0.4526,0.195926,1,10
-2.20091,-0.453384,0.275912,1,11
-2.29285,-0.471488,0.37075,1,12
-0.542532,-0.111563,-0.0484586,11,5
-2.30386,-0.473333,0.457178,1,13
-2.04127,-0.41827,-0.0363708,2,7
-2.16513,-0.443257,0.592178,1,15
-0.488862,-0.0994602,-0.115175,16,1
-2.19985,-0.447565,0.117651,1,9
-2.2996,-0.466187,0.288099,1,11
-2.28262,-0.46233,0.368872,1,12
-0.54288,-0.109858,-0.0484586,11,5
-2.32073,-0.469206,0.460231,1,13
-0.552076,-0.111519,-0.0295175,16,6
-2.08955,-0.421706,-0.0372085,1,7
-2.13614,-0.430721,0.583896,1,15
-0.493011,-0.0986028,-0.116075,16,1
-2.19748,-0.4391,0.117442,1,9
-2.24308,-0.447397,0.20011,1,10
-2.26872,-0.451276,0.36637,1,12
-0.54326,-0.107963,-0.0484586,11,5
-2.30301,-0.45768,0.456415,1,13
-2.12631,-0.421407,-0.0378368,1,7
-2.13384,-0.422511,0.582861,1,15
-0.489528,-0.0961303,-0.115175,16,1
-2.199,-0.431428,0.117442,1,9
-2.19763,-0.430759,0.195926,1,10
-2.27545,-0.445188,0.284687,1,11
-2.28191,-0.445626,0.368247,1,12
-0.543616,-0.106161,-0.0484586,11,5
-2.35084,-0.458662,0.465574,1,13
-2.15806,-0.419484,0.589072,1,15
-0.501342,-0.096634,-0.117874,16,1
-2.20834,-0.42526,0.117861,1,9
-2.20694,-0.424591,0.196623,1,10
-2.26529,-0.434996,0.283224,1,11
-2.29898,-0.440633,0.37075,1,12
-0.543983,-0.104262,-0.0484586,11,5
-2.28687,-0.437899,0.452599,1,13
-2.18987,-0.41774,0.597354,1,15
-2.21759,-0.419419,0.118279,1,9
-2.22799,-0.420581,0.198366,1,10
-2.25509,-0.424881,0.281762,1,11
-2.30042,-0.433007,0.37075,1,12
-0.544343,-0.102363,-0.0484586,11,5
-2.42345,-0.455288,0.479312,1,13
-2.14947,-0.40265,0.585966,1,15
-0.498156,-0.0925077,-0.116975,16,1
-2.23475,-0.41459,0.119117,1,9
-2.27646,-0.421507,0.20255,1,10
-2.29162,-0.4239,0.286149,1,11
-2.32135,-0.42856,0.373878,1,12
-0.544697,-0.100462,-0.0484586,11,5
-2.21935,-0.408529,0.520987,1,14
-2.14706,-0.394447,0.584931,2,15
-0.483138,-0.0879753,-0.113375,16,1
-2.23225,-0.406072,0.118907,1,9
-2.29745,-0.417518,0.204293,1,10
-2.26965,-0.411647,0.283224,1,11
-2.35004,-0.425381,0.378259,1,12
-0.545027,-0.0986553,-0.0484586,11,5
-2.3299,-0.421314,0.460231,1,13
-0.554256,-0.100126,-0.0295175,16,6
-2.22077,-0.40078,0.520987,1,14
-2.14082,-0.38558,0.582861,4,15
-0.521811,-0.0931367,-0.122373,15,1
-2.23759,-0.398978,0.119117,1,9
-2.27928,-0.406001,0.20255,1,10
-2.25153,-0.400247,0.280787,1,11
-2.35151,-0.417175,0.378259,1,12
-0.545369,-0.0967522,-0.0484586,11,5
-2.20296,-0.389631,0.516488,1,14
-2.15927,-0.381127,0.587519,2,15
-0.522133,-0.0913145,-0.122373,15,1
-2.25464,-0.394308,0.119954,1,9
-2.25713,-0.393933,0.200458,1,10
-2.26073,-0.393748,0.281762,1,11
-2.35288,-0.409375,0.378259,1,12
-0.545703,-0.0948479,-0.0484586,11,5
-0.554941,-0.0962541,-0.0295175,16,6
-2.18895,-0.379278,0.512888,1,14
-2.16624,-0.374953,0.589072,1,15
-0.522433,-0.0895827,-0.122373,15,1
-2.2875,-0.391831,0.121629,1,9
-2.28206,-0.390079,0.20255,1,10
-2.28159,-0.38959,0.284199,1,11
-2.3543,-0.401159,0.378259,1,12
-0.498891,-0.0849186,-0.0442751,12,5
-0.555257,-0.0944134,-0.0295175,16,6
-2.18251,-0.370711,0.511089,1,14
-2.16753,-0.36739,0.589072,1,15
-0.522742,-0.0877584,-0.122373,15,1
-2.30855,-0.387148,0.122675,1,9
-2.25976,-0.37856,0.200458,1,10
-2.3401,-0.390338,0.375756,1,12
-0.49524,-0.0826081,-0.0439265,12,5
-2.17226,-0.361173,0.508389,1,14
-2.13069,-0.353497,0.578719,1,15
-0.523045,-0.0859332,-0.122373,15,1
-2.31777,-0.380381,0.123094,1,9
-2.24534,-0.36809,0.199064,1,10
-2.3156,-0.37878,0.288099,1,11
-2.33365,-0.380895,0.374504,1,12
-0.555903,-0.0905345,-0.0295175,16,6
-2.16966,-0.352963,0.50749,1,14
-1.09349,-0.177694,-0.0193373,1,7
-2.17004,-0.352248,0.589072,1,15
-0.523342,-0.0841069,-0.122373,15,1
-2.2993,-0.369523,0.122047,1,9
-2.26235,-0.362774,0.200458,1,10
-2.34435,-0.375085,0.291512,1,11
-2.3583,-0.376895,0.378259,1,12
-0.546959,-0.087315,-0.0484586,11,5
-2.24121,-0.357378,0.44115,1,13
-0.556216,-0.0885936,-0.0295175,16,6
-2.20161,-0.35067,0.514688,1,14
-1.14147,-0.181608,-0.020175,1,7
-2.20936,-0.351114,0.599425,1,15
-0.523618,-0.082371,-0.122373,15,1
-2.30051,-0.361896,0.122047,1,9
-2.27535,-0.357124,0.201504,1,10
-2.31813,-0.363009,0.288099,1,11
-2.35954,-0.369072,0.378259,1,12
-0.547245,-0.0855007,-0.0484586,11,5
-2.24238,-0.349945,0.44115,1,13
-0.556506,-0.0867487,-0.0295175,16,6
-2.1835,-0.340366,0.510189,1,14
-1.09464,-0.170438,-0.0193373,1,7
-2.17233,-0.337848,0.589072,1,15
-2.31038,-0.356014,0.0408037,1,8
-0.523888,-0.0806341,-0.122373,15,1
-2.29387,-0.35265,0.121629,1,9
-2.31984,-0.35623,0.205339,1,10
-2.35071,-0.36013,0.291999,1,11
-2.36081,-0.360834,0.378259,1,12
-0.54754,-0.0835899,-0.0484586,11,5
-2.24353,-0.342507,0.44115,1,13
-0.517302,-0.0788812,-0.027424,17,6
-2.19238,-0.333916,0.511989,1,14
-1.10709,-0.16842,-0.0195467,1,7
-2.16204,-0.328522,0.585966,1,15
-2.3116,-0.347947,0.0408037,1,8
-0.524167,-0.0788049,-0.122373,15,1
-2.29903,-0.345234,0.121838,2,9
-2.38813,-0.35776,0.211266,1,10
-2.34018,-0.35016,0.290537,1,11
-2.29173,-0.342092,0.366995,1,12
-0.508417,-0.0758021,-0.0449724,12,5
-2.24477,-0.334282,0.44115,1,13
-0.557099,-0.0828614,-0.0295175,16,6
-2.20516,-0.327596,0.514688,1,14
-1.10372,-0.163967,-0.0194769,1,7
-2.12878,-0.315869,0.576649,1,15
-2.27329,-0.333664,0.0401056,1,8
-0.524452,-0.0768832,-0.122373,15,1
-2.29627,-0.336627,0.121629,1,9
-2.26713,-0.331548,0.200458,1,10
-2.36328,-0.344344,0.378259,1,12
-2.20707,-0.320796,0.433518,1,13
-0.557384,-0.0809164,-0.0295175,16,6
-2.19852,-0.319162,0.512888,1,14
-2.12222,-0.307329,0.574578,1,15
-2.33377,-0.334639,0.0411528,1,8
-0.524704,-0.0751437,-0.122373,15,1
-2.31715,-0.331842,0.122675,1,9
-2.29189,-0.327409,0.20255,1,10
-2.3644,-0.336505,0.378259,1,12
-0.508921,-0.0723395,-0.0449724,12,5
-2.1809,-0.309612,0.428175,1,13
-0.597199,-0.0846752,-0.0316109,15,6
-2.19185,-0.310776,0.511089,1,14
-2.15766,-0.305159,0.583896,1,15
-2.32299,-0.325234,0.0409433,1,8
-2.31823,-0.324157,0.122675,1,9
-2.31269,-0.322559,0.204293,1,10
-2.29507,-0.318876,0.366995,1,12
-0.524946,-0.0728423,-0.0463669,12,5
-2.20914,-0.306151,0.433518,1,13
-0.534168,-0.073932,-0.0282614,17,6
-2.21608,-0.306325,0.516488,1,14
-2.20841,-0.304871,0.597354,1,15
-2.37556,-0.324567,0.0418509,1,8
-0.525191,-0.0716621,-0.122373,15,1
-2.31539,-0.315523,0.122466,1,9
-2.39278,-0.325217,0.211266,1,10
-2.22178,-0.300792,0.355106,1,12
-0.521248,-0.0704755,-0.0460182,12,5
-2.21793,-0.299876,0.435045,1,13
-0.502741,-0.0678839,-0.0265867,18,6
-2.2364,-0.301579,0.520987,1,14
-2.21712,-0.298191,0.599425,1,15
-2.37668,-0.316273,0.0418509,1,8
-0.525438,-0.0698284,-0.122373,15,1
-2.32044,-0.307964,0.122675,1,9
-2.23065,-0.294068,0.356358,1,12
-0.509627,-0.0671842,-0.0449724,12,5
-2.21507,-0.291619,0.434281,1,13
-0.538619,-0.070815,-0.0284708,17,6
-2.23744,-0.29377,0.520987,1,14
-2.17984,-0.285434,0.589072,1,15
-2.37777,-0.307975,0.0418509,1,8
-0.525678,-0.067994,-0.122373,15,1
-2.34131,-0.302421,0.123722,1,9
-2.1964,-0.281755,0.350726,1,12
-2.20439,-0.282389,0.431992,1,13
-0.530939,-0.0679207,-0.0280521,17,6
-0.525912,-0.0661584,-0.122373,15,1
-2.35424,-0.29574,0.12435,1,9
-2.22873,-0.277998,0.355732,1,12
-0.549625,-0.0685569,-0.0484586,11,5
-2.20536,-0.274693,0.431992,1,13
-0.503425,-0.0626156,-0.0265867,18,6
-0.52614,-0.0643222,-0.122373,15,1
-2.30371,-0.281228,0.121629,1,9
-2.23071,-0.271131,0.275912,1,11
-2.22577,-0.269742,0.355106,1,12
-2.23359,-0.270295,0.437334,1,13
-0.507606,-0.0613372,-0.026796,18,6
-0.526351,-0.0625771,-0.122373,15,1
-2.20013,-0.260793,0.193834,1,10
-2.23159,-0.263732,0.275912,1,11
-2.19526,-0.258661,0.3501,1,12
-0.559381,-0.0657121,-0.0295175,16,6
-2.11449,-0.247273,0.570437,1,15
-2.20103,-0.253111,0.193834,1,10
-2.2325,-0.255941,0.275912,1,11
-2.23148,-0.255034,0.355732,1,12
-2.05008,-0.23249,0.552837,1,15
-2.30649,-0.257491,0.121629,1,9
-2.2019,-0.245426,0.193834,1,10
-2.23338,-0.248146,0.275912,1,11
-2.25591,-0.249853,0.359486,1,12
-0.559826,-0.0618053,-0.0295175,16,6
-2.0624,-0.226598,0.555943,1,15
-0.526977,-0.057062,-0.122373,15,1
-2.22397,-0.240422,0.117233,1,9
-2.20274,-0.237739,0.193834,1,10
-2.23423,-0.240348,0.275912,1,11
-2.29213,-0.245767,0.365118,1,12
-0.560038,-0.0598509,-0.0295175,16,6
-2.07854,-0.221032,0.560084,1,15
-2.19695,-0.230134,0.115767,1,9
-2.20356,-0.230049,0.193834,1,10
-2.20347,-0.229261,0.272012,1,11
-2.0908,-0.215326,0.56319,1,15
-2.20966,-0.22367,0.116395,1,9
-2.18056,-0.219956,0.191743,1,10
-2.21212,-0.222749,0.272987,1,11
-0.560432,-0.0560374,-0.0295175,16,6
-0.527537,-0.0516325,-0.122373,15,1
-2.21039,-0.216341,0.116395,1,9
-2.20508,-0.215044,0.193834,1,10
-2.22869,-0.216561,0.274937,1,11
-0.560625,-0.0540808,-0.0295175,16,6
-0.527705,-0.0498829,-0.122373,15,1
-2.2111,-0.20901,0.116395,1,9
-2.20578,-0.20773,0.193834,1,10
-2.2373,-0.209911,0.275912,1,11
-0.560801,-0.0522214,-0.0295175,16,6
-2.15837,-0.200606,-0.0378368,1,7
-2.22772,-0.202739,0.117233,1,9
-2.20645,-0.200415,0.193834,1,10
-2.23798,-0.202491,0.275912,1,11
-0.560971,-0.0503614,-0.0295175,16,6
-2.20686,-0.197345,-0.0386745,1,7
-0.528032,-0.0462898,-0.122373,15,1
-2.2125,-0.193569,0.116395,1,9
-2.25878,-0.196824,0.198366,1,10
-0.561152,-0.048305,-0.0295175,16,6
-2.15972,-0.185533,-0.0378368,1,7
-0.528198,-0.0443541,-0.122373,15,1
-0.561317,-0.0463459,-0.0295175,16,6
-0.528343,-0.0426023,-0.122373,15,1
-0.561468,-0.0444842,-0.0295175,16,6
-2.16096,-0.170451,-0.0378368,1,7
-0.528488,-0.0407577,-0.122373,15,1
-0.561619,-0.0425242,-0.0295175,16,6
-2.13758,-0.161476,-0.037418,1,7
-0.52862,-0.039005,-0.122373,15,1
-0.561757,-0.0406615,-0.0295175,16,6
-0.582402,-0.0419515,-0.0101922,8,7
-0.528753,-0.0371595,-0.122373,15,1
-0.578555,-0.0396449,-0.0101224,8,7
-0.52888,-0.0353137,-0.122373,15,1
-0.562028,-0.0367387,-0.0295175,16,6
-0.566717,-0.0368466,-0.00991297,8,7
-0.529,-0.0334673,-0.122373,15,1
-0.566836,-0.0349671,-0.00991297,8,7
-0.529108,-0.0317129,-0.122373,15,1
-1.86581,-0.109542,0.3633,1,13
-0.529215,-0.0298657,-0.122373,15,1
-1.8701,-0.103245,0.364064,8,13
-0.562376,-0.0309495,-0.0295175,16,6
-0.575048,-0.0315461,-0.0100526,8,7
-0.529311,-0.0281106,-0.122373,15,1
-1.87239,-0.097145,0.364445,5,13
-0.559173,-0.0288157,-0.00977335,8,7
-0.529402,-0.0263552,-0.122373,15,1
-1.87662,-0.0911257,0.365208,3,13
-0.529491,-0.0245072,-0.122373,15,1
-2.06216,-0.0932816,0.326948,1,12
-1.87498,-0.0841589,0.364827,1,13
-0.562665,-0.0251568,-0.0295175,16,6
-0.583333,-0.025979,-0.0101922,8,7
-2.0673,-0.0877303,0.10844,1,9
-2.0145,-0.085137,0.176403,1,10
-1.87527,-0.0776139,0.364827,1,13
-0.562749,-0.0231927,-0.0295175,16,6
-2.03167,-0.0791146,0.106556,1,9
-2.03869,-0.0786753,0.178495,1,10
-1.87554,-0.0707397,0.364827,1,13
-0.562831,-0.0211301,-0.0295175,16,6
-0.583504,-0.0218041,-0.0101922,8,7
-0.529715,-0.0190534,-0.122373,15,1
-2.05186,-0.0738035,0.107603,1,9
-2.04688,-0.0729096,0.179192,1,10
-1.87574,-0.0651749,0.364827,1,13
-0.562891,-0.01946,-0.0295175,16,6
-0.595557,-0.0204851,-0.0104016,8,7
-0.529775,-0.0172968,-0.122373,15,1
-2.11997,-0.0688453,0.111162,1,9
-2.01526,-0.0647406,0.176403,1,10
-0.563645,-0.0174178,-0.00984316,8,7
-2.1202,-0.0614447,0.111162,1,9
-0.583692,-0.0159982,-0.0101922,8,7
-0.567751,-0.0135782,-0.00991297,8,7
-0.615778,-0.0125761,-0.0107507,7,7
-0.563172,-0.00786389,-0.0295175,16,6
-0.583857,-0.00794889,-0.0101922,8,7
-2.081,-0.0243356,0.109068,1,9
-0.603877,-0.00611321,-0.0105413,8,7
-2.04312,-0.0171171,0.107079,2,9
-2.00029,-0.01606,0.175009,2,10
-0.563213,-0.00393215,-0.0295175,16,6
-0.603894,-0.00411063,-0.0105413,8,7
-2.04517,-0.0103518,0.107184,5,9
-2.01827,-0.00951115,0.176578,5,10
-0.623901,-0.0021778,-0.0108903,7,7
-2.04919,-0.00321946,0.107393,2,9
-2.04021,-0.0028488,0.178495,1,10
-0.579535,0.00485511,-0.155291,12,0
-0.579516,0.00677692,-0.155291,12,0
-0.52154,0.0079198,-0.139762,14,0
-1.90941,0.030995,0.234477,1,11
-0.553808,0.00918335,-0.0484586,11,5
-0.502194,0.00937953,-0.134586,15,0
-1.91326,0.0377383,0.234964,2,11
-0.553773,0.0111163,-0.0484586,11,5
-1.929,0.0444486,0.236914,2,11
-0.573649,0.0135187,-0.0502017,11,5
-0.579367,0.0147664,-0.155291,12,0
-1.88517,0.0500234,0.231552,2,11
-0.553684,0.0148855,-0.0484586,11,5
-0.579312,0.0167887,-0.155291,12,0
-1.88103,0.0561562,0.231064,1,11
-0.585492,0.0177861,-0.0512476,10,5
-0.579253,0.0187097,-0.155291,12,0
-0.589413,0.0198618,-0.0515962,10,5
-0.579185,0.0207317,-0.155291,12,0
-0.593322,0.0220671,-0.0519448,10,5
-0.577315,0.0234902,-0.0505503,10,5
-0.585191,0.025857,-0.0512476,10,5
-0.578936,0.0267955,-0.155291,12,0
-0.585098,0.0278995,-0.0512476,10,5
-0.553165,0.0282157,-0.0484586,11,5
-0.584894,0.0318815,-0.0512476,10,5
-0.592736,0.0343845,-0.0519448,10,5
-0.552839,0.0340067,-0.0484586,11,5
-0.584535,0.0379025,-0.0512476,10,5
-0.584406,0.0398407,-0.0512476,10,5
-0.57813,0.0406295,-0.155291,12,0
-1.70829,0.122152,0.271257,1,12
-0.604136,0.0433049,-0.0529907,10,5
-0.577992,0.0425465,-0.155291,12,0
-1.69603,0.127228,0.26938,2,12
-0.592061,0.0445173,-0.0519448,10,5
-0.577832,0.0446646,-0.155291,12,0
-1.70936,0.13423,0.27157,4,12
-0.615737,0.0484595,-0.0540366,10,5
-0.577672,0.0466814,-0.155291,12,0
-1.70101,0.13955,0.270319,2,12
-0.60365,0.049629,-0.0529907,10,5
-0.539014,0.045357,-0.144939,14,0
-0.528175,0.0446306,-0.122373,15,1
-1.6907,0.144349,0.268754,2,12
-0.587601,0.0502718,-0.0515962,10,5
-1.47047,0.12684,0.395476,1,15
-0.57735,0.0505116,-0.155291,12,0
-0.528024,0.0463818,-0.122373,15,1
-1.72954,0.153748,0.275012,1,12
-0.583462,0.0518673,-0.0512476,10,5
-1.44798,0.129484,0.335627,1,14
-1.47772,0.132663,0.397546,1,15
-0.550236,0.0500753,-0.148044,13,0
-0.591213,0.054637,-0.0519448,10,5
-1.44752,0.134537,0.335627,1,14
-1.48879,0.138897,0.400652,1,15
-0.576983,0.0545409,-0.155291,12,0
-0.614818,0.0589837,-0.0540366,10,5
-1.47741,0.141998,0.288503,1,13
-1.47034,0.141578,0.341026,1,14
-0.576799,0.056454,-0.155291,12,0
-0.582897,0.0578726,-0.0512476,10,5
-1.47693,0.146897,0.288503,1,13
-0.576609,0.0583664,-0.155291,12,0
-0.632827,0.0643918,-0.123644,14,2
-0.606474,0.062352,-0.0533393,10,5
-0.576391,0.0604793,-0.155291,12,0
-0.602291,0.0640473,-0.0529907,10,5
-0.576177,0.0624911,-0.155291,12,0
-0.577702,0.0629626,-0.112959,16,2
-0.613946,0.0674549,-0.0540366,10,5
-0.537558,0.0602018,-0.144939,14,0
-0.577479,0.0649788,-0.112959,16,2
-0.601829,0.0682505,-0.0529907,10,5
-0.54887,0.0633123,-0.148044,13,0
-0.57726,0.0668934,-0.112959,16,2
-0.601599,0.0702458,-0.0529907,10,5
-0.575514,0.0683203,-0.155291,12,0
-0.577035,0.0688074,-0.112959,16,2
-0.605319,0.0727156,-0.0533393,10,5
-0.575285,0.0702284,-0.155291,12,0
-0.607983,0.0745431,-0.119065,15,2
-0.612984,0.0756993,-0.0540366,10,5
-0.575049,0.0721357,-0.155291,12,0
-0.615524,0.0775404,-0.120591,15,2
-0.589011,0.0747227,-0.0519448,10,5
-0.57478,0.0742429,-0.155291,12,0
-0.576296,0.0747455,-0.112959,16,2
-0.632197,0.082557,-0.0557797,9,5
-1.34462,0.176545,0.363382,1,15
-0.574518,0.0762489,-0.155291,12,0
-0.576032,0.0767567,-0.112959,16,2
-0.647703,0.0868822,-0.0571742,9,5
-1.29805,0.175041,0.350959,1,15
-0.574262,0.0781536,-0.155291,12,0
-0.614678,0.0839818,-0.120591,15,2
-0.647411,0.0890296,-0.0571742,9,5
-1.53647,0.211564,0.301478,1,13
-1.28212,0.177452,0.346818,1,15
-0.573985,0.0801577,-0.155291,12,0
-0.614381,0.0861269,-0.120591,15,2
-0.603693,0.0851659,-0.0533393,10,5
-1.53961,0.217475,0.302241,1,13
-1.26619,0.179755,0.342676,1,15
-0.573702,0.0821607,-0.155291,12,0
-0.61019,0.0877122,-0.119828,15,2
-0.61128,0.0884135,-0.0540366,10,5
-1.54467,0.223691,0.303386,2,13
-1.31529,0.191177,0.356135,1,15
-0.573412,0.0841628,-0.155291,12,0
-0.613765,0.0904139,-0.120591,15,2
-0.599142,0.0887941,-0.0529907,10,5
-1.53421,0.227374,0.301478,2,13
-0.62825,0.0932201,-0.0332857,14,6
-1.29933,0.193491,0.351994,1,15
-0.57313,0.0860639,-0.155291,12,0
-0.524153,0.0788964,-0.122373,15,1
-0.594048,0.0895231,-0.116775,16,2
-0.646122,0.0979474,-0.0571742,9,5
-1.51982,0.230665,0.298807,2,13
-1.31393,0.200355,0.356135,1,15
-0.574329,0.0886029,-0.112959,16,2
-0.630025,0.0977582,-0.0557797,9,5
-1.50155,0.233257,0.295372,2,13
-1.29795,0.202557,0.351994,1,15
-0.572515,0.090063,-0.155291,12,0
-0.612801,0.0967292,-0.120591,15,2
-0.598196,0.094959,-0.0529907,10,5
-1.50848,0.23973,0.296899,1,13
-1.32398,0.211119,0.359241,1,15
-0.593095,0.0956354,-0.116775,16,2
-0.613612,0.0994933,-0.0543852,9,5
-1.5038,0.244101,0.296136,1,13
-1.33852,0.217992,0.363382,1,15
-0.612146,0.100791,-0.120591,15,2
-0.609347,0.100877,-0.0540366,10,5
-1.29587,0.215459,0.351994,1,15
-0.571574,0.0958537,-0.155291,12,0
-0.607918,0.102276,-0.119828,15,2
-0.620778,0.104997,-0.0550824,9,5
-1.31035,0.222569,0.356135,1,15
-0.571253,0.0977486,-0.155291,12,0
-0.591578,0.101439,-0.13857,13,1
-0.623056,0.106948,-0.122881,15,2
-0.632188,0.109198,-0.0561283,9,5
-0.570891,0.0998417,-0.155291,12,0
-0.583542,0.102159,-0.13677,13,1
-0.653599,0.114659,-0.128987,13,2
-0.616106,0.108636,-0.0547338,9,5
-0.570539,0.101834,-0.155291,12,0
-0.575491,0.102925,-0.134971,14,1
-0.606814,0.108636,-0.119828,15,2
-0.592192,0.106552,-0.0526421,10,5
-0.570198,0.103725,-0.155291,12,0
-0.567477,0.103435,-0.133171,14,1
-0.625764,0.114172,-0.123644,14,2
-0.63103,0.115702,-0.0561283,9,5
-0.569851,0.105616,-0.155291,12,0
-0.559467,0.103893,-0.131371,14,1
-0.609941,0.113376,-0.120591,15,2
-0.63456,0.118525,-0.0564769,9,5
-0.569479,0.107604,-0.155291,12,0
-0.555272,0.10512,-0.130472,14,1
-0.655835,0.124277,-0.12975,13,2
-0.626313,0.119249,-0.0557797,9,5
-0.5691,0.109591,-0.155291,12,0
-0.574036,0.11075,-0.134971,14,1
-0.628411,0.121354,-0.124407,14,2
-0.641541,0.12447,-0.0571742,9,5
-0.585139,0.114906,-0.13767,13,1
-0.608741,0.119651,-0.120591,15,2
-0.621578,0.122738,-0.0554311,9,5
-0.56836,0.113363,-0.155291,12,0
-0.573289,0.114555,-0.134971,14,1
-0.631442,0.126289,-0.125171,14,2
-0.613354,0.123228,-0.0547338,9,5
-0.567961,0.115346,-0.155291,12,0
-0.557609,0.113447,-0.131371,14,1
-0.623302,0.126926,-0.123644,14,2
-0.597304,0.122174,-0.0533393,10,5
-1.2073,0.248044,0.330253,1,15
-0.567555,0.117328,-0.155291,12,0
-0.580108,0.120135,-0.13677,13,1
-0.630545,0.130694,-0.125171,14,2
-0.575418,0.119792,-0.0514219,21,5
-0.567142,0.119309,-0.155291,12,0
-0.579685,0.122159,-0.13677,13,1
-0.618559,0.130463,-0.122881,15,2
-0.58864,0.12469,-0.0526421,20,5
-1.20554,0.256466,0.330253,1,15
-0.566743,0.121189,-0.155291,12,0
-0.586899,0.125713,-0.13857,13,1
-0.606605,0.130045,-0.120591,15,2
-0.549268,0.118254,-0.0491558,45,5
-0.980092,0.211366,-0.0525453,2,6
-1.16692,0.252297,0.3199,1,15
-0.566317,0.123166,-0.155291,12,0
-0.563608,0.122783,-0.133171,14,1
-0.636839,0.138853,-0.126697,14,2
-0.568315,0.124432,-0.050899,32,5
-0.987151,0.216497,-0.052964,2,6
-1.16603,0.256369,0.3199,1,15
-0.565883,0.125143,-0.155291,12,0
-0.566981,0.125593,-0.134071,14,1
-0.567348,0.125778,-0.112959,16,2
-0.567877,0.126415,-0.050899,21,5
-0.98639,0.219942,-0.052964,2,6
-1.22551,0.273709,0.336465,1,15
-0.574166,0.129183,-0.13587,13,1
-0.662667,0.149338,-0.13204,13,2
-0.563546,0.127517,-0.0505503,21,5
-0.981759,0.222329,-0.0527546,2,6
-1.27353,0.289105,0.349923,2,15
-0.577511,0.132056,-0.13677,13,1
-0.58448,0.134293,-0.0524678,20,5
-1.0238,0.235609,-0.0550574,2,6
-1.29134,0.297891,0.3551,7,15
-0.592232,0.137599,-0.140369,13,1
-0.591768,0.138144,-0.053165,20,5
-1.03464,0.24191,-0.0556855,2,6
-1.27336,0.29843,0.350441,11,15
-0.580369,0.136979,-0.13767,13,1
-0.587405,0.13929,-0.0528164,20,5
-0.991036,0.235367,-0.0533827,2,6
-1.17168,0.278485,0.27804,1,14
-1.29492,0.308015,0.356653,9,15
-0.576121,0.137995,-0.13677,13,1
-0.756,0.18136,-0.151121,9,2
-0.637278,0.153467,-0.0573485,18,5
-1.06123,0.255563,0.21218,1,13
-1.01743,0.245204,-0.0548481,2,6
-1.14423,0.275973,0.271741,1,14
-1.3051,0.315255,0.359758,4,15
-0.568062,0.138163,-0.134971,14,1
-0.646443,0.157944,-0.05822,17,5
-1.06033,0.259266,0.21218,1,13
-0.90405,0.22122,-0.0487771,4,6
-1.18495,0.289956,0.281639,1,14
-1.31906,0.32326,0.3639,1,15
-0.582736,0.143781,-0.13857,13,1
-0.645915,0.160087,-0.05822,17,5
-0.934327,0.231915,-0.0504519,3,6
-1.26909,0.315009,0.301884,5,14
-0.562267,0.140502,-0.155291,12,0
-0.703245,0.175991,-0.167364,9,1
-0.629568,0.158137,-0.0797026,11,4
-0.643449,0.161743,-0.0580457,17,5
-1.12713,0.283534,0.225918,1,13
-1.27555,0.321342,0.303684,10,14
-0.608214,0.154354,-0.144868,12,1
-0.609804,0.155324,-0.0772652,11,4
-0.646741,0.164973,-0.0583943,17,5
-1.0577,0.269801,0.21218,1,13
-1.28203,0.327499,0.305484,11,14
-0.561297,0.144325,-0.155291,12,0
-0.60157,0.155465,-0.0762902,11,4
-1.09584,0.283403,0.179274,1,12
-0.657735,0.170224,-0.0594402,17,5
-1.29408,0.335395,0.308633,8,14
-0.560765,0.146382,-0.155291,12,0
-0.752139,0.196759,-0.151121,9,2
-0.593343,0.15555,-0.0753153,12,4
-0.655209,0.172013,-0.0592659,17,5
-1.15068,0.302306,0.231261,1,13
-1.29473,0.340631,0.309083,1,14
-0.606536,0.16082,-0.144868,12,1
-0.751447,0.199383,-0.151121,9,2
-0.585095,0.155682,-0.0743403,12,4
-1.08996,0.290221,0.178648,1,12
-0.675783,0.179938,-0.0611833,16,5
-1.17618,0.313397,0.236603,1,13
-17.537,4.67935,4.19039,3,14
-0.573049,0.15462,-0.0728779,12,4
-1.09276,0.295053,0.179274,1,12
-0.642451,0.173467,-0.05822,17,5
-1.19782,0.323646,0.241183,2,13
-17.5074,4.73697,4.18724,24,14
-0.62796,0.171202,-0.150267,12,1
-0.700792,0.191189,-0.141199,11,2
-0.587824,0.16081,-0.0748278,12,4
-1.0651,0.291378,0.174894,1,12
-0.668745,0.183073,-0.0606604,8,5
-1.2213,0.334568,0.246144,7,13
-17.4908,4.79806,4.18724,33,14
-0.593578,0.163944,-0.142169,13,1
-0.700121,0.193634,-0.141199,11,2
-0.594939,0.164879,-0.0758027,12,4
-1.09834,0.304596,0.180525,1,12
-0.725697,0.20139,-0.0658897,6,5
-1.23154,0.341767,0.248433,12,13
-17.4917,4.86073,4.19129,12,14
-0.581742,0.162863,-0.13947,13,1
-0.699475,0.195955,-0.141199,11,2
-0.5791,0.162559,-0.0738528,12,4
-1.06309,0.298621,0.174894,1,12
-1.24923,0.351379,0.25225,12,13
-17.4342,4.90709,4.18139,27,14
-0.596197,0.169044,-0.143069,25,1
-0.624384,0.177507,-0.0797026,11,4
-1.10389,0.314036,0.181777,1,12
-18.113,5.15961,3.66086,7,13
-16.5576,4.71967,3.97488,11,14
-0.606872,0.174247,-0.145768,25,1
-0.62376,0.179685,-0.0797026,11,4
-1.13886,0.328283,0.187721,2,12
-18.0844,5.21638,3.65857,18,13
-16.5785,4.78826,3.98388,22,14
-0.602518,0.175276,-0.144868,25,1
-1.17183,0.342224,0.193353,6,12
-17.3621,5.08033,4.17644,33,14
-0.9572,0.281901,0.0174175,1,8
-0.601902,0.177378,-0.144868,25,1
-1.20662,0.356959,0.199298,11,12
-17.8179,5.27452,3.61201,16,13
-17.2584,5.11543,4.15575,14,14
-0.601279,0.179478,-0.144868,25,1
-1.21483,0.364004,0.200862,11,12
-16.0843,4.82247,3.26398,33,13
-17.2591,5.18125,4.16024,33,14
-0.955259,0.28841,0.0174175,1,8
-0.611874,0.184852,-0.147568,24,1
-0.575629,0.174451,-0.0738528,12,4
-1.21935,0.369538,0.2018,9,12
-16.0814,4.87977,3.26665,14,13
-17.2642,5.24525,4.16564,33,14
-16.5111,5.01959,4.62406,16,15
-0.954298,0.291576,0.0174175,1,8
-0.60753,0.185741,-0.146668,24,1
-1.11979,0.343209,0.143806,2,11
-0.57315,0.175776,-0.0736091,25,4
-16.9017,5.18672,2.80018,15,12
-16.1383,4.95554,3.28153,46,13
-15.6,4.79622,3.76793,7,14
-16.4842,5.07436,4.62147,16,15
-0.953274,0.294905,0.0174175,1,8
-0.605017,0.187284,-0.146218,25,1
-0.711297,0.220591,-0.117952,10,3
-1.1129,0.34535,0.143075,4,11
-0.55547,0.172478,-0.0714154,13,4
-16.9485,5.26266,2.81081,15,12
-16.2447,5.05031,3.30672,17,13
-15.5907,4.85296,3.76973,10,14
-0.855382,0.266258,-0.0156374,3,7
-16.5522,5.15542,4.64528,19,15
-0.883589,0.276561,0.0161609,2,8
-0.598813,0.187542,-0.144868,25,1
-0.8048,0.252518,-0.133595,7,3
-1.15531,0.362715,0.148681,10,11
-16.7831,5.27558,2.78641,27,12
-27.0095,8.49534,5.5037,32,13
-0.918275,0.289002,-0.0504519,3,6
-17.186,5.41213,4.15979,21,14
-0.923108,0.290878,-0.0168939,2,7
-15.5631,4.90702,4.37249,8,15
-0.951245,0.301387,0.0174175,1,8
-0.588867,0.186686,-0.142619,26,1
-0.741057,0.235077,-0.151121,9,2
-0.736137,0.233799,-0.122332,9,3
-1.16728,0.370954,0.150387,20,11
-15.0016,4.77031,2.49325,38,12
-15.499,4.93445,3.16171,10,13
-16.844,5.36911,4.08151,25,14
-0.922139,0.293937,-0.0168939,2,7
-15.5743,4.96741,4.38025,15,15
-0.900729,0.288672,0.01651,2,8
-0.616079,0.197564,-0.149367,24,1
-0.740232,0.237662,-0.151121,9,2
-1.0395,0.333949,0.0955227,1,10
-0.735357,0.236239,-0.122332,9,3
-1.18494,0.380898,0.152824,20,11
-15.0826,4.85412,2.50952,48,12
-15.5498,5.00748,3.17544,18,13
-0.871626,0.281191,-0.0159864,2,7
-15.487,4.9992,4.36058,20,15
-0.949171,0.307855,0.0174175,1,8
-0.6228,0.20212,-0.151167,11,1
-1.06492,0.346013,0.0979631,1,10
-0.689442,0.224146,-0.114823,11,3
-1.17794,0.383189,0.152093,4,11
-15.0487,4.90123,2.50671,47,12
-15.7469,5.13169,3.21933,59,13
-0.91525,0.298443,-0.0504519,3,6
-16.8941,5.51205,4.10266,54,14
-0.920064,0.300368,-0.0168939,2,7
-15.3924,5.02803,4.33884,23,15
-0.898691,0.294953,0.01651,2,8
-0.603576,0.198212,-0.146668,12,1
-1.07128,0.352218,0.0986603,2,10
-0.613598,0.201859,-0.102308,14,3
-14.3624,4.72766,1.85656,24,11
-14.9977,4.9426,2.50107,45,12
-15.6077,5.14666,3.19452,16,13
-0.914203,0.301636,-0.0504519,3,6
-16.8692,5.56915,4.10131,31,14
-0.91901,0.303578,-0.0168939,2,7
-15.3307,5.06718,4.32642,13,15
-0.946999,0.314474,0.0174175,1,8
-0.595483,0.19786,-0.144868,12,1
-1.0652,0.353931,0.0588256,1,9
-0.737745,0.245272,-0.151121,9,2
-1.11919,0.372306,0.103192,5,10
-0.68786,0.228954,-0.114823,11,3
-14.3966,4.7947,1.86314,44,11
-17.2957,5.76357,2.88747,26,12
-15.4872,5.16694,3.17354,13,13
-0.844943,0.282058,-0.0466837,5,6
-16.8053,5.61319,4.09051,40,14
-0.917998,0.306624,-0.0168939,2,7
-15.2075,5.08247,4.2964,25,15
-0.587435,0.197351,-0.143069,12,1
-1.06396,0.357648,0.0588256,1,9
-0.736885,0.247846,-0.151121,9,2
-1.14621,0.385743,0.105807,13,10
-0.642165,0.216112,-0.107314,13,3
-14.4107,4.85255,1.86704,61,11
-16.5941,5.59421,2.77358,53,12
-0.912128,0.307851,-0.0504519,3,6
-16.7644,5.6614,4.08511,54,14
-0.894189,0.302144,-0.0164751,2,7
-15.241,5.15285,4.31089,13,15
-0.623645,0.211942,-0.152067,11,1
-1.0627,0.361359,0.0588256,1,9
-1.15436,0.392751,0.106679,16,10
-0.648886,0.220899,-0.108566,12,3
-14.3937,4.90282,1.86704,45,11
-16.7128,5.69929,2.79674,13,12
-15.4108,5.25829,3.16514,21,13
-0.911048,0.311033,-0.0504519,3,6
-16.6616,5.69154,4.06487,20,14
-0.915835,0.313025,-0.0168939,2,7
-15.2485,5.21477,4.31814,18,15
-0.604472,0.207782,-0.147568,12,1
-1.0501,0.361169,0.0581976,1,9
-0.735181,0.252856,-0.151121,9,2
-1.14544,0.394184,0.105981,12,10
-0.633169,0.218018,-0.106063,13,3
-14.4647,4.98342,1.87849,61,11
-15.2064,5.24489,2.54769,22,12
-15.4481,5.33126,3.17659,18,13
-0.853321,0.294655,-0.0473117,5,6
-16.5863,5.73058,4.05137,17,14
-0.929857,0.321446,-0.0171732,1,7
-15.117,5.22881,4.28604,11,15
-0.625831,0.21757,-0.152967,11,1
-1.09417,0.38039,0.0607097,2,9
-0.734293,0.255421,-0.151121,9,2
-1.13842,0.396216,0.105458,2,10
-0.658521,0.229321,-0.110443,12,3
-14.7134,5.12663,1.91311,49,11
-16.7595,5.84283,2.81113,52,12
-19.2645,6.72368,3.96616,22,13
-0.871143,0.304217,-0.0483584,4,6
-22.5594,7.87811,5.5167,37,14
-0.913683,0.319251,-0.0168939,2,7
-15.5846,5.4485,4.42374,35,15
-0.606721,0.213184,-0.148468,12,1
-1.13059,0.397258,0.0628032,4,9
-0.733442,0.257854,-0.151121,9,2
-17.2801,6.0785,1.60262,77,10
-0.63167,0.222322,-0.106063,13,3
-14.7038,5.17804,1.91408,53,11
-16.6264,5.85832,2.79204,23,12
-0.870129,0.307104,-0.0483584,4,6
-22.4909,7.93796,5.50635,50,14
-0.942789,0.332933,-0.0174524,1,7
-15.674,5.53812,4.45428,11,15
-0.60601,0.215195,-0.148468,12,1
-1.1161,0.396327,0.0620705,10,9
-0.688184,0.24451,-0.141962,11,2
-17.0008,6.04367,1.57856,23,10
-0.608596,0.216472,-0.102308,14,3
-14.7595,5.25273,1.92359,24,11
-16.7111,5.95053,2.80956,34,12
-0.897124,0.319628,-0.0833209,2,5
-15.9518,5.68645,3.29184,19,13
-0.869106,0.309987,-0.0483584,4,6
-16.254,5.80059,3.98433,19,14
-0.911546,0.325304,-0.0168939,2,7
-0.627304,0.225101,-0.153867,11,1
-1.13162,0.406294,0.0630125,14,9
-0.73167,0.262841,-0.151121,9,2
-16.1077,5.78961,1.49751,71,10
-14.7607,5.30836,1.92602,20,11
-14.4487,5.20186,2.43224,47,12
-0.802279,0.288996,-0.0746053,4,5
-15.7906,5.68809,3.26245,6,13
-0.849284,0.306096,-0.0473117,5,6
-21.0596,7.5944,5.16848,42,14
-0.910405,0.328484,-0.0168939,2,7
-16.0829,5.80606,4.58161,33,15
-0.608195,0.220644,-0.149367,12,1
-1.13208,0.410923,0.0631172,13,9
-0.653286,0.237131,-0.135093,12,2
-16.066,5.83483,1.49542,42,10
-14.7122,5.349,1.92212,45,11
-14.4509,5.25969,2.43568,50,12
-0.801316,0.291655,-0.0746053,4,5
-0.942039,0.343246,-0.0525453,2,6
-15.7528,5.74289,3.87096,21,14
-0.916767,0.334401,-0.0170335,4,7
-16.244,5.92839,4.63338,11,15
-1.00449,0.368186,0.0186741,1,8
-0.611081,0.224108,-0.150267,12,1
-1.15126,0.42244,0.0642686,10,9
-0.652454,0.23941,-0.135093,12,2
-16.1858,5.94238,1.50849,13,10
-14.8574,5.46058,1.94357,45,11
-14.4918,5.33193,2.4457,60,12
-0.826471,0.304082,-0.0770457,4,5
-16.7362,6.16104,3.46662,17,13
-0.933338,0.343772,-0.0521266,2,6
-14.9976,5.52695,3.6901,19,14
-0.938109,0.3459,-0.0174524,3,7
-15.0016,5.53439,4.28449,22,15
-1.0482,0.388364,0.0195118,1,8
-0.570096,0.211337,-0.140369,13,1
-17.3066,6.41907,0.967378,13,9
-0.66634,0.247148,-0.138146,24,2
-27.2267,10.1039,2.54076,29,10
-14.8457,5.51517,1.94455,33,11
-14.7656,5.49127,2.49513,55,12
-0.825405,0.306965,-0.0770457,4,5
-16.871,6.27761,3.49906,30,13
-0.88721,0.330303,-0.0496145,3,6
-14.9198,5.5575,3.6757,30,14
-0.959381,0.357553,-0.0178713,3,7
-1.06931,0.400436,0.0199306,6,8
-0.587603,0.220163,-0.144868,12,1
-16.3247,6.11979,0.913681,11,9
-0.65812,0.246716,-0.136619,25,2
-15.6645,5.87541,1.46369,12,10
-20.0076,7.5124,2.62409,12,11
-0.795347,0.298793,-0.10432,5,4
-14.6298,5.49899,2.47542,37,12
-0.816868,0.30704,-0.0763484,4,5
-16.9647,6.38001,3.5231,30,13
-0.878575,0.330584,-0.0491958,4,6
-14.9623,5.63289,3.691,64,14
-0.935671,0.352441,-0.0174524,1,7
-14.9698,5.64171,4.28656,13,15
-1.09035,0.41266,0.0203495,11,8
-16.196,6.13286,0.90761,12,9
-0.642568,0.243447,-0.133566,26,2
-15.6476,5.93146,1.46404,34,10
-15.089,5.72573,1.9816,4,11
-14.5746,5.53346,2.46916,42,12
-0.826966,0.314135,-0.0773943,3,5
-15.0448,5.71799,3.1285,43,13
-0.873682,0.332229,-0.0489865,4,6
-14.866,5.65598,3.6721,52,14
-0.975615,0.371186,-0.0182203,1,7
-20.7394,7.89472,5.94611,16,15
-1.09644,0.419129,0.0204891,12,8
-16.1278,6.17152,0.904993,25,9
-0.652715,0.249901,-0.135856,25,2
-20.1014,7.70012,1.88326,8,10
-14.7437,5.6507,1.9387,28,11
-14.5681,5.58925,2.47135,9,12
-0.837025,0.321304,-0.0784402,3,5
-14.8315,5.69327,3.08805,31,13
-0.906136,0.348014,-0.0508706,6,6
-14.7544,5.6696,3.64916,16,14
-1.01911,0.391812,-0.019058,1,7
-21.2057,8.15711,6.08794,21,15
-1.09124,0.421513,0.0204193,6,8
-17.1356,6.6224,0.962772,34,9
-0.659207,0.254896,-0.137382,12,2
-15.605,6.03712,1.46387,18,10
-14.6757,5.6835,1.93236,78,11
-0.792228,0.306967,-0.10432,5,4
-15.056,5.8338,2.55739,13,12
-0.83224,0.322637,-0.0780915,3,5
-14.8884,5.77482,3.10408,16,13
-0.942155,0.365627,-0.052964,4,6
-14.8054,5.74857,3.6667,47,14
-1.05882,0.411113,-0.0198259,1,7
-16.0825,6.24766,4.62303,50,15
-15.0603,5.87478,0.282171,21,8
-0.680257,0.265768,-0.141962,11,2
-14.836,5.79923,1.39362,59,10
-14.6198,5.71767,1.92749,24,11
-0.791205,0.309592,-0.10432,5,4
-15.0963,5.91008,2.56772,26,12
-0.827398,0.324087,-0.0777429,3,5
-14.9807,5.86784,3.12736,16,13
-0.924201,0.36219,-0.0520219,4,6
-14.7808,5.7955,3.66535,47,14
-1.0704,0.419918,-0.0200703,6,7
-21.2091,8.32455,6.10502,15,15
-15.1029,5.95224,0.283357,56,8
-18.1139,7.14257,1.02045,4,9
-0.686677,0.270905,-0.143488,11,2
-14.5665,5.74964,1.37009,66,10
-14.7105,5.81244,1.94211,45,11
-0.790174,0.312214,-0.10432,5,4
-16.3056,6.44595,2.77702,22,12
-0.859668,0.34002,-0.0808805,3,5
-15.0605,5.95983,3.14835,23,13
-0.947073,0.374972,-0.0533827,4,6
-14.7887,5.85525,3.6721,47,14
-1.07272,0.424938,-0.0201401,12,7
-14.8183,5.87297,4.27103,6,15
-15.254,6.07032,0.286568,29,8
-18.2664,7.27278,1.03039,5,9
-0.67848,0.270274,-0.141962,11,2
-14.5011,5.77948,1.36573,93,10
-14.7225,5.87369,1.94625,24,11
-0.789135,0.314833,-0.10432,5,4
-15.02,5.99543,2.56146,6,12
-0.854835,0.34139,-0.0805319,3,5
-12.7381,5.0897,2.66637,10,13
-0.942115,0.376628,-0.0531733,6,6
-14.9356,5.97081,3.71349,30,14
-1.08431,0.433692,-0.0203844,18,7
-14.7037,5.88404,4.2436,5,15
-14.8868,5.98145,0.280041,78,8
-17.4979,7.03765,0.988417,10,9
-0.666651,0.268127,-0.139672,23,2
-14.5207,5.84315,1.36939,72,10
-14.3715,5.78898,1.90238,61,11
-0.824855,0.332426,-0.109195,4,4
-0.864785,0.348694,-0.0815778,5,5
-0.959381,0.387226,-0.0542201,4,6
-15.0141,6.06304,3.73824,30,14
-1.09206,0.441219,-0.0205589,12,7
-14.4467,5.83976,4.17527,15,15
-14.8473,6.02586,0.279692,68,8
-25.082,10.1898,1.41883,42,9
-0.669349,0.27193,-0.140435,23,2
-14.5518,5.91481,1.37427,33,10
-14.331,5.83088,1.8997,49,11
-0.786918,0.320334,-0.10432,5,4
-15.4334,6.28567,2.63936,58,12
-0.882015,0.359226,-0.0833209,4,5
-12.6686,5.16221,2.65911,45,13
-0.976518,0.398112,-0.0552668,4,6
-15.2707,6.22876,3.80752,22,14
-1.13309,0.462407,-0.0213617,1,7
-14.385,5.87335,4.16336,40,15
-14.8984,6.10723,0.281054,66,8
-22.7179,9.31728,1.28684,12,9
-0.701089,0.28768,-0.147305,10,2
-14.6048,5.99584,1.38124,96,10
-15.4893,6.36528,2.05618,35,11
-0.829858,0.341196,-0.11017,3,4
-0.875228,0.360028,-0.082798,5,5
-12.7104,5.23106,2.67171,38,13
-1.01945,0.419769,-0.0577789,4,6
-15.4975,6.38446,3.86961,26,14
-23.4668,9.66752,-0.443012,9,7
-16.4213,6.76836,4.75916,10,15
-15.146,6.26747,0.286115,74,8
-16.0387,6.64345,0.909808,38,9
-0.696453,0.288623,-0.146541,10,2
-14.5838,6.04678,1.38124,24,10
-19.436,8.06259,2.58363,48,11
-0.828722,0.343946,-0.11017,3,4
-15.3154,6.35952,2.62653,15,12
-0.912605,0.379133,-0.0864585,3,5
-12.7673,5.30406,2.68735,58,13
-1.04571,0.434646,-0.059349,12,6
-15.3971,6.40289,3.84981,28,14
-18.0953,7.52865,-0.342102,36,7
-14.7799,6.15228,4.28967,11,15
-15.0852,6.30411,0.285382,17,8
-15.9447,6.66656,0.905726,42,9
-0.69187,0.289415,-0.145778,10,2
-15.0195,6.28587,1.42447,28,10
-0.827231,0.346377,-0.142043,5,3
-21.2698,8.91045,2.83151,29,11
-0.849486,0.356044,-0.113095,3,4
-0.922367,0.38678,-0.0875044,2,5
-12.8917,5.4086,2.7175,18,13
-1.05524,0.442932,-0.059977,22,6
-15.1501,6.36228,3.79357,20,14
-17.2627,7.24949,-0.326814,44,7
-13.7549,5.77921,3.99772,13,15
-18.1154,7.64108,0.343184,10,8
-15.8514,6.69265,0.901749,51,9
-0.716175,0.302524,-0.151121,9,2
-14.8561,6.27853,1.41105,40,10
-0.778769,0.329125,-0.133908,6,3
-14.9908,6.33853,1.99841,46,11
-0.8483,0.358859,-0.113095,3,4
-15.0917,6.38739,2.59556,27,12
-0.921011,0.389998,-0.0875044,5,5
-12.8394,5.43677,2.71025,20,13
-1.06112,0.449545,-0.0603957,22,6
-15.1056,6.4026,3.78773,35,14
-24.7799,10.5082,-0.469819,20,7
-14.2611,6.05053,4.15094,18,15
-14.755,6.2844,0.279937,13,8
-0.715167,0.304897,-0.151121,9,2
-18.0094,7.68165,1.71296,17,10
-0.777616,0.331842,-0.133908,6,3
-14.9266,6.37289,1.99281,46,11
-0.83974,0.358699,-0.11212,3,4
-16.5818,7.083,2.85587,15,12
-0.956354,0.408709,-0.0909906,5,5
-1.06138,0.454032,-0.0605004,8,6
-19.6283,8.40054,4.92913,55,14
-17.2387,7.37784,-0.327302,81,7
-14.8696,6.36697,4.33418,6,15
-14.69,6.31435,0.279099,43,8
-14.6295,6.29441,0.834654,38,9
-15.3511,6.61121,1.4623,40,10
-0.776511,0.334419,-0.133908,6,3
-14.7668,6.36265,1.97428,46,11
-0.834901,0.35991,-0.111632,3,4
-16.7148,7.20891,2.88309,16,12
-0.962239,0.415202,-0.0916878,5,5
-12.6615,5.46337,2.68048,15,13
-17.4824,7.54718,-0.997942,21,6
-14.8935,6.43264,3.74544,30,14
-17.2404,7.44986,-0.327826,81,7
-12.2974,5.31645,3.58982,36,15
-14.5598,6.32475,0.831932,20,9
-14.7388,6.40557,1.406,15,10
-0.81157,0.35288,-0.140165,5,3
-14.8101,6.44267,1.98306,46,11
-0.855481,0.372329,-0.114557,2,4
-1.0047,0.437481,-0.0958713,6,5
-19.597,8.53731,4.15506,19,13
-17.4028,7.58502,-0.994907,14,6
-14.962,6.52431,3.76838,27,14
-15.9001,6.93667,-0.302799,24,7
-11.6785,5.09737,3.41434,12,15
-21.7961,9.54968,0.415367,38,8
-14.695,6.44452,0.840934,13,9
-14.6835,6.44257,1.40286,15,10
-0.803098,0.352535,-0.138914,5,3
-14.633,6.42647,1.96234,34,11
-0.854176,0.375313,-0.114557,2,4
-15.3223,6.73557,2.65094,20,12
-1.03964,0.457021,-0.0993576,13,5
-13.6959,6.02349,2.90831,10,13
-17.4475,7.67709,-0.998989,39,6
-12.0034,5.28413,3.02784,14,14
-15.8557,6.98326,-0.302415,38,7
-11.6872,5.14979,3.42211,11,15
-17.7869,7.8672,0.339484,23,8
-14.8653,6.57807,0.851925,8,9
-13.3912,5.93139,1.28136,11,10
-0.79825,0.353736,-0.138288,5,3
-14.6794,6.50808,1.9716,17,11
-0.892851,0.395843,-0.119919,3,4
-15.2908,6.78234,2.64937,16,12
-1.03076,0.457415,-0.0986603,17,5
-15.8801,7.05366,-0.910646,100,6
-11.9805,5.32153,3.02649,38,14
-12.2455,5.44437,3.59086,41,15
-22.0611,9.84533,0.421685,2,8
-18.723,8.36737,1.79419,30,10
-0.771826,0.345093,-0.133908,6,3
-14.5037,6.48783,1.95088,17,11
-0.895158,0.400423,-0.120407,6,4
-14.4569,6.46989,2.50858,32,12
-1.02924,0.46083,-0.0986603,10,5
-13.5829,6.08447,2.89305,20,13
-15.8365,7.0973,-0.909494,55,6
-15.37,6.88823,3.8885,21,14
-16.8582,7.5587,-0.322486,100,7
-11.7973,5.29202,3.46455,36,15
-17.9276,8.07201,0.343184,4,8
-14.9452,6.7323,0.859043,12,9
-23.5774,10.6307,2.26274,42,10
-0.788684,0.355773,-0.137037,6,3
-14.4713,6.53099,1.94942,8,11
-0.938985,0.423968,-0.1265,4,4
-14.4839,6.53975,2.51703,15,12
-15.8858,7.17605,-1.52505,25,5
-13.6128,6.15212,2.90373,23,13
-13.9557,6.31295,3.53623,24,14
-18.1139,8.19395,-0.347024,100,7
-11.7867,5.3343,3.46662,12,15
-23.501,10.6754,0.450551,72,8
-14.7197,6.69267,0.847424,28,9
-13.4593,6.12524,1.29374,5,10
-0.785702,0.357568,-0.136724,12,3
-15.5733,7.09058,2.10103,27,11
-0.961058,0.437777,-0.129669,7,4
-14.4341,6.57798,2.51234,8,12
-15.8607,7.23146,-1.52505,50,5
-13.4137,6.11578,2.86557,35,13
-27.5952,12.5991,-0.529506,22,7
-12.3075,5.62183,3.62554,25,15
-14.5692,6.6857,0.840097,18,9
-23.4683,10.7743,2.25925,12,10
-0.793425,0.364431,-0.138288,11,3
-26.84,12.3337,3.62683,23,11
-0.99199,0.456055,-0.134056,13,4
-16.3729,7.53414,-1.57682,27,5
-15.3118,7.04912,3.27657,14,13
-16.9236,7.79474,-0.976484,54,6
-23.4048,10.7848,-0.449818,100,7
-12.3352,5.68659,3.63951,9,15
-15.7189,7.27646,0.302346,15,8
-14.6624,6.79363,0.846901,5,9
-12.9589,6.00705,1.24964,30,10
-0.79746,0.36983,-0.139227,11,3
-19.2766,8.94382,2.60922,49,11
-1.00111,0.464702,-0.135519,29,4
-14.4475,6.70938,2.52298,30,12
-16.3903,7.61509,-1.58118,37,5
-12.5086,5.81424,2.68125,36,13
-16.808,7.81629,-0.97146,76,6
-11.6288,5.40776,2.96081,40,14
-25.9179,12.0582,-0.498964,51,7
-27.3715,12.7926,0.527377,14,8
-14.6079,6.83039,0.845121,15,9
-12.9566,6.0638,1.25156,35,10
-0.8122,0.380289,-0.142043,10,3
-16.1572,7.56857,2.19072,27,11
-1.00308,0.469878,-0.136006,20,4
-14.4348,6.76481,2.52485,43,12
-12.4349,5.83286,2.6698,28,13
-16.7011,7.83758,-0.966855,29,6
-11.6116,5.44915,2.96126,46,14
-27.2858,12.8106,-0.526155,22,7
-13.9238,6.54018,4.12195,11,15
-27.025,12.7401,0.521513,17,8
-12.9418,6.10928,1.25208,24,10
-0.816293,0.385511,-0.142981,14,3
-16.053,7.58479,2.18,23,11
-1.01588,0.479986,-0.137956,10,4
-14.214,6.71893,2.49012,31,12
-14.3046,6.76482,-1.38438,10,5
-12.4882,5.90849,2.68545,10,13
-18.2835,8.65427,-1.06012,7,6
-11.5283,5.45678,2.94461,19,14
-17.9374,8.49428,-0.34643,79,7
-11.9782,5.67484,3.55152,24,15
-28.3768,13.4925,0.548459,4,8
-15.5101,7.38465,1.50291,58,10
-0.832844,0.396711,-0.14611,16,3
-23.3965,11.1495,3.18225,9,11
-1.0142,0.483529,-0.137956,9,4
-13.5266,6.44893,2.37342,10,12
-16.8573,8.04051,-1.634,38,5
-20.5383,9.80507,-1.19274,40,6
-18.0535,8.62267,-0.349223,100,7
-11.9889,5.72869,3.56031,12,15
-26.0023,12.4694,0.503362,3,8
-15.5148,7.45342,1.50588,45,10
-0.845768,0.406314,-0.148613,14,3
-15.8091,7.59822,2.15368,18,11
-1.02153,0.49119,-0.139175,9,4
-16.8507,8.10967,-1.63609,3,5
-12.4258,5.98011,2.68048,21,13
-20.5147,9.87746,-1.19326,20,6
-11.8714,5.72352,3.53133,12,15
-25.9461,12.554,0.503118,13,8
-14.9624,7.24276,0.871184,4,9
-0.699715,0.338858,-0.151121,9,2
-15.3394,7.43185,1.49123,26,10
-0.863898,0.418741,-0.152054,13,3
-15.8111,7.66722,2.15757,4,11
-13.7523,6.6718,-1.87679,53,4
-13.5001,6.54948,2.37655,25,12
-18.3938,8.9276,-1.78878,20,5
-12.4543,6.04746,2.69117,8,13
-20.1244,9.7762,-1.17253,24,6
-25.6363,12.4594,-0.497533,10,7
-13.6696,6.64646,4.07278,13,15
-25.8162,12.597,0.501408,3,8
-16.3027,7.96195,0.95084,4,9
-0.698528,0.341299,-0.151121,9,2
-12.4619,6.09153,1.21356,21,10
-0.871378,0.425941,-0.153619,14,3
-13.7318,6.71825,-1.87703,23,4
-12.9041,6.31607,2.2755,17,12
-19.5972,9.59634,-1.90906,19,5
-12.4412,6.09219,2.6927,30,13
-14.1604,6.93712,-0.826385,48,6
-22.7271,11.1437,-0.441825,9,7
-11.9432,5.85864,3.56446,25,15
-22.7401,11.1944,0.442418,2,8
-19.2184,9.46915,1.12282,3,9
-0.697393,0.343613,-0.151121,9,2
-0.910634,0.449075,-0.160815,17,3
-13.3025,6.56582,-1.82146,16,4
-12.8855,6.36282,2.27612,45,12
-18.5506,9.16022,-1.81005,4,5
-12.3811,6.11644,2.6843,30,13
-12.4185,6.1403,3.19835,56,14
-22.7132,11.2354,-0.442314,9,7
-11.8464,5.8626,3.54168,20,15
-1.43975,0.715635,0.0842609,1,9
-0.696189,0.346046,-0.151121,9,2
-1.4486,0.720352,0.141541,1,10
-0.944433,0.469848,-0.167072,24,3
-1.40039,0.696989,0.192066,3,11
-12.8544,6.40335,2.27456,20,12
-19.692,9.80946,-1.92475,4,5
-12.6637,6.31112,2.75032,11,13
-12.5417,6.2558,3.2357,27,14
-11.7896,5.88579,3.53081,32,15
-1.39025,0.696793,-0.359022,1,1
-1.43022,0.716826,0.0838422,3,9
-0.649347,0.325594,-0.141199,11,2
-1.41224,0.70843,0.138229,9,10
-0.960442,0.482002,-0.170201,24,3
-1.42279,0.714342,0.195478,16,11
-13.0361,6.54791,2.31054,47,12
-12.4547,6.26408,3.2186,54,14
-1.47192,0.740622,-0.0287616,1,7
-11.7045,5.89185,3.51114,10,15
-1.39401,0.704163,0.0272607,4,8
-1.34271,0.678547,-0.347324,1,1
-1.41358,0.714359,0.0830048,14,9
-0.641256,0.324202,-0.139672,11,2
-1.41166,0.714008,0.138403,16,10
-0.948263,0.479833,-0.168324,19,3
-1.42395,0.72085,0.195966,10,11
-12.9808,6.57415,2.30459,11,12
-1.43604,0.7276,-0.140844,1,5
-12.4646,6.31817,2.71636,14,13
-1.45711,0.738914,-0.0856216,1,6
-12.7537,6.46752,3.30138,24,14
-1.41774,0.719262,-0.0277493,13,7
-12.5875,6.38878,3.78238,18,15
-1.3153,0.669601,-0.395476,1,0
-1.40057,0.71332,0.0274352,22,8
-1.41832,0.722669,0.0834235,16,9
-0.580707,0.296012,-0.126697,14,2
-1.40928,0.718685,0.138403,9,10
-0.941388,0.480282,-0.167385,22,3
-1.41978,0.724665,0.195722,15,11
-1.37546,0.702344,-0.189629,4,4
-12.9853,6.63063,2.30929,26,12
-1.40346,0.71695,-0.13788,11,5
-12.7792,6.53101,2.78963,59,13
-1.4013,0.716466,-0.0824815,15,6
-11.9035,6.0887,3.08678,51,14
-1.40823,0.720316,-0.0276097,23,7
-12.5302,6.41201,3.77151,45,15
-1.36451,0.700662,-0.411005,1,0
-1.40354,0.720701,0.0275399,14,8
-1.33818,0.687437,-0.347324,1,1
-1.41934,0.729441,0.0836329,8,9
-0.604114,0.310606,-0.13204,13,2
-1.42271,0.731803,0.139972,14,10
-0.952087,0.489726,-0.169575,27,3
-1.39607,0.718713,-0.192797,13,4
-12.6899,6.53573,2.26079,42,12
-1.37969,0.710894,-0.135789,22,5
-12.5498,6.46635,2.74422,15,13
-1.38472,0.713787,-0.0816441,19,6
-11.8711,6.12188,3.08363,12,14
-1.41814,0.731646,-0.027854,10,7
-13.3248,6.87746,4.01791,19,15
-1.35875,0.703406,-0.409969,2,0
-1.40634,0.728354,0.0276446,12,8
-1.35654,0.702862,-0.352723,1,1
-1.40437,0.727957,0.0829002,21,9
-0.603081,0.312607,-0.13204,13,2
-0.959139,0.497595,-0.171139,32,3
-1.40777,0.730655,0.194747,124,11
-1.39003,0.721753,-0.19231,18,4
-15.463,8.03239,2.75982,37,12
-1.40031,0.727405,-0.138055,9,5
-12.4139,6.45127,2.71941,40,13
-1.39639,0.725988,-0.0824815,6,6
-13.4212,6.98068,3.49259,56,14
-1.40139,0.729207,-0.0275748,10,7
-13.3505,6.9498,4.03292,19,15
-1.36314,0.711722,-0.41204,2,0
-1.40733,0.735111,0.0277144,14,8
-1.37135,0.716618,-0.357222,4,1
-1.39828,0.731004,0.0826908,78,9
-0.636783,0.332902,-0.139672,11,2
-1.40887,0.736853,0.139101,100,10
-0.969648,0.50735,-0.173329,35,3
-1.39466,0.730041,0.193285,100,11
-1.38222,0.723838,-0.191579,9,4
-15.4664,8.10281,2.76545,60,12
-1.39424,0.730439,-0.137706,5,5
-11.7392,6.15279,2.5763,20,13
-1.39031,0.729002,-0.0822721,7,6
-1.39884,0.734095,-0.0275748,25,7
-13.2064,6.9335,3.99668,16,15
-1.35552,0.713775,-0.410487,2,0
-1.37114,0.722311,0.0270512,47,8
-1.37573,0.725035,-0.359022,5,1
-1.39572,0.735881,0.0826908,100,9
-0.600884,0.31681,-0.13204,13,2
-1.37986,0.727823,0.136486,100,10
-0.960883,0.507044,-0.172078,35,3
-1.40088,0.739539,0.194503,121,11
-1.37442,0.725877,-0.190847,9,4
-15.6336,8.2601,2.80049,52,12
-1.37406,0.725994,-0.135963,5,5
-1.38953,0.734785,-0.0823768,16,6
-11.6668,6.17205,3.04719,23,14
-1.37506,0.727748,-0.0271559,71,7
-13.1787,6.97775,3.99565,29,15
-1.3479,0.715784,-0.408934,2,0
-1.36861,0.727092,0.0270512,100,8
-1.37664,0.731662,-0.359922,4,1
-1.39138,0.739811,0.0825861,100,9
-0.624042,0.331809,-0.137382,12,2
-1.37731,0.732635,0.136486,100,10
-0.957363,0.509468,-0.171765,37,3
-1.39479,0.742558,0.194016,100,11
-1.37013,0.729737,-0.190604,8,4
-1.36273,0.726101,-0.135091,12,5
-11.5262,6.14409,2.5389,32,13
-11.6228,6.20081,3.04134,36,14
-1.36545,0.728777,-0.0270163,100,7
-13.0776,6.98276,3.97235,20,15
-1.33006,0.712277,-0.404275,2,0
-1.38017,0.73942,0.0273305,100,8
-1.38892,0.744421,0.0825861,100,9
-0.643643,0.345118,-0.141962,11,2
-1.3765,0.73838,0.13666,100,10
-0.948616,0.50907,-0.170514,34,3
-1.37645,0.738972,0.191822,100,11
-1.37632,0.739212,-0.191822,15,4
-13.2016,7.09049,2.37342,34,12
-11.5825,6.22612,2.55608,43,13
-1.3527,0.72744,-0.0804927,100,6
-11.6011,6.24134,3.04134,25,14
-1.38944,0.747512,-0.0275399,100,7
-13.073,7.03616,3.97805,19,15
-1.32587,0.715998,-0.403758,2,0
-1.37947,0.744943,0.0273654,100,8
-1.37577,0.743567,0.0819581,100,9
-0.618257,0.33429,-0.136619,12,2
-1.37917,0.746024,0.137183,100,10
-0.950398,0.514092,-0.171139,34,3
-1.37748,0.745422,0.19231,100,11
-13.1073,7.0989,2.36091,21,12
-1.35412,0.733699,-0.134743,100,5
-11.6395,6.30658,2.57325,50,13
-1.35555,0.734777,-0.0808067,100,6
-13.0776,7.09169,3.43455,78,14
-1.37276,0.744729,-0.0272607,100,7
-20.9267,11.3575,6.37989,16,15
-1.33367,0.725932,-0.406864,2,0
-1.36457,0.743059,0.027121,100,8
-1.34507,0.732748,-0.353623,4,1
-1.3733,0.748125,0.0819581,100,9
-0.596458,0.325065,-0.13204,13,2
-1.38019,0.752501,0.137532,100,10
-0.948598,0.517407,-0.171139,37,3
-1.37487,0.750225,0.19231,100,11
-1.35557,0.740002,-0.189629,100,4
-12.7074,6.93693,2.29302,39,12
-1.36217,0.743915,-0.135789,100,5
-11.5037,6.28505,2.54806,27,13
-1.36524,0.74621,-0.0815394,125,6
-1.37029,0.749277,-0.0272607,100,7
-20.8516,11.4065,6.3685,6,15
-1.32435,0.726865,-0.404793,2,0
-1.37437,0.754315,0.0273654,100,8
-1.3563,0.744707,-0.357222,4,1
-1.37068,0.752914,0.0819581,100,9
-0.581555,0.319581,-0.128987,13,2
-1.37057,0.753475,0.136835,100,10
-0.950339,0.522453,-0.171765,45,3
-1.37237,0.75478,0.19231,100,11
-1.35311,0.744493,-0.189629,100,4
-13.1902,7.26035,2.38469,19,12
-1.3491,0.742899,-0.134743,100,5
-12.1346,6.68207,2.6927,8,13
-1.36976,0.754588,-0.0819581,122,6
-32.6528,17.9956,8.60753,12,14
-1.36066,0.750194,-0.027121,100,7
-12.6024,6.95114,3.8564,2,15
-1.31686,0.728447,-0.40324,2,0
-1.36298,0.754267,0.0271908,100,8
-1.36733,0.756988,-0.360821,2,1
-1.37167,0.75939,0.0821675,100,9
-0.594232,0.329117,-0.13204,13,2
-1.36632,0.75705,0.13666,100,10
-0.939871,0.520979,-0.170201,60,3
-1.37147,0.760529,0.192554,121,11
-1.35745,0.753064,-0.190604,100,4
-13.2196,7.33375,2.39439,36,12
-1.33966,0.743501,-0.134046,100,5
-15.6041,8.66375,3.46929,15,13
-1.36013,0.755485,-0.0815394,125,6
-1.36515,0.758587,-0.0272607,100,7
-12.6029,7.00603,3.86365,6,15
-1.32443,0.738685,-0.406346,2,0
-1.34824,0.751964,0.0269465,100,8
-1.34609,0.751073,-0.355873,5,1
-1.37424,0.767094,0.0824815,100,9
-0.579367,0.323532,-0.128987,13,2
-1.36541,0.762787,0.136835,100,10
-0.93124,0.520239,-0.168949,60,3
-1.36027,0.76023,0.191335,100,11
-1.35148,0.755624,-0.190116,100,4
-1.34401,0.752065,-0.134743,100,5
-1.35065,0.756089,-0.0811207,131,6
-11.805,6.6111,3.12367,55,14
-1.3625,0.763348,-0.0272607,100,7
-12.6525,7.09154,3.88643,27,15
-1.32703,0.745913,-0.407899,2,0
-1.35258,0.760586,0.0270861,100,8
-1.36473,0.76773,0.0820628,100,9
-0.605665,0.340857,-0.135093,12,2
-1.36113,0.766333,0.13666,100,10
-0.927697,0.522517,-0.168636,35,3
-1.35761,0.764974,0.191335,100,11
-1.34018,0.755463,-0.188898,100,4
-12.4638,7.02586,2.26611,11,12
-1.35539,0.764347,-0.136137,100,5
-15.5875,8.79388,3.47883,37,13
-1.348,0.760799,-0.0811207,125,6
-11.6987,6.60531,3.10163,46,14
-1.35996,0.767862,-0.0272607,100,7
-12.6087,7.12206,3.88022,57,15
-1.32106,0.748636,-0.406864,2,0
-1.35353,0.76704,0.0271559,100,8
-1.32569,0.751568,-0.351823,4,1
-1.35856,0.770518,0.0818534,100,9
-0.577151,0.327468,-0.128987,13,2
-1.36365,0.77403,0.137183,100,10
-0.937985,0.532416,-0.170826,14,3
-1.35852,0.771432,0.191822,100,11
-1.33422,0.757942,-0.18841,100,4
-13.1657,7.48218,2.39845,12,12
-1.33886,0.761196,-0.134743,100,5
-15.5992,8.86881,3.48799,6,13
-1.34547,0.765265,-0.0811207,128,6
-11.7444,6.68262,3.11962,59,14
-1.33989,0.762712,-0.0269116,100,7
-12.9934,7.39929,4.00652,11,15
-1.31521,0.751096,-0.405828,2,0
-1.34737,0.769775,0.0270861,100,8
-1.35947,0.777001,0.0820628,100,9
-0.579471,0.331329,-0.12975,13,2
-1.34551,0.769644,0.135614,100,10
-1.19673,0.684816,-0.218383,6,3
-1.35582,0.77617,0.191822,100,11
-1.34018,0.767527,-0.189629,100,4
-1.33287,0.76365,-0.134394,100,5
-13.3692,7.66283,2.99532,8,13
-1.34626,0.771944,-0.0813301,128,6
-12.0422,6.90781,3.2051,60,14
-1.34429,0.771131,-0.0270512,100,7
-12.6153,7.23945,3.8973,28,15
-1.29249,0.744116,-0.399617,2,0
-1.33442,0.768253,0.0268767,100,8
-1.36194,0.784733,0.0823768,100,9
-0.57831,0.333349,-0.12975,13,2
-1.34454,0.775332,0.135789,100,10
-1.2783,0.737134,-0.233713,8,3
-1.36011,0.784629,0.192797,100,11
-1.32903,0.767006,-0.18841,100,4
-12.7979,7.3889,2.34057,36,12
-1.32674,0.766305,-0.134046,100,5
-13.1176,7.57652,2.94456,7,13
-1.34715,0.778402,-0.0815394,131,6
-1.34852,0.779823,-0.0271908,100,7
-13.1116,7.58527,4.0588,16,15
-1.30338,0.756153,-0.403758,2,0
-1.33519,0.774914,0.0269465,100,8
-1.33305,0.773986,-0.355873,5,1
-1.35401,0.786473,0.0820628,100,9
-0.587388,0.341182,-0.13204,13,2
-1.3523,0.785792,0.136835,100,10
-1.29109,0.750527,-0.236529,12,3
-1.34707,0.783384,0.191335,100,11
-1.34007,0.779627,-0.19036,100,4
-12.3675,7.19803,2.26642,52,12
-1.33095,0.774942,-0.134743,100,5
-13.4067,7.80601,3.01555,25,13
-1.32371,0.771037,-0.0802834,138,6
-12.495,7.28102,3.33872,36,14
-1.34579,0.784525,-0.0271908,100,7
-13.0717,7.62321,4.05466,16,15
-1.30227,0.761901,-0.404275,2,0
-1.33765,0.782599,0.0270512,100,8
-1.34092,0.785139,0.0814348,100,9
-0.575969,0.337379,-0.12975,13,2
-1.34941,0.790743,0.136835,100,10
-1.30196,0.763245,-0.239032,13,3
-1.34262,0.787078,0.191091,100,11
-1.31166,0.769236,-0.186704,100,4
-13.3662,7.84192,2.45446,28,12
-1.32824,0.779583,-0.134743,100,5
-12.843,7.54097,2.89495,7,13
-1.32432,0.777907,-0.0804927,138,6
-12.3993,7.28628,3.32028,9,14
-1.33959,0.787192,-0.027121,100,7
-13.1566,7.73438,4.08934,12,15
-1.30293,0.768405,-0.405311,2,0
-1.32961,0.784448,0.0269465,100,8
-0.456478,0.269423,-0.122373,15,1
-1.33975,0.791064,0.0815394,100,9
-0.595075,0.351366,-0.13433,12,2
-1.35522,0.800515,0.137706,100,10
-1.28228,0.757736,-0.235903,13,3
-1.34656,0.796034,0.192066,100,11
-1.3225,0.782122,-0.188654,100,4
-13.2881,7.86169,2.44538,42,12
-1.32537,0.784446,-0.134743,100,5
-1.33191,0.78863,-0.0811207,138,6
-12.3604,7.32158,3.31668,18,14
-1.32638,0.78598,-0.0269116,100,7
-13.1564,7.7993,4.09814,12,15
-1.28682,0.765276,-0.40117,2,0
-1.33202,0.792151,0.0270512,100,8
-1.32474,0.788134,-0.355873,5,1
-1.34556,0.800844,0.0820628,100,9
-0.597157,0.355553,-0.135093,12,2
-1.33173,0.793242,0.135614,100,10
-1.25404,0.747263,-0.23121,9,3
-1.35059,0.804794,0.193041,100,11
-1.31464,0.783685,-0.187923,100,4
-12.1052,7.219,2.23232,10,12
-1.31236,0.782943,-0.133697,100,5
-12.5645,7.49886,2.8442,18,13
-1.33587,0.797602,-0.0815394,138,6
-12.3184,7.35784,3.31263,18,14
-1.32706,0.792656,-0.0269814,100,7
-17.5155,10.4662,5.46729,21,15
-1.28621,0.770083,-0.401687,2,0
-1.32266,0.792222,0.0269116,100,8
-1.32058,0.791291,-0.355423,4,1
-1.34647,0.807121,0.0822721,100,9
-0.592731,0.355305,-0.13433,12,2
-1.33108,0.798214,0.135789,100,10
-0.899481,0.539608,-0.166133,11,3
-1.35657,0.814141,0.19426,100,11
-1.31558,0.789854,-0.18841,100,4
-12.0858,7.25903,2.23295,22,12
-1.31686,0.790937,-0.134394,100,5
-12.4042,7.45319,2.81291,26,13
-1.33007,0.799504,-0.0813301,138,6
-12.2631,7.37427,3.30363,20,14
-1.33142,0.800945,-0.027121,100,7
-17.5752,10.5769,5.49628,12,15
-1.30667,0.788542,-0.408934,1,0
-1.31817,0.7958,0.0268767,100,8
-1.31114,0.791865,-0.353623,2,1
-1.34706,0.813882,0.0824815,100,9
-0.581405,0.35128,-0.13204,13,2
-1.32829,0.802856,0.135789,100,10
-0.884069,0.534568,-0.16363,29,3
-1.34013,0.810652,0.19231,100,11
-1.30942,0.792386,-0.187923,100,4
-12.0554,7.29811,2.23201,11,12
-1.31068,0.793465,-0.134046,171,5
-16.4034,9.93424,3.72764,16,13
-1.31361,0.795863,-0.0804927,138,6
-16.6653,10.1008,4.49902,37,14
-1.32861,0.805587,-0.027121,100,7
-20.0934,12.1882,6.29707,13,15
-1.32041,0.803138,-0.41411,1,0
-1.3171,0.801436,0.0269116,100,8
-1.30837,0.796438,-0.353623,4,1
-1.33412,0.812113,0.0818534,100,9
-0.553347,0.336969,-0.125934,14,2
-1.32718,0.808524,0.135963,94,10
-0.873764,0.532511,-0.162066,27,3
-1.34407,0.819458,0.193285,100,11
-1.30495,0.795918,-0.187679,100,4
-12.0581,7.3545,2.23701,11,12
-1.31471,0.802186,-0.134743,100,5
-12.501,7.63064,2.84687,4,13
-1.31423,0.802525,-0.0807021,134,6
-16.5817,10.1295,4.48597,29,14
-1.32935,0.812073,-0.0271908,100,7
-17.6017,10.7568,5.52734,15,15
-1.3176,0.807741,-0.41411,1,0
-1.33148,0.816251,0.0272607,100,8
-1.31236,0.804847,-0.355423,2,1
-1.33298,0.81781,0.0819581,94,9
-0.54882,0.336845,-0.125171,14,2
-1.34302,0.824619,0.13788,100,10
-0.877043,0.538506,-0.163005,19,3
-1.34473,0.825989,0.193772,88,11
-1.29385,0.795045,-0.18646,100,4
-1.3119,0.806771,-0.134743,100,5
-16.3621,10.0621,3.73375,8,13
-1.31837,0.811065,-0.0811207,128,6
-12.4687,7.67379,3.38011,24,14
-1.31799,0.811467,-0.0270163,100,7
-17.5048,10.7817,5.5087,12,15
-1.31491,0.812106,-0.41411,1,0
-1.32522,0.818791,0.0271908,100,8
-1.3112,0.810448,-0.355873,2,1
-1.34031,0.82876,0.0825861,80,9
-0.561059,0.346923,-0.128224,14,2
-1.32164,0.817539,0.135963,79,10
-0.86172,0.533248,-0.160502,14,3
-1.35534,0.839037,0.195722,73,11
-1.29781,0.803737,-0.187435,100,4
-1.30583,0.809018,-0.134394,100,5
-16.4053,10.1678,3.75169,16,13
-1.32571,0.821977,-0.0817488,125,6
-12.4153,7.70084,3.37292,58,14
-1.31685,0.817117,-0.0270512,100,7
-12.2788,7.62209,3.87245,10,15
-1.33831,0.833025,-0.422393,1,0
-1.31217,0.81707,0.0269814,100,8
-1.3001,0.809868,-0.353623,1,1
-1.33741,0.833433,0.0825861,67,9
-0.566509,0.353033,-0.12975,13,2
-1.32385,0.82531,0.136486,69,10
-0.81795,0.51012,-0.15268,20,3
-1.35746,0.846915,0.196453,45,11
-1.30342,0.813518,-0.188654,100,4
-1.29962,0.811461,-0.134046,100,5
-12.2752,7.66744,2.81329,10,13
-1.31945,0.824483,-0.0815394,100,6
-16.7062,10.4433,4.54851,28,14
-1.32077,0.825949,-0.0271908,100,7
-1.30921,0.821267,-0.41411,1,0
-1.3127,0.823771,0.0270512,96,8
-1.34309,0.843173,0.0831095,60,9
-0.58855,0.369626,-0.135093,12,2
-1.33109,0.836285,0.137532,63,10
-0.784388,0.493,-0.146736,27,3
-1.35449,0.851648,0.196453,12,11
-1.30912,0.823119,-0.189872,100,4
-11.5442,7.26132,2.16005,16,12
-1.3069,0.822359,-0.135091,100,5
-12.7468,8.024,2.92777,7,13
-1.30473,0.821633,-0.0808067,100,6
-1.32987,0.837786,-0.0274352,100,7
-12.2626,7.72815,3.88384,18,15
-1.31672,0.832394,0.0271908,78,8
-1.33079,0.841614,-0.363521,1,1
-1.33691,0.845487,0.0829002,54,9
-0.574048,0.363178,-0.13204,13,2
-1.34514,0.85135,0.139275,51,10
-0.751038,0.475521,-0.140791,26,3
-11.4271,7.23785,1.66084,18,11
-1.28626,0.814709,-0.186948,99,4
-11.5067,7.29111,2.15754,33,12
-1.3008,0.824555,-0.134743,100,5
-1.302,0.825956,-0.0808067,100,6
-12.4651,7.90754,3.40801,65,14
-1.32202,0.838977,-0.0273305,96,7
-16.5149,10.4847,5.2416,8,15
-1.32407,0.843201,0.0274003,69,8
-1.26882,0.808328,-0.347324,1,1
-1.34589,0.857428,0.0836329,48,9
-0.562907,0.358749,-0.12975,13,2
-1.33055,0.848308,0.138055,15,10
-0.737799,0.470573,-0.138601,23,3
-11.4515,7.30667,1.6679,41,11
-1.2901,0.823466,-0.187923,100,4
-11.962,7.63531,2.24765,31,12
-1.30477,0.833153,-0.13544,96,5
-11.9736,7.64863,2.76177,37,13
-1.30935,0.836722,-0.0814348,100,6
-11.9974,7.6697,3.28743,54,14
-1.31586,0.841202,-0.0272607,85,7
-12.1167,7.74894,3.85382,14,15
-1.32295,0.848666,0.0274352,59,8
-1.35634,0.870753,0.0844702,29,9
-0.571563,0.367077,-0.13204,13,2
-13.0462,8.38194,1.35667,75,10
-0.721277,0.463407,-0.135785,26,3
-11.5258,7.40793,1.68228,7,11
-1.28736,0.82774,-0.187923,88,4
-11.9951,7.7155,2.25891,51,12
-1.2985,0.835546,-0.135091,85,5
-15.8726,10.2135,3.66888,13,13
-1.31665,0.847545,-0.0820628,100,6
-11.4116,7.34861,3.13357,31,14
-1.32468,0.853371,-0.027505,77,7
-12.1399,7.82363,3.86986,10,15
-1.31494,0.850022,0.0273305,51,8
-11.5357,7.46275,0.720038,23,9
-0.560452,0.362572,-0.12975,13,2
-12.7892,8.27685,1.33279,83,10
-0.950143,0.615146,-0.179274,6,3
-11.4782,7.43408,1.67912,37,11
-1.29946,0.841944,-0.190116,77,4
-1.29558,0.840074,-0.135091,74,5
-12.259,7.94891,2.84,12,13
-1.31368,0.852136,-0.0820628,88,6
-11.4578,7.43507,3.15336,20,14
-1.32673,0.861256,-0.0276097,62,7
-19.635,12.7511,6.27326,13,15
-1.3304,0.866614,0.0277144,21,8
-11.5397,7.5226,0.721922,21,9
-0.562408,0.366769,-0.130513,13,2
-12.8171,8.36177,1.33889,34,10
-0.741102,0.483671,-0.140165,22,3
-11.4605,7.47953,1.68033,71,11
-1.29319,0.844304,-0.189629,69,4
-11.9426,7.80013,2.25923,44,12
-1.30265,0.85113,-0.136137,63,5
-12.2774,8.02494,2.85107,33,13
-1.31222,0.858038,-0.0821675,76,6
-1.33375,0.87245,-0.0278191,46,7
-12.1189,7.93041,3.88073,21,15
-11.3297,7.44222,0.710408,123,9
-0.567687,0.373043,-0.13204,13,2
-12.0337,7.91067,1.25992,27,10
-0.722904,0.475401,-0.137037,24,3
-11.4296,7.5193,1.67985,22,11
-1.29521,0.852086,-0.19036,61,4
-11.8988,7.83091,2.2561,28,12
-1.30799,0.86115,-0.137009,56,5
-12.1969,8.03319,2.83886,23,13
-1.31756,0.868107,-0.0826908,63,6
-11.526,7.59422,3.18666,24,14
-11.8193,7.79046,-0.247091,100,7
-12.067,7.95671,3.87297,23,15
-12.0806,7.98992,0.252816,6,8
-11.3449,7.5062,0.71292,42,9
-0.543527,0.359753,-0.126697,14,2
-12.1154,8.02203,1.27125,19,10
-0.699915,0.463615,-0.132969,35,3
-11.4262,7.57142,1.68302,22,11
-1.29072,0.85528,-0.190116,53,4
-14.5664,9.65591,2.76795,72,12
-1.30679,0.866584,-0.137183,50,5
-11.2213,7.44412,2.61752,31,13
-1.32299,0.877994,-0.0832142,33,6
-11.8884,7.89265,-0.249081,94,7
-12.1017,8.0373,3.89264,23,15
-11.7795,7.84701,0.247056,20,8
-11.3865,7.58808,0.717107,19,9
-0.555399,0.370265,-0.12975,13,2
-11.9561,7.97373,1.25731,55,10
-0.721379,0.481282,-0.137349,49,3
-16.9851,11.3362,2.50734,11,11
-1.29268,0.863087,-0.190847,48,4
-14.5425,9.70964,2.76952,20,12
-1.30225,0.869806,-0.137009,25,5
-11.1459,7.44748,2.60569,12,13
-11.8709,7.93789,3.29688,24,14
-11.8273,7.90869,-0.248348,100,7
-12.0541,8.06342,3.88591,21,15
-11.7451,7.88046,0.246882,44,8
-0.563882,0.37877,-0.13204,13,2
-0.701743,0.471552,-0.133908,55,3
-12.4778,8.38792,1.84608,44,11
-1.30463,0.877338,-0.193041,38,4
-11.1358,7.49426,2.60912,11,13
-12.9328,8.70687,-0.817069,45,6
-10.8683,7.3197,3.02514,44,14
-11.6652,7.85942,-0.24552,100,7
-17.2018,11.594,5.5584,18,15
-11.7705,7.95725,0.247999,45,8
-11.8245,7.99978,0.748195,60,9
-0.552866,0.374037,-0.12975,13,2
-12.3322,8.34639,1.3028,11,10
-0.708272,0.479536,-0.135472,32,3
-12.4107,8.40583,1.84047,48,11
-1.31471,0.890795,-0.194991,8,4
-14.7936,10.0273,-1.56357,3,5
-11.1275,7.54521,2.61332,11,13
-11.1684,7.57863,3.11602,40,14
-11.7833,7.99893,-0.248592,35,7
-12.1957,8.28195,3.9501,18,15
-13.3375,9.08461,0.281682,50,8
-11.6414,7.93527,0.738356,56,9
-0.561291,0.382599,-0.13204,13,2
-12.382,8.44327,1.31117,40,10
-0.711489,0.485345,-0.136411,18,3
-11.7615,8.02614,1.74834,15,11
-15.3145,10.4547,-2.27676,15,4
-11.9768,8.17921,2.29708,25,12
-15.2488,10.4138,-1.61552,14,5
-10.982,7.50547,-0.697115,16,6
-10.8732,7.43389,3.04089,53,14
-11.7471,8.03437,-0.248418,24,7
-12.1986,8.34629,3.96045,12,15
-11.9158,8.17727,0.252257,23,8
-11.309,7.76668,0.718991,56,9
-0.579372,0.397894,-0.136619,12,2
-12.2901,8.44356,1.30455,20,10
-0.71793,0.49342,-0.137975,12,3
-11.7236,8.0604,1.74688,31,11
-14.7725,10.1605,-2.20145,26,4
-14.2053,9.77402,2.73103,49,12
-12.8898,8.86888,-1.36887,42,5
-12.1209,8.3429,2.86023,42,13
-15.8579,10.9192,-1.00904,18,6
-10.8681,7.48617,3.04674,46,14
-11.8425,8.16042,-0.251035,21,7
-13.8792,9.56749,4.51691,22,15
-13.4021,9.26621,0.284404,8,8
-11.272,7.79929,0.718363,68,9
-0.54569,0.377572,-0.128987,13,2
-19.2525,13.3261,2.04851,40,10
-0.712955,0.493674,-0.137349,6,3
-11.6741,8.08657,1.74371,42,11
-15.2346,10.5568,-2.27579,27,4
-11.4437,7.93289,2.20541,54,12
-11.4528,7.94212,2.70911,13,13
-10.6799,7.40891,-0.681205,13,6
-10.5297,7.30741,2.95901,53,14
-11.8156,8.20285,-0.25107,100,7
-13.8473,9.61698,4.51743,31,15
-11.9799,8.34484,0.25484,1,8
-11.523,8.0296,0.736053,38,9
-0.557253,0.388456,-0.13204,13,2
-12.7423,8.88587,1.35911,60,10
-0.706368,0.492769,-0.136411,12,3
-12.3719,8.63395,1.85241,44,11
-11.0503,7.71455,-1.65474,17,4
-11.4319,7.98097,2.20823,19,12
-20.2925,14.1721,-2.16547,12,5
-16.1119,11.2607,-1.03018,15,6
-10.5919,7.40553,2.98375,38,14
-11.8588,8.29125,-0.252571,30,7
-15.146,10.6251,0.322939,8,8
-11.1108,7.80009,0.711455,33,9
-0.555894,0.390399,-0.13204,13,2
-12.6574,8.8925,1.35335,24,10
-0.690182,0.484888,-0.133595,7,3
-13.3631,9.39175,2.00548,21,11
-12.8727,9.05043,-1.93212,53,4
-11.4024,8.01969,2.20792,39,12
-15.4556,10.8744,-1.65334,21,5
-11.3648,7.99617,2.70109,15,13
-24.391,17.1678,-1.56317,16,6
-10.5275,7.41257,2.9725,36,14
-11.9475,8.41551,-0.255084,35,7
-11.8754,8.39272,0.253828,15,8
-0.434405,0.307121,-0.122823,15,1
-11.0261,7.79539,0.707687,38,9
-0.586654,0.414913,-0.139672,11,2
-11.5479,8.17032,1.23761,21,10
-12.8716,9.11024,-2.49763,1,3
-16.76,11.8668,2.52148,61,11
-15.0862,10.6856,-2.26994,26,4
-11.387,8.06545,2.21011,48,12
-9.5849,6.79151,-1.02774,11,5
-11.388,8.07213,2.7133,40,13
-15.2936,10.8445,-0.982555,32,6
-10.2774,7.2903,2.90907,48,14
-11.9048,8.44467,-0.25477,25,7
-13.461,9.55207,4.4227,17,15
-11.7123,8.33581,0.250931,11,8
-0.490533,0.349249,-0.13902,13,1
-10.9793,7.81992,0.706431,59,9
-0.601191,0.428351,-0.143488,11,2
-11.5015,8.19786,1.23569,13,10
-10.192,7.26451,-1.98234,5,3
-13.6722,9.74872,2.06179,8,11
-15.0071,10.7044,-2.26336,11,4
-11.2366,8.01794,2.18633,22,12
-9.53357,6.80525,-1.02478,18,5
-11.3596,8.10871,2.71292,14,13
-15.2771,10.9091,-0.983811,39,6
-10.5466,7.5339,2.9923,53,14
-11.8346,8.45711,-0.253898,35,7
-13.5375,9.67764,4.45893,16,15
-11.67,8.36412,0.250617,45,8
-0.432358,0.309995,-0.122823,15,1
-10.9517,7.85512,0.706326,49,9
-0.567936,0.407352,-0.135856,12,2
-13.19,9.46399,1.42029,43,10
-0.736591,0.52871,-0.143607,4,3
-13.7253,9.85537,2.0747,4,11
-16.6257,11.9423,-2.51343,22,4
-11.218,8.06093,2.18789,32,12
-11.3247,8.1406,2.71101,9,13
-13.8009,9.92424,-0.890863,37,6
-10.656,7.66556,3.03054,48,14
-11.8162,8.50332,-0.254107,24,7
-11.3088,8.14119,3.73372,19,15
-11.5969,8.3732,0.249674,35,8
-0.494464,0.357144,-0.140819,13,1
-10.8967,7.87342,0.704547,66,9
-0.598337,0.432328,-0.143488,11,2
-14.8765,10.753,1.60593,16,10
-14.9718,10.8258,-2.92626,4,3
-15.2285,11.0155,2.30772,4,11
-16.2317,11.7455,-2.46005,13,4
-11.1354,8.06065,2.17726,39,12
-9.52051,6.8917,-1.02826,20,5
-14.1139,10.2205,3.38724,10,13
-10.8753,7.8811,3.10073,38,14
-11.7751,8.53629,-0.253863,22,7
-11.3163,8.20671,3.74563,27,15
-11.5935,8.43245,0.250233,39,8
-0.461699,0.335936,-0.131821,14,1
-0.580951,0.422861,-0.139672,11,2
-13.2331,9.6356,1.43214,12,10
-14.7966,10.778,-2.89936,8,3
-13.4283,9.78494,2.04009,4,11
-14.4966,10.5672,-2.20267,16,4
-9.43844,6.88262,-1.02199,27,5
-14.3477,10.4664,3.45212,16,13
-14.9364,10.8998,-0.969053,29,6
-10.758,7.85351,3.07508,59,14
-11.7532,8.58001,-0.254002,30,7
-11.2641,8.22596,3.73735,31,15
-11.5687,8.47322,0.250302,12,8
-0.429143,0.31443,-0.122823,15,1
-13.0079,9.53429,0.845226,15,9
-0.595304,0.436495,-0.143488,11,2
-13.9834,10.2568,1.51721,3,10
-14.7257,10.8013,-2.89247,10,3
-21.1164,15.4945,3.21589,9,11
-14.5207,10.6587,-2.21168,26,4
-15.1227,11.1087,-1.64167,25,5
-9.62124,7.07009,-0.625729,30,6
-10.6346,7.81758,3.04719,61,14
-11.691,8.59729,-0.253304,100,7
-11.7862,8.67048,3.92059,9,15
-16.5434,12.2058,0.358856,49,8
-0.484488,0.357587,-0.13902,13,1
-12.2547,9.04817,0.798333,51,9
-0.578059,0.426806,-0.139672,11,2
-13.43,9.91958,1.46073,12,10
-10.2823,7.59742,-2.02489,6,3
-11.7204,8.66314,1.78953,4,11
-14.9048,11.0209,-2.27603,32,4
-11.2487,8.32055,2.21605,31,12
-9.47627,7.00951,-1.03123,24,5
-11.8316,8.75491,2.86099,10,13
-9.62219,7.12264,-0.627403,26,6
-10.7576,7.96599,3.09038,82,14
-11.6545,8.63329,-0.253165,28,7
-11.582,8.58274,3.86262,4,15
-16.4815,12.2492,0.358438,27,8
-0.458215,0.340673,-0.131821,14,1
-12.2166,9.08612,0.797914,45,9
-0.576566,0.428821,-0.139672,11,2
-20.5502,15.2897,2.24095,11,10
-10.1829,7.57901,-2.0105,15,3
-11.714,8.72178,1.79319,24,11
-14.9474,11.1333,-2.28846,27,4
-11.1895,8.33735,2.21011,87,12
-9.49328,7.0735,-1.03576,11,5
-12.4621,9.28894,3.02127,12,13
-14.7097,10.9683,-0.961621,21,6
-10.7578,8.02447,3.09848,21,14
-11.6755,8.71218,-0.254282,85,7
-13.1698,9.85943,0.287162,8,8
-0.475741,0.356288,-0.13722,13,1
-12.7875,9.57674,0.837271,17,9
-0.575066,0.430831,-0.139672,11,2
-13.319,9.98203,1.4562,6,10
-14.8283,11.1172,-2.93534,10,3
-16.3127,12.2345,2.50368,5,11
-14.2781,10.7125,-2.1917,21,4
-9.2805,6.96546,-1.01519,9,5
-9.30713,6.99053,-0.610028,67,6
-10.669,8.01631,3.08093,48,14
-29.8606,22.4363,-0.651952,12,7
-11.4986,8.64281,3.85433,23,15
-15.9666,12.0361,0.349013,11,8
-0.455886,0.343784,-0.131821,14,1
-13.5784,10.2432,0.891386,5,9
-0.582961,0.439931,-0.141962,11,2
-14.2461,10.7547,1.56166,35,10
-14.476,10.9283,-2.87276,10,3
-11.8111,8.91975,1.81732,4,11
-13.5487,10.2357,-2.08494,69,4
-14.5215,10.9785,-1.59268,20,5
-9.23611,6.98521,-0.606888,94,6
-10.6874,8.08575,3.09398,31,14
-16.358,12.3804,-0.358088,29,7
-11.6609,8.82866,3.91904,11,15
-13.5881,10.3177,0.297808,8,8
-0.423646,0.321798,-0.122823,15,1
-23.5165,17.8694,1.54789,14,9
-0.581499,0.441862,-0.141962,11,2
-18.0536,13.7233,1.98401,19,10
-14.4142,10.9608,-2.86807,12,3
-10.9426,8.32395,1.68813,3,11
-14.2301,10.8287,-2.1956,33,4
-9.78773,7.45085,-1.0762,26,5
-9.22756,7.02951,-0.607935,91,6
-10.5491,8.03914,3.06203,61,14
-25.1758,19.1927,-0.552578,44,7
-11.885,9.06378,4.00497,14,15
-0.460407,0.352008,-0.155291,12,0
-13.5393,10.3553,0.297529,5,8
-0.447284,0.342222,-0.130022,14,1
-14.8864,11.3938,0.982451,13,9
-0.564363,0.431956,-0.138146,12,2
-12.945,9.91153,1.42639,40,10
-13.8192,10.5847,-2.757,9,3
-11.6446,8.9223,1.80123,76,11
-14.1875,10.8746,-2.19487,35,4
-11.7554,9.01369,2.3462,55,12
-9.7585,7.48255,-1.07585,45,5
-11.2346,8.61748,2.75223,19,13
-9.26159,7.10667,-0.611807,97,6
-10.371,7.96082,3.01839,44,14
-13.5495,10.4044,-0.298192,100,7
-11.9023,9.14286,4.02153,24,15
-12.1692,9.37497,0.268139,30,8
-0.42139,0.324748,-0.122823,15,1
-17.9539,13.8364,1.18792,29,9
-0.569071,0.438718,-0.139672,11,2
-12.8993,9.94814,1.42517,34,10
-8.74755,6.74869,-1.74988,16,3
-14.2252,10.9786,-2.20632,33,4
-11.7489,9.07073,2.3509,27,12
-13.5215,10.4431,-1.49472,33,5
-12.236,9.45366,3.00562,16,13
-9.27307,7.16705,-0.614215,87,6
-10.3229,7.97848,3.01209,12,14
-29.3998,22.7309,-0.648671,36,7
-11.6824,9.03573,3.95734,6,15
-0.42031,0.326144,-0.122823,15,1
-14.2803,11.0809,0.947281,12,9
-0.536596,0.416526,-0.13204,13,2
-8.75321,6.79947,-1.75551,28,3
-12.709,9.87591,1.97623,29,11
-14.2075,11.0404,-2.20925,30,4
-11.6548,9.05994,2.33807,38,12
-13.5041,10.5013,-1.49664,12,5
-12.1178,9.42667,2.98425,6,13
-9.25871,7.20512,-0.614843,100,6
-11.4468,8.90789,3.34862,33,14
-12.6203,9.82461,-0.279169,7,7
-17.8135,13.9124,0.394529,30,8
-0.419227,0.327536,-0.122823,15,1
-20.7608,16.2201,1.38073,9,9
-0.587805,0.459409,-0.145015,10,2
-8.73061,6.82846,-1.75551,11,3
-12.6215,9.87519,1.9677,34,11
-14.1298,11.0593,-2.20315,35,4
-11.6387,9.10949,2.34089,41,12
-12.4934,9.78203,-1.38822,28,5
-9.25678,7.25303,-0.616308,30,6
-11.3972,8.93336,3.34322,20,14
-29.3365,22.9945,-0.650626,48,7
-12.0418,9.442,4.10021,14,15
-12.7576,10.032,0.283287,6,8
-0.442644,0.348202,-0.130022,14,1
-11.8674,9.33875,0.791424,11,9
-0.567686,0.446885,-0.140435,11,2
-11.2796,8.88252,1.25609,8,10
-13.7564,10.833,-2.77327,15,3
-12.7727,10.0619,1.99646,21,11
-13.4679,10.6134,-2.10541,24,4
-11.6022,9.1464,2.33995,9,12
-9.63071,7.59496,-1.07306,11,5
-11.9363,9.41323,2.95487,45,13
-12.4676,9.83569,-0.832246,42,6
-17.7482,14.0117,-0.394704,89,7
-12.7429,10.0926,0.283741,14,8
-0.416987,0.330382,-0.122823,15,1
-0.532352,0.421937,-0.13204,13,2
-12.9205,10.2444,1.4426,34,10
-13.4275,10.6501,-2.71445,37,3
-12.5758,9.97815,1.97111,46,11
-12.4729,9.90012,-1.95527,40,4
-9.63199,7.64792,-1.07602,26,5
-12.0633,9.58183,2.99456,8,13
-8.74121,6.9456,-0.585116,37,6
-12.7244,10.1142,3.75263,27,14
-8.49745,6.75675,-0.189498,29,7
-11.5461,9.21052,0.257807,4,8
-0.415832,0.331835,-0.122823,15,1
-11.535,9.2083,0.773526,52,9
-0.576906,0.460538,-0.143488,11,2
-19.4298,15.5162,2.17541,16,10
-13.4643,10.7561,-2.72947,20,3
-14.3676,11.4818,2.25824,48,11
-12.4523,9.95476,-1.95747,67,4
-12.0826,9.66268,2.45039,50,12
-12.4061,9.92136,-1.38979,28,5
-11.7676,9.41415,2.9293,0,13
-17.6241,14.1044,-1.183,25,6
-12.7027,10.1695,3.75668,20,14
-8.46132,6.77637,-0.189219,31,7
-11.5051,9.2173,3.9501,24,15
-0.45186,0.362915,-0.155291,12,0
-0.457201,0.367468,-0.135421,13,1
-12.9227,10.3864,0.868882,48,9
-0.550814,0.442866,-0.137382,12,2
-19.4796,15.6676,2.18709,11,10
-12.4817,10.0427,-2.53737,1,3
-14.3244,11.5294,2.25775,39,11
-12.436,10.0131,-1.96039,54,4
-12.1074,9.74854,2.46197,50,12
-13.3877,10.7832,-1.50396,15,5
-11.7011,9.42808,2.9209,0,13
-17.5872,14.1758,-1.18384,30,6
-11.4338,9.21931,3.39091,31,14
-8.52598,6.87468,-0.191174,74,7
-11.4639,9.24691,3.94647,22,15
-0.45059,0.36449,-0.155291,12,0
-9.23189,7.46784,0.207265,18,8
-0.413563,0.334658,-0.122823,15,1
-12.8987,10.4415,0.869719,23,9
-0.543162,0.439844,-0.135856,12,2
-11.9936,9.71568,1.35039,6,10
-14.103,11.4245,-2.87464,40,3
-14.2614,11.5569,2.25385,39,11
-15.897,12.8869,-2.5127,30,4
-13.008,10.5525,-1.46544,21,5
-11.6834,9.47796,2.92434,3,13
-8.87548,7.20263,-0.599037,54,6
-11.4198,9.27069,3.39586,42,14
-9.03902,7.34058,-0.203251,21,7
-10.5799,8.59499,3.65245,11,15
-12.7885,10.4189,0.28793,11,8
-0.466774,0.38042,-0.13902,13,1
-22.2786,18.1635,1.50644,13,9
-0.538657,0.439161,-0.135093,12,2
-12.1929,9.94428,1.37654,27,10
-13.9177,11.355,-2.84492,54,3
-14.2948,11.6668,2.26555,48,11
-12.163,9.93055,-1.92797,10,4
-13.687,11.1827,-1.54632,6,5
-15.3036,12.5036,3.84137,19,13
-8.80235,7.19438,-0.595793,37,6
-11.3647,9.29199,3.38911,49,14
-8.41277,6.88087,-0.189708,100,7
-0.448035,0.367627,-0.155291,12,0
-8.68175,7.12366,0.196025,37,8
-0.411217,0.337537,-0.122823,15,1
-24.8299,20.3882,1.68375,6,9
-0.555249,0.456086,-0.139672,11,2
-12.1425,9.97752,1.37497,36,10
-14.2616,11.723,2.26677,53,11
-12.139,9.98176,-1.92968,55,4
-11.2434,9.24859,2.30584,12,12
-13.5202,11.1254,-1.53185,12,5
-8.7605,7.2139,-0.594746,54,6
-11.3246,9.32863,3.38731,20,14
-8.42574,6.9407,-0.190545,100,7
-10.4943,8.64775,3.64365,11,15
-8.66483,7.16308,0.196235,40,8
-0.485064,0.401137,-0.145318,12,1
-23.1209,19.1205,1.57238,15,9
-0.544577,0.450513,-0.137382,12,2
-12.3609,10.2294,1.40373,81,10
-13.6002,11.2591,-2.79642,24,3
-21.5449,17.8425,3.43477,42,11
-10.0937,8.36213,-1.60941,6,4
-9.89771,8.20266,-1.12466,11,5
-8.75525,7.26101,-0.596107,47,6
-11.238,9.32331,3.37112,54,14
-8.48765,7.04157,-0.1925,24,7
-10.2901,8.53999,3.58309,31,15
-8.54267,7.1099,0.194001,51,8
-20.1949,16.8198,1.37738,4,9
-0.561101,0.467492,-0.141962,11,2
-12.3716,10.3113,-2.55082,15,3
-18.4531,15.3854,2.94997,16,11
-10.1101,8.43243,-1.61648,32,4
-11.0648,9.23195,2.28238,32,12
-10.1046,8.43377,-1.1515,7,5
-9.10367,7.60106,-0.621542,13,6
-10.6132,8.86457,3.19251,36,14
-8.49831,7.10065,-0.193303,46,7
-13.0765,10.9298,4.5666,31,15
-8.48254,7.11013,0.193198,48,8
-0.40766,0.341825,-0.122823,15,1
-13.021,10.9181,0.890549,4,9
-0.553531,0.464303,-0.140435,11,2
-38.3976,32.2194,4.38533,18,10
-9.96465,8.3643,-2.06055,15,3
-12.0721,10.1369,1.93553,41,11
-9.80857,8.23912,-1.57285,29,4
-10.9706,9.21522,2.26924,50,12
-9.56098,8.034,-1.09258,9,5
-9.20397,7.73948,-0.63023,26,6
-8.70426,7.32188,-0.198539,100,7
-10.3278,8.69068,3.61674,8,15
-8.42377,7.10856,0.192395,55,8
-0.406524,0.343175,-0.122823,15,1
-12.9431,10.93,0.887827,26,9
-0.53391,0.451029,-0.135856,12,2
-12.6277,10.6713,1.44644,18,10
-9.93686,8.3973,-2.06055,15,3
-12.1142,10.2409,1.94772,12,11
-9.94489,8.41004,-1.59917,42,4
-10.8479,9.17691,2.25047,45,12
-9.8036,8.29642,-1.12361,11,5
-10.9161,9.23789,2.77971,12,13
-12.4175,10.5122,-0.852658,35,6
-10.5199,8.90891,3.18261,27,14
-8.6344,7.31473,-0.197526,20,7
-10.2075,8.65049,3.58516,10,15
-8.40652,7.1444,0.19257,63,8
-12.9433,11.0039,0.890339,8,9
-0.526429,0.44771,-0.13433,12,2
-12.6226,10.7389,1.44992,31,10
-9.82324,8.36024,-2.04303,35,3
-12.3626,10.5251,1.99354,38,11
-9.71743,8.2731,-1.567,34,4
-10.876,9.26279,2.26267,31,12
-12.2784,10.4609,-1.41123,11,5
-12.6006,10.7392,3.21818,13,13
-12.3504,10.5296,-0.850564,16,6
-11.0301,9.40395,3.34637,51,14
-8.4899,7.24081,-0.194769,27,7
-18.1341,15.5208,1.25093,39,9
-0.510029,0.436684,-0.130513,13,2
-12.6808,10.861,1.46073,56,10
-9.70846,8.31822,-2.02489,28,3
-12.2176,10.4717,1.97575,29,11
-9.80148,8.40088,-1.58503,17,4
-10.7658,9.23066,2.24609,45,12
-12.1378,10.4107,-1.39902,24,5
-10.4,8.92334,2.66369,8,13
-8.58864,7.37176,-0.593176,50,6
-10.9042,9.35925,3.31758,74,14
-8.78748,7.54509,-0.202169,26,7
-8.9438,7.70375,0.206043,17,8
-0.444366,0.38289,-0.135421,13,1
-0.508578,0.438373,-0.130513,13,2
-12.6507,10.9082,1.46143,34,10
-9.55069,8.23812,-1.99767,35,3
-12.2519,10.5718,1.98696,4,11
-14.6844,12.6753,-2.38181,12,4
-12.1258,10.4704,-1.40164,5,5
-11.6451,10.0589,2.99112,1,13
-8.62913,7.45636,-0.597677,94,6
-8.64462,7.47501,-0.199481,30,7
-10.1662,8.79382,3.60173,32,15
-11.6615,10.1158,0.269465,52,8
-0.527801,0.458163,-0.135856,12,2
-30.1413,26.1738,3.4925,46,10
-9.70083,8.42686,-2.03521,27,3
-12.2674,10.6601,1.99549,17,11
-9.48191,8.2425,-1.54262,6,4
-9.595,8.34375,-1.11246,9,5
-12.4513,10.8314,3.20788,9,13
-8.82453,7.67917,-0.613063,57,6
-8.623,7.50908,-0.199586,100,7
-0.400595,0.350077,-0.122823,15,1
-12.9031,11.2799,0.89819,19,9
-0.532111,0.465171,-0.137382,12,2
-22.3979,19.5871,2.60317,38,10
-8.02254,7.01826,-1.68824,12,3
-12.366,10.8218,2.01767,26,11
-10.0535,8.80118,-1.64061,7,4
-11.9897,10.4999,2.52423,31,12
-12.2319,10.7158,-1.42273,30,5
-12.4178,10.8786,3.20903,5,13
-8.82621,7.73493,-0.615052,74,6
-10.3924,9.11065,3.19071,18,14
-8.64033,7.57737,-0.200598,25,7
-15.2352,13.3657,5.43054,24,15
-9.00977,7.92643,0.209464,6,8
-0.399371,0.351474,-0.122823,15,1
-13.132,11.5611,0.916926,35,9
-0.515669,0.454143,-0.133566,13,2
-22.3319,19.6744,2.60386,61,10
-7.93749,6.99537,-1.67573,15,3
-23.3428,20.5722,3.82036,25,11
-9.87978,8.7102,-1.61721,17,4
-11.6566,10.2803,2.46165,56,12
-9.62469,8.49128,-1.12291,2,5
-18.9164,16.6947,4.90417,15,13
-8.79481,7.76459,-0.614843,87,6
-8.56736,7.56644,-0.199516,100,7
-13.7321,12.132,4.9098,16,15
-8.98066,7.95939,0.209464,32,8
-0.396621,0.351642,-0.122373,15,1
-13.1394,11.6493,0.920276,6,9
-0.508205,0.45073,-0.13204,13,2
-22.2109,19.7059,2.59776,61,10
-7.98541,7.08729,-1.69106,8,3
-15.8925,14.11,2.60947,6,11
-12.3205,10.9425,-2.02328,42,4
-11.6325,10.3314,2.46416,38,12
-9.4818,8.42425,-1.10967,2,5
-9.07513,8.06861,-0.636405,42,6
-10.372,9.22493,3.20465,58,14
-8.54837,7.60295,-0.19969,100,7
-13.7921,12.271,4.94655,6,15
-13.1918,11.77,0.308593,11,8
-12.1601,10.8571,0.854332,4,9
-0.521271,0.465579,-0.135856,12,2
-15.2437,13.6199,1.78844,30,10
-9.52183,8.50752,-2.02238,15,3
-23.5479,21.0469,3.87788,12,11
-9.91492,8.86496,-1.63305,19,4
-11.5802,10.3575,2.46071,6,12
-12.1785,10.8964,-1.4297,14,5
-11.9916,10.7292,3.12774,35,13
-15.2839,13.6798,-1.07498,24,6
-10.4009,9.31257,3.2231,72,14
-8.52327,7.63408,-0.199725,100,7
-13.9564,12.5047,5.02109,13,15
-13.1343,11.8013,0.30821,11,8
-0.394219,0.354334,-0.122373,15,1
-22.1179,19.8801,1.55856,31,9
-0.525564,0.472556,-0.137382,24,2
-15.1125,13.5931,1.77833,11,10
-7.87531,7.08599,-1.67792,57,3
-12.1518,10.9376,2.00743,8,11
-9.84556,8.86498,-1.62671,47,4
-15.3053,13.7809,3.26197,47,12
-12.0564,10.8594,-1.41959,24,5
-12.0241,10.8341,3.14606,39,13
-15.6619,14.1169,-1.10502,34,6
-10.5304,9.49498,3.27349,31,14
-8.49791,7.6623,-0.199725,19,7
-9.76619,8.80896,3.52408,12,15
-13.1084,11.8569,0.308524,9,8
-15.3554,13.899,1.08545,5,9
-0.515179,0.466481,-0.135093,12,2
-22.0954,20.0139,2.60822,38,10
-12.2132,11.0626,-2.60995,26,3
-24.6957,22.377,4.09189,26,11
-9.72198,8.81226,-1.61111,32,4
-11.8679,10.7612,2.53737,37,12
-14.8459,13.4662,-1.75357,16,5
-12.0404,10.9214,3.1598,25,13
-15.6519,14.2023,-1.10764,48,6
-10.053,9.12513,3.13447,42,14
-11.2928,10.2541,-0.266254,8,7
-10.7844,9.82341,0.254631,5,8
-0.391798,0.357009,-0.122373,15,1
-39.5913,36.0759,2.80709,9,9
-0.502022,0.457606,-0.13204,13,2
-23.5674,21.4899,2.79038,17,10
-9.6395,8.79282,-2.0665,6,3
-15.1843,13.8554,2.52391,73,11
-9.6501,8.80867,-1.60429,53,4
-11.2209,10.2425,2.40628,15,12
-12.4295,11.3497,-1.47258,15,5
-15.8854,14.5155,-1.12774,22,6
-9.22192,8.42963,-0.218085,30,7
-9.60336,8.78137,3.48681,28,15
-16.1623,14.8204,0.382766,5,8
-0.436566,0.40046,-0.13677,13,1
-15.3252,14.0626,1.09005,11,9
-0.494636,0.454045,-0.130513,13,2
-15.1743,13.9339,1.80238,100,10
-9.1185,8.37315,-1.96075,27,3
-15.1397,13.907,2.52416,78,11
-9.57407,8.79764,-1.59649,9,4
-9.49325,8.72949,-1.12832,14,5
-10.6204,9.76593,2.80451,16,13
-14.3672,13.2159,-1.02306,3,6
-10.0151,9.21578,3.14212,2,14
-9.31456,8.57418,-0.220982,93,7
-9.19889,8.47067,3.35067,47,15
-10.2105,9.42855,0.242588,6,8
-0.42944,0.396692,-0.134971,14,1
-13.2788,12.2662,0.947386,16,9
-0.521966,0.482331,-0.138146,12,2
-15.0812,13.9409,1.7968,100,10
-9.6708,8.94272,-2.08621,16,3
-10.5151,9.73028,-1.75906,20,4
-14.9336,13.819,3.22255,22,12
-9.5008,8.79476,-1.13268,2,5
-10.5776,9.79495,2.80222,29,13
-14.2038,13.1574,-1.01469,18,6
-10.9748,10.1699,3.45435,20,14
-9.18193,8.50851,-0.218504,23,7
-9.19625,8.52477,3.35999,37,15
-11.0447,10.267,0.263217,16,8
-0.388164,0.360957,-0.122373,15,1
-15.0492,13.9993,1.07718,41,9
-0.526028,0.4895,-0.139672,23,2
-11.619,10.816,-2.51421,16,3
-23.9108,22.266,4.0117,26,11
-9.54301,8.88967,-1.60136,13,4
-11.2926,10.5231,2.44476,34,12
-9.43653,8.79662,-1.12867,21,5
-10.5666,9.85005,2.80795,36,13
-15.1942,14.1688,-1.0888,20,6
-14.9538,13.9495,4.72127,28,14
-9.14633,8.53506,-0.218365,100,7
-9.11701,8.51068,3.34187,40,15
-14.9826,14.0254,0.358228,24,8
-0.423885,0.396942,-0.134071,14,1
-15.0012,14.0477,1.07707,26,9
-0.507208,0.475135,-0.135093,12,2
-12.9302,12.1169,1.55033,48,10
-9.19176,8.61656,-1.99548,6,3
-11.8144,11.0789,1.98866,8,11
-10.5326,9.88041,-1.7732,31,4
-9.63969,9.04278,2.09341,46,12
-9.30996,8.73652,-1.11699,2,5
-15.1068,14.1863,-1.08608,20,6
-14.915,14.011,4.72442,32,14
-11.3392,10.6519,-0.271559,100,7
-9.32947,8.76709,3.43039,9,15
-14.9142,14.0544,0.357705,69,8
-0.425402,0.401019,-0.134971,14,1
-12.7464,12.02,0.918182,5,9
-0.52554,0.495764,-0.140435,11,2
-12.8879,12.1619,1.55033,16,10
-9.12291,8.60903,-1.98672,45,3
-11.7891,11.1289,1.99061,8,11
-10.6672,10.0734,-1.80147,16,4
-9.62674,9.09401,2.09747,14,12
-10.393,9.82129,-1.25103,15,5
-10.4865,9.90961,2.80451,11,13
-15.0626,14.239,-1.08629,24,6
-15.3796,14.5437,4.88684,18,14
-11.3223,10.7107,-0.272048,100,7
-9.05887,8.57254,3.34187,40,15
-14.8969,14.1367,0.358472,69,8
-0.412693,0.391768,-0.131371,14,1
-13.028,12.3674,0.941419,4,9
-0.515352,0.489392,-0.138146,12,2
-12.768,12.1291,1.54074,26,10
-9.0699,8.61905,-1.98171,22,3
-11.7704,11.1892,1.99403,17,11
-12.3222,11.7179,-2.08787,18,4
-8.97527,8.5351,1.96169,46,12
-13.822,13.1487,-1.66903,21,5
-9.96888,9.49323,3.17811,38,14
-9.03195,8.601,-0.217701,47,7
-9.0262,8.59854,3.34032,21,15
-0.453658,0.433525,-0.144868,12,1
-21.5301,20.5818,1.56097,5,9
-0.507964,0.485761,-0.136619,12,2
-12.8048,12.2494,1.55033,9,10
-9.05411,8.66137,-1.98453,10,3
-11.7317,11.2268,1.99378,8,11
-10.4579,10.0112,-1.77759,50,4
-8.89692,8.51992,1.95105,19,12
-11.8798,11.3803,-1.43929,20,5
-9.07466,8.69621,-0.6587,55,6
-9.95563,9.54377,3.18396,49,14
-9.03074,8.66016,-0.218399,100,7
-8.98637,8.62063,3.3367,23,15
-0.41774,0.401719,-0.155291,12,0
-23.3333,22.4462,0.565144,4,8
-0.4044,0.389163,-0.129572,14,1
-12.9996,12.5098,0.945501,23,9
-0.517666,0.498335,-0.139672,23,2
-13.4085,12.9123,1.62859,16,10
-11.8335,11.3996,-2.60244,22,3
-23.8224,22.9568,4.06215,13,11
-10.2285,9.8603,-1.74444,41,4
-11.7401,11.3215,-1.42691,30,5
-8.50602,8.20557,2.29734,24,13
-14.7039,14.1895,-1.0709,60,6
-8.43609,8.14379,2.70706,19,14
-11.5686,11.1678,-0.28067,31,7
-10.1528,9.80448,3.78186,24,15
-0.416335,0.403175,-0.155291,12,0
-0.450696,0.436603,-0.144868,12,1
-12.943,12.5426,0.944559,30,9
-0.521562,0.505605,-0.141199,23,2
-13.3791,12.9743,1.63051,27,10
-11.8269,11.469,-2.60933,18,3
-11.4185,11.0769,1.95332,8,11
-10.2157,9.91352,-1.74785,33,4
-8.91526,8.65458,1.96795,103,12
-11.6519,11.3152,-1.42099,19,5
-10.4435,10.1417,2.8297,29,13
-9.05394,8.79535,-0.661527,16,6
-8.42022,8.18259,2.71066,53,14
-11.4865,11.1663,-0.279622,31,7
-9.32774,9.07083,3.48629,19,15
-19.6122,19.1254,0.478161,16,8
-0.407322,0.39735,-0.131371,14,1
-12.8462,12.5361,0.940687,17,9
-0.505831,0.49362,-0.137382,24,2
-13.2533,12.9378,1.6204,27,10
-10.3565,10.1136,-2.2927,17,3
-11.5658,11.2984,1.98525,8,11
-10.2193,9.98658,-1.75443,31,4
-8.86239,8.66356,1.96294,43,12
-11.5645,11.305,-1.41489,49,5
-10.4053,10.1754,2.82893,50,13
-9.02461,8.8283,-0.661631,48,6
-8.38325,8.20375,2.70796,29,14
-15.4115,15.0868,-0.376448,31,7
-9.01997,8.833,3.38277,40,15
-37.8109,37.1307,0.925012,12,8
-0.405932,0.398769,-0.131371,14,1
-12.7141,12.4941,0.934197,33,9
-0.492903,0.484374,-0.13433,25,2
-10.794,10.611,1.32424,28,10
-10.3536,10.1815,-2.2999,9,3
-11.6268,11.4376,2.00256,21,11
-10.1957,10.0333,-1.75638,39,4
-9.36563,9.21965,2.08152,64,12
-8.89272,8.76023,-0.6542,16,6
-8.35872,8.23707,2.70931,82,14
-11.2616,11.1016,-0.276027,40,7
-9.08674,8.96074,3.41952,20,15
-11.6835,11.5537,0.286813,4,8
-0.404538,0.400184,-0.131371,14,1
-12.4688,12.3389,0.919333,24,9
-0.502373,0.497139,-0.137382,24,2
-10.7838,10.6752,1.32756,14,10
-11.4872,11.3754,-2.56052,15,3
-11.5219,11.4138,1.99135,12,11
-10.2157,10.1234,-1.76589,20,4
-8.92795,8.85038,1.9911,44,12
-8.36811,8.2954,-1.03088,9,5
-10.0914,10.0072,2.76253,12,13
-14.9932,14.8733,-1.1068,51,6
-9.65922,9.58533,3.14167,48,14
-16.8342,16.7113,-0.414041,17,7
-0.410736,0.408877,-0.155291,12,0
-23.3415,23.244,0.574987,13,8
-0.397616,0.396092,-0.129572,14,1
-0.520104,0.518291,-0.142725,22,2
-10.7959,10.762,1.33366,11,10
-10.5292,10.5035,1.82609,24,11
-10.1831,10.1618,-1.76637,33,4
-8.83689,8.82148,1.97764,52,12
-8.36871,8.35412,-1.03454,24,5
-8.11848,8.10715,2.23018,21,13
-14.5964,14.5812,-1.08126,24,6
-8.50365,8.49771,2.77545,42,14
-39.3188,39.3051,-0.970424,26,7
-8.05818,8.05818,3.05355,24,15
-16.2877,16.3276,0.402557,2,8
-0.412813,0.413967,-0.134971,14,1
-11.3354,11.3711,0.841458,12,9
-0.489275,0.490814,-0.134711,25,2
-12.8556,12.9006,1.59338,16,10
-11.6256,11.6703,-2.60901,18,3
-12.7971,12.8508,2.2268,9,11
-10.1409,10.187,-1.76491,20,4
-8.34658,8.38747,-1.03524,24,5
-13.7988,13.8761,-1.02558,7,6
-8.50565,8.55627,2.78534,53,14
-13.7473,13.834,-0.340427,29,7
-9.21319,9.2745,3.50286,45,15
-13.6482,13.7774,0.338507,34,8
-0.394911,0.398789,-0.129572,14,1
-0.501371,0.506472,-0.138527,24,2
-10.7855,10.899,1.3415,25,10
-8.22699,8.3165,-1.85281,11,3
-10.5049,10.6229,1.83438,4,11
-11.4897,11.6228,-2.0067,29,4
-8.30325,8.40239,-1.03349,40,5
-8.23696,8.33821,2.27826,30,13
-13.7503,13.9241,-1.02558,30,6
-8.45382,8.56372,2.77815,89,14
-9.00846,9.13194,3.43712,45,15
-0.406504,0.413084,-0.155291,12,0
-0.426309,0.433512,-0.140369,13,1
-12.3025,12.5103,0.919543,15,9
-0.491342,0.499818,-0.136238,25,2
-10.6328,10.82,1.32721,28,10
-8.21591,8.36348,-1.85688,60,3
-10.4037,10.5943,1.82317,16,11
-11.431,11.6444,-2.00353,42,4
-8.92288,9.08951,2.01738,11,12
-8.11897,8.27347,-1.01414,65,5
-8.03594,8.19172,2.23056,81,13
-14.4455,14.7307,-1.08126,16,6
-8.51255,8.68363,2.80739,97,14
-17.0419,17.3844,-0.424931,8,7
-7.85721,8.01792,3.008,16,15
-24.9237,25.5046,0.622458,5,8
-0.397634,0.407044,-0.131371,14,1
-11.4312,11.7059,0.857472,4,9
-0.49508,0.50715,-0.137764,24,2
-8.74985,8.9663,1.09607,100,10
-8.18537,8.38785,-1.85625,41,3
-10.4975,10.7609,1.84583,8,11
-11.3701,11.6595,-1.99963,22,4
-8.86353,9.09231,2.01112,35,12
-8.0372,8.24754,-1.00752,29,5
-7.9964,8.20567,2.22712,20,13
-14.4579,14.8415,-1.08587,49,6
-7.99426,8.20921,2.64542,30,14
-16.917,17.3779,-0.423326,8,7
-7.82783,8.04392,3.00748,51,15
-24.822,25.5785,0.622143,20,8
-0.369073,0.380455,-0.122373,15,1
-12.6723,13.0676,0.95398,3,9
-0.498862,0.514426,-0.139291,24,2
-8.61606,8.88798,1.083,22,10
-8.28251,8.54688,-1.88504,38,3
-10.8231,11.1725,1.90994,45,11
-7.95844,8.21821,-1.40467,38,4
-8.86746,9.1601,2.01926,7,12
-8.09157,8.3586,-1.0178,45,5
-11.369,11.7524,-0.856949,68,6
-7.92221,8.19223,2.63103,48,14
-15.7735,16.3168,-0.396135,66,7
-9.20124,9.5215,3.54789,13,15
-12.2622,12.7245,0.308454,1,8
-0.383967,0.398582,-0.127772,14,1
-0.502511,0.521821,-0.140817,23,2
-8.23619,8.55866,-1.88128,10,3
-9.25093,9.6165,1.63841,3,11
-7.9242,8.24021,-1.40369,31,4
-8.05544,8.37962,-1.01693,29,5
-14.2474,14.8311,-1.07781,33,6
-7.70055,8.01884,2.56669,86,14
-25.1638,26.213,-0.634255,100,7
-12.0698,12.6127,0.304719,14,8
-0.420291,0.439349,-0.140369,13,1
-0.489831,0.512221,-0.137764,24,2
-8.40373,8.79093,1.064,81,10
-8.18033,8.56022,-1.87534,12,3
-11.0136,11.5291,1.95771,4,11
-7.92288,8.29372,-1.40832,26,4
-8.0399,8.4221,-1.01868,22,5
-14.452,15.1496,-1.09728,25,6
-7.65508,8.02459,2.56039,43,14
-39.8224,41.7593,-1.00721,27,7
-11.6586,12.2642,0.295365,8,8
-0.402723,0.423789,-0.134971,14,1
-12.5393,13.1953,0.95398,12,9
-0.485426,0.510996,-0.137001,24,2
-8.47606,8.92566,1.0769,72,10
-7.8051,8.22198,-1.79555,65,3
-10.9452,11.5339,1.95235,46,11
-8.12626,8.56329,-1.44951,20,4
-9.39829,9.90719,2.16286,1,12
-8.00781,8.44437,-1.01815,58,5
-7.64479,8.06438,2.15996,60,13
-12.5951,13.291,-0.959632,17,6
-7.58821,8.0075,2.5469,52,14
-27.7811,29.3264,-0.705112,64,7
-7.83715,8.27597,3.05406,2,15
-11.4147,12.0876,0.290199,13,8
-0.385263,0.408117,-0.129572,14,1
-0.494508,0.524026,-0.140054,23,2
-8.53391,9.04648,1.08805,49,10
-7.75068,8.21907,-1.7893,55,3
-11.1275,11.8041,1.99183,8,11
-8.28011,8.78664,-1.48242,6,4
-7.98648,8.48098,-1.0192,60,5
-7.61531,8.08683,2.15919,70,13
-14.087,14.9644,-1.07707,8,6
-8.07438,8.58032,2.72011,100,14
-12.8973,13.7102,-0.328559,29,7
-10.9963,11.7263,0.2806,16,8
-0.397164,0.423677,-0.134071,14,1
-12.7597,13.6162,0.97795,21,9
-0.4899,0.522969,-0.139291,24,2
-7.77855,8.30944,-1.80275,30,3
-11.0808,11.8371,1.99086,8,11
-7.82349,8.36037,-1.40588,41,4
-8.70814,9.30898,2.01894,25,12
-7.96227,8.51463,-1.0199,58,5
-7.67545,8.21077,2.18476,24,13
-12.6111,13.4954,-0.968006,36,6
-10.9724,11.7459,-0.280565,23,7
-8.16683,8.7456,3.20625,34,15
-11.3075,12.147,0.289675,42,8
-0.395608,0.42513,-0.134071,14,1
-12.7297,13.6797,0.979311,7,9
-0.501443,0.539051,-0.143107,22,2
-8.24509,8.86657,1.05929,51,10
-7.66746,8.24828,-1.78367,62,3
-12.2022,13.1311,2.20096,9,11
-7.66859,8.25239,-1.38322,41,4
-9.33302,10.047,2.17194,9,12
-7.91895,8.52777,-1.01815,54,5
-7.77363,8.37421,2.22102,91,13
-12.7052,13.6916,-0.978892,47,6
-8.24228,8.88217,2.79749,23,14
-12.7564,13.7515,-0.327407,73,7
-8.22688,8.87179,3.24197,12,15
-0.393551,0.425443,-0.155291,12,0
-12.7687,13.8083,0.32828,10,8
-0.402133,0.435025,-0.13677,13,1
-12.264,13.2672,0.946862,13,9
-0.483664,0.523408,-0.138527,24,2
-8.28324,8.96704,1.06801,74,10
-7.68161,8.31865,-1.79337,11,3
-10.9441,11.8558,1.98111,4,11
-7.656,8.29382,-1.3859,15,4
-8.44363,9.15027,1.97201,16,12
-7.95006,8.61842,-1.02582,18,5
-7.80171,8.46056,2.23704,14,13
-12.7139,13.7924,-0.983079,39,6
-8.14013,8.83065,2.77275,23,14
-11.3719,12.3409,-0.292921,100,7
-8.34401,9.05816,3.29994,9,15
-11.0955,12.0789,0.286289,13,8
-0.400688,0.436356,-0.13677,13,1
-0.495202,0.539472,-0.142344,22,2
-8.19689,8.9328,1.06069,58,10
-9.00764,9.82322,1.63646,63,11
-7.69809,8.39805,-1.39882,11,4
-8.40497,9.17241,1.97045,22,12
-12.6958,13.8551,-1.64411,18,5
-10.7851,11.7781,-0.836957,12,6
-8.10005,8.84895,2.7696,23,14
-11.3071,12.3569,-0.292363,31,7
-10.878,11.9255,0.281752,17,8
-0.378154,0.414713,-0.129572,14,1
-15.0464,16.5068,1.17055,14,9
-0.494638,0.542648,-0.142725,22,2
-8.21128,9.01143,1.06661,18,10
-8.21942,9.02353,-1.93322,12,3
-11.0361,12.1242,-2.01304,51,4
-12.7869,14.0526,-1.66223,18,5
-10.7507,11.8231,-0.83748,19,6
-15.1423,16.6645,-0.393028,97,7
-8.29616,9.13336,3.30615,16,15
-10.3356,11.4106,0.268732,16,8
-0.381936,0.421808,-0.131371,14,1
-12.0226,13.2823,0.938907,5,9
-0.492741,0.544371,-0.142725,45,2
-8.1517,9.00902,1.06295,74,10
-8.1998,9.06535,-1.93603,47,3
-9.39151,10.3865,1.71933,7,11
-11.019,12.1907,-2.01767,56,4
-10.4696,11.587,-1.36625,10,5
-7.75235,8.5827,2.24811,19,13
-10.8204,11.9836,-0.846168,19,6
-7.73776,8.57256,2.66612,86,14
-10.9848,12.1742,-0.286219,100,7
-8.18142,9.07045,3.27303,22,15
-11.2559,12.5141,0.293794,14,8
-0.37525,0.417343,-0.129572,14,1
-11.3299,12.6053,0.888246,5,9
-0.488213,0.543168,-0.141962,46,2
-8.10156,9.01667,1.06051,27,10
-10.5639,11.7612,-2.50389,20,3
-10.7146,11.9332,1.96917,17,11
-10.9591,12.2098,-2.0145,24,4
-8.5446,9.5231,2.02645,48,12
-12.1229,13.5112,-1.58815,33,5
-7.65286,8.53225,2.22789,46,13
-14.0505,15.6705,-1.10303,21,6
-7.83395,8.74028,2.70976,46,14
-11.2545,12.561,-0.294387,93,7
-8.87406,9.90769,3.56394,29,15
-0.386142,0.43218,-0.155291,12,0
-11.1096,12.4385,0.291106,8,8
-0.38677,0.433186,-0.134071,14,1
-9.34464,10.4661,0.73532,19,9
-0.490236,0.549263,-0.143107,56,2
-8.04749,9.01962,1.05755,11,10
-11.0382,12.3759,-2.62653,16,3
-11.8261,13.264,2.18195,9,11
-7.71367,8.65156,-1.42319,35,4
-8.38285,9.4054,1.99548,19,12
-11.0777,12.4333,-1.4569,31,5
-7.60867,8.54278,2.22369,47,13
-10.9676,12.3184,-0.864381,35,6
-7.81011,8.77203,2.71156,100,14
-10.9669,12.3219,-0.28793,86,7
-9.3882,10.5519,3.78445,13,15
-12.1578,13.7033,0.319763,13,8
-0.395675,0.44613,-0.13767,13,1
-9.17206,10.3416,0.724434,44,9
-0.487109,0.549416,-0.142725,56,2
-7.9845,9.00898,1.05319,11,10
-10.536,11.892,-2.51641,33,3
-8.22982,9.29232,1.5241,35,11
-7.74943,8.74991,-1.43513,22,4
-10.7961,12.1984,-1.42517,13,5
-7.61802,8.61061,2.23476,47,13
-10.9862,12.422,-0.869091,35,6
-7.69448,8.70008,2.68142,82,14
-15.677,17.732,-0.413133,8,7
-15.1559,17.1971,0.400114,18,8
-0.365853,0.415271,-0.127772,14,1
-0.495665,0.562815,-0.145778,53,2
-11.4921,13.0536,1.52156,39,10
-10.5213,11.9551,-2.52235,39,3
-8.1793,9.2972,1.52044,49,11
-7.67034,8.72175,-1.42612,59,4
-11.1476,12.6801,2.67409,42,12
-12.0447,13.7006,-1.596,13,5
-7.54925,8.59011,2.22292,38,13
-15.3121,17.4294,-1.21587,21,6
-7.67435,8.7386,2.68502,68,14
-12.3062,14.0177,-0.325592,29,7
-8.00494,9.12145,3.2518,18,15
-0.381747,0.436066,-0.155291,12,0
-10.8408,12.3878,0.287336,9,8
-0.382365,0.437079,-0.134071,14,1
-11.6017,13.2665,0.923625,8,9
-0.488528,0.558631,-0.144252,55,2
-8.93533,10.2211,1.18776,70,10
-7.33902,8.39807,-1.76646,20,3
-8.21209,9.40044,1.53263,31,11
-7.43224,8.51073,-1.38736,52,4
-8.17903,9.36919,1.96982,44,12
-10.9198,12.5088,-1.45271,31,5
-10.6034,12.1549,-0.84533,16,6
-7.60409,8.71981,2.67107,48,14
-12.3032,14.1134,-0.326814,36,7
-9.26635,10.6334,3.77928,22,15
-0.380223,0.437396,-0.155291,12,0
-9.11862,10.4935,0.242658,11,8
-0.383393,0.441354,-0.134971,14,1
-0.500734,0.576638,-0.148449,41,2
-8.98841,10.3546,1.19961,100,10
-7.27342,8.38186,-1.7577,55,3
-7.93989,9.15314,1.48778,38,11
-7.4363,8.57562,-1.3937,35,4
-8.38952,9.6783,2.02864,17,12
-10.9361,12.6161,-1.46073,14,5
-14.0498,16.2195,-1.1246,13,6
-7.54172,8.70947,2.65982,64,14
-9.30249,10.7505,3.8093,23,15
-0.378693,0.438721,-0.155291,12,0
-0.379304,0.439738,-0.134071,14,1
-9.02416,10.4657,0.724225,128,9
-0.476924,0.553106,-0.141962,46,2
-8.81953,10.232,1.18183,50,10
-7.17835,8.33088,-1.74174,60,3
-7.88068,9.14921,1.48266,73,11
-7.4931,8.70231,-1.41003,52,4
-10.4034,12.0865,2.52579,7,12
-11.8915,13.8154,-1.59478,37,5
-7.58821,8.819,2.26147,54,13
-10.3906,12.0802,-0.835073,19,6
-7.76537,9.03127,2.7498,19,14
-9.22462,10.736,3.79273,25,15
-9.03734,10.5478,0.242449,100,8
-0.370161,0.432179,-0.131371,14,1
-0.472436,0.551785,-0.141199,23,2
-11.082,12.9479,1.49106,26,10
-7.47944,8.74803,-1.4132,17,4
-11.9338,13.9628,-1.60698,28,5
-8.12106,9.50518,2.43014,36,13
-9.07679,10.6351,-0.244054,53,7
-0.375622,0.441354,-0.155291,12,0
-0.376225,0.442375,-0.134071,14,1
-11.3351,13.3328,0.917135,8,9
-0.476866,0.56091,-0.143107,22,2
-11.0561,13.0093,1.49368,29,10
-7.87573,9.27361,1.49387,73,11
-7.41675,8.73625,-1.4071,13,4
-8.28388,9.76111,2.0277,77,12
-8.13864,9.59336,2.44541,12,13
-9.09949,10.7297,-0.737309,59,6
-9.06159,10.6926,-0.244648,96,7
-8.41519,9.93339,3.48836,1,15
-8.18614,9.68356,0.221331,10,8
-0.367286,0.434624,-0.131371,14,1
-11.1565,13.2067,0.90604,5,9
-0.468766,0.554906,-0.141199,23,2
-11.0448,13.079,1.49768,26,10
-10.3812,12.2975,-2.54894,20,3
-7.86704,9.32258,1.49777,35,11
-7.42766,8.80503,-1.41442,44,4
-8.55626,10.1465,2.10217,33,12
-9.13472,10.8325,-1.2397,77,5
-8.31977,9.86955,2.50914,24,13
-9.07217,10.7659,-0.737832,87,6
-11.5543,13.7163,4.14045,11,14
-15.9023,18.8846,-0.430935,44,7
-14.48,17.2016,6.02479,2,15
-0.372686,0.443835,-0.155291,12,0
-8.15229,9.71207,0.221331,17,8
-0.380798,0.453818,-0.13677,13,1
-9.75367,11.6281,0.795402,11,9
-0.470611,0.561052,-0.142344,22,2
-8.52197,10.1633,1.16039,37,10
-9.22911,11.0105,-2.2755,84,3
-7.51062,8.96351,1.43586,40,11
-9.1572,10.9325,-1.75102,50,4
-8.69959,10.3898,2.14628,30,12
-9.12115,10.8933,-1.24302,30,5
-8.07987,9.65314,2.44693,83,13
-9.92658,11.8636,-0.810684,87,6
-8.88949,10.6279,3.1988,18,14
-11.4173,13.655,-0.310688,83,7
-14.1671,16.9497,5.91919,24,15
-11.0809,13.295,0.302101,8,8
-0.379212,0.455144,-0.13677,13,1
-9.72325,11.6743,0.796239,11,9
-0.477445,0.573251,-0.145015,32,2
-10.8601,13.044,1.48496,68,10
-9.18809,11.0396,-2.27487,81,3
-7.61386,9.15142,1.4617,63,11
-7.23273,8.69641,-1.38882,20,4
-7.87146,9.46776,1.95011,24,12
-11.5122,13.8518,-1.57578,16,5
-8.01852,9.64807,2.43854,14,13
-10.0051,12.0426,-0.820523,52,6
-11.8093,14.2194,4.26732,15,14
-14.7699,17.7904,-0.403604,92,7
-14.1683,17.0719,5.94456,22,15
-28.0088,33.8448,0.766824,8,8
-0.387558,0.468477,-0.140369,13,1
-0.467836,0.565918,-0.142725,45,2
-10.7983,13.0668,1.48304,26,10
-9.15386,11.0809,-2.27643,73,3
-7.50601,9.08612,1.44708,40,11
-10.3977,12.5911,-2.00499,24,4
-7.78806,9.43424,1.9376,86,12
-11.058,13.4001,-1.52,34,5
-9.93547,12.0484,-0.81843,81,6
-9.64656,11.7022,-0.264718,99,7
-9.0974,11.04,3.83311,4,15
-9.74544,11.8643,0.267999,46,8
-0.336372,0.409652,-0.122373,15,1
-0.469594,0.5721,-0.14387,44,2
-8.31849,10.1379,1.14732,17,10
-9.24165,11.267,-2.30803,14,3
-7.41351,9.04142,1.43562,37,11
-7.2282,8.81857,-1.40004,17,4
-7.84774,9.57442,1.96075,42,12
-9.98203,12.1826,-1.37793,18,5
-7.87339,9.61255,2.41526,17,13
-9.90726,12.1,-0.819581,71,6
-8.23398,10.06,3.0013,55,14
-9.56513,11.6863,-0.263601,75,7
-14.2078,17.3648,6.01185,5,15
-0.366375,0.449059,-0.155291,12,0
-9.69214,11.8795,0.267615,45,8
-0.396595,0.486273,-0.144868,12,1
-10.7313,13.1625,0.890025,13,9
-0.468835,0.575258,-0.144252,55,2
-18.0611,22.1688,2.50172,28,10
-9.24292,11.3451,-2.31773,35,3
-7.46622,9.16754,1.45171,20,11
-7.20268,8.84711,-1.40077,39,4
-7.87288,9.67377,1.97545,17,12
-10.8359,13.3194,-1.50222,34,5
-7.84891,9.64775,2.41755,29,13
-9.9616,12.249,-0.827432,26,6
-8.294,10.2021,3.03549,10,14
-15.424,18.9792,-0.426886,17,7
-14.1666,17.4382,6.02013,17,15
-7.81539,9.64777,0.216724,22,8
-0.366688,0.452822,-0.134521,14,1
-0.475571,0.587491,-0.146923,52,2
-17.9825,22.2224,2.50102,7,10
-9.56727,11.8272,-2.4094,56,3
-7.47786,9.24758,1.46024,80,11
-7.18204,8.88175,-1.40247,30,4
-10.9583,13.5613,-1.5254,37,5
-7.7461,9.58956,2.39618,64,13
-9.92631,12.293,-0.82806,35,6
-8.52824,10.5616,3.13402,8,14
-10.7288,13.2916,-0.298157,30,7
-15.6421,19.3855,6.67443,7,15
-7.73196,9.60975,0.215293,42,8
-0.382284,0.475295,-0.140819,13,1
-8.08263,10.0492,0.675867,70,9
-0.4687,0.582945,-0.145396,54,2
-29.0698,36.1685,4.05971,16,10
-9.51067,11.8373,-2.40502,68,3
-7.51428,9.3559,1.4734,14,11
-10.3447,12.88,-2.02839,18,4
-11.0018,13.7079,-1.53778,29,5
-7.70934,9.60907,2.39465,37,13
-9.2582,11.5437,-0.775514,16,6
-8.33955,10.3983,3.07733,36,14
-10.6784,13.3193,-0.297982,100,7
-11.847,14.7822,5.07596,3,15
-9.57887,11.9864,0.267825,52,8
-0.383138,0.479605,-0.141719,13,1
-0.460638,0.576825,-0.143488,55,2
-8.26851,10.3578,1.15952,5,10
-10.0271,12.5652,-2.54613,35,3
-7.42255,9.30473,1.46146,91,11
-10.2712,12.8804,-2.02279,18,4
-7.83735,9.83175,1.99141,23,12
-10.8806,13.6543,-1.52749,28,5
-8.3528,10.4821,2.60531,4,13
-8.26071,10.374,3.06158,19,14
-12.1911,15.3153,-0.341683,100,7
-9.40399,11.8521,0.26409,90,8
-0.364508,0.459565,-0.135421,13,1
-8.16366,10.2963,0.688637,17,9
-0.458521,0.57851,-0.143488,44,2
-9.24136,11.6639,1.30193,14,10
-6.60081,8.33412,-1.68386,20,3
-7.43563,9.38816,1.47048,38,11
-7.34527,9.2774,-1.45293,19,4
-7.75762,9.80173,1.97983,21,12
-10.6338,13.4406,-1.49943,34,5
-8.40688,10.6297,2.63431,1,13
-9.30001,11.7632,-0.785877,29,6
-18.0371,22.8225,-0.50776,53,7
-7.94478,10.0562,3.43401,31,15
-9.28377,11.7891,0.261926,76,8
-0.348356,0.442523,-0.130022,14,1
-8.13879,10.3388,0.689579,26,9
-0.46257,0.587821,-0.145396,43,2
-11.2812,14.341,1.59634,6,10
-6.59,8.3804,-1.68855,10,3
-7.31284,9.30298,1.45293,50,11
-10.3922,13.2251,-2.0652,72,4
-9.66396,12.2984,2.4773,20,12
-9.6195,12.2462,-1.36242,26,5
-8.35396,10.6389,2.62935,10,13
-7.97815,10.1676,2.98375,27,14
-13.7306,17.4987,-0.388246,32,7
-7.93586,10.1173,3.4454,43,15
-9.25449,11.8324,0.262205,72,8
-0.366092,0.468239,-0.13722,13,1
-11.9978,15.3509,1.02107,20,9
-0.460515,0.589432,-0.145396,32,2
-9.99241,12.7943,1.42029,37,10
-6.55609,8.39443,-1.68699,13,3
-7.29295,9.34126,1.45512,40,11
-10.1981,13.067,-2.03522,40,4
-7.86155,10.0768,2.02426,31,12
-9.58404,12.2891,-1.36346,23,5
-11.6485,14.9363,3.68185,40,13
-9.09447,11.6655,-0.7752,35,6
-7.96356,10.2186,2.99095,31,14
-9.22684,11.8439,-0.262065,67,7
-7.85183,10.0825,3.42418,36,15
-0.355533,0.457691,-0.155291,12,0
-9.23275,11.8899,0.262763,34,8
-0.359675,0.463356,-0.135421,13,1
-13.981,18.0112,1.19493,13,9
-0.45254,0.5832,-0.143488,22,2
-14.1678,18.265,2.02236,4,10
-7.26272,9.3698,1.45561,64,11
-10.0247,12.9378,-2.00963,45,4
-7.82204,10.095,2.0227,24,12
-9.66402,12.4768,-1.38072,15,5
-11.6444,15.0389,3.69712,21,13
-9.59281,12.3937,-0.821361,45,6
-7.84317,10.1369,2.95901,21,14
-9.17283,11.8554,-0.261646,26,7
-9.32272,12.0883,0.266463,18,8
-0.372414,0.483067,-0.140819,13,1
-0.43852,0.569224,-0.139672,23,2
-7.62454,9.90066,1.09328,18,10
-6.45902,8.38721,-1.67666,11,3
-7.4072,9.62192,1.49095,17,11
-7.74941,10.0737,2.013,33,12
-10.2933,13.3854,-1.47729,33,5
-11.4233,14.8549,3.64254,16,13
-9.54314,12.4144,-0.820628,26,6
-7.82138,10.1783,2.96351,55,14
-9.11921,11.8715,-0.261297,41,7
-13.0694,17.02,5.74992,12,15
-9.38623,12.2589,0.2695,7,8
-0.370726,0.484364,-0.140819,13,1
-7.62462,9.96177,0.657444,105,9
-0.453332,0.592504,-0.145015,21,2
-7.55293,9.87525,1.0877,100,10
-7.53751,9.86221,1.5241,14,11
-9.55441,12.5057,-1.93236,65,4
-7.56126,9.89687,1.97264,60,12
-10.2186,13.3799,-1.47293,33,5
-11.2213,14.6981,3.59446,27,13
-11.5403,15.1213,-0.996895,72,6
-7.79054,10.2117,2.9653,17,14
-9.13922,11.9796,-0.263008,29,7
-12.3873,16.243,5.47351,12,15
-9.28258,12.2072,0.267685,48,8
-0.364401,0.479385,-0.13902,13,1
-0.458386,0.603463,-0.147305,21,2
-8.98836,11.8374,1.30036,31,10
-6.48182,8.53639,-1.69763,30,3
-7.33073,9.65788,1.48876,17,11
-9.59687,12.648,-1.94942,22,4
-9.53623,12.5772,-1.3809,5,5
-8.77167,11.5688,2.82207,11,13
-10.5382,13.9037,-0.914309,16,6
-7.68719,10.1459,2.93876,4,14
-8.67357,11.4519,-0.250756,43,7
-7.99139,10.555,3.54737,4,15
-0.34927,0.462488,-0.155291,12,0
-0.35803,0.474432,-0.13722,13,1
-9.04606,11.9871,0.787028,27,9
-0.437465,0.579903,-0.141199,23,2
-13.6551,18.1078,1.98419,52,10
-6.03343,8.00372,-1.5875,57,3
-7.26711,9.64377,1.48266,49,11
-6.43204,8.53561,-1.31229,5,4
-9.52564,12.6501,-1.38543,2,5
-8.13735,10.8104,2.63011,11,13
-9.40519,12.4992,-0.81979,39,6
-8.93183,11.8702,3.4296,18,14
-9.43131,12.5385,-0.273863,33,7
-0.347734,0.463644,-0.155291,12,0
-7.5619,10.0862,0.22004,20,8
-0.347105,0.463141,-0.133621,14,1
-7.70186,10.2766,0.67304,40,9
-0.449665,0.600205,-0.145778,21,2
-7.42272,9.91133,1.08335,36,10
-6.71598,8.9709,-1.77491,16,3
-7.23152,9.66305,1.48193,42,11
-9.58177,12.8035,-1.96356,20,4
-7.37431,9.85744,1.9498,82,12
-9.45261,12.6402,-1.3809,2,5
-9.52628,12.748,-0.834026,22,6
-8.92508,11.9434,3.4422,18,14
-8.59384,11.5044,-0.250651,77,7
-0.346195,0.464794,-0.155291,12,0
-7.52125,10.1016,0.219831,58,8
-0.347894,0.467416,-0.134521,14,1
-9.12163,12.2599,0.800845,30,9
-0.437125,0.587517,-0.142344,45,2
-7.35652,9.89113,1.07847,11,10
-7.79525,10.4848,-2.06932,15,3
-7.10826,9.5643,1.46316,63,11
-9.51689,12.8098,-1.95942,65,4
-7.34575,9.89105,1.95136,49,12
-9.35362,12.5947,-1.37253,23,5
-7.56811,10.1942,2.46792,41,13
-9.51253,12.818,-0.836538,3,6
-7.73736,10.4298,2.99815,8,14
-8.47144,11.4235,-0.248243,22,7
-8.32821,11.2344,3.74718,12,15
-0.34457,0.466,-0.155291,12,0
-7.5228,10.1776,0.220913,16,8
-0.348577,0.471762,-0.135421,13,1
-9.15473,12.3945,0.807544,10,9
-0.44207,0.598514,-0.144633,44,2
-11.5788,15.6821,1.70546,100,10
-7.16086,9.70567,1.48096,45,11
-9.44737,12.8094,-1.9543,38,4
-6.88703,9.34133,-1.01536,24,5
-7.53015,10.2174,2.46716,47,13
-9.12062,12.38,-0.805869,45,6
-7.69975,10.4551,2.9977,8,14
-8.4813,11.5206,-0.249709,21,7
-8.07367,10.9709,3.64987,10,15
-9.21204,12.5544,0.271804,52,8
-0.337707,0.460406,-0.131821,14,1
-9.07007,12.37,0.80388,21,9
-0.439978,0.600054,-0.144633,44,2
-11.2436,15.34,1.66398,38,10
-6.67929,9.11607,-1.78992,37,3
-7.08589,9.67455,1.47243,28,11
-9.57498,13.0778,-1.99013,67,4
-6.91909,9.45374,-1.02495,24,5
-7.61268,10.4052,2.50609,38,13
-9.0856,12.423,-0.806602,58,6
-8.06154,11.0349,3.66177,13,15
-9.17522,12.5962,0.272013,27,8
-0.340686,0.467883,-0.133621,14,1
-11.5033,15.804,1.02442,22,9
-0.445968,0.612697,-0.147305,52,2
-12.5932,17.3076,1.87263,33,10
-6.31047,8.67605,-1.69919,63,3
-10.448,14.3698,2.18146,23,11
-9.25268,12.7305,-1.93236,38,4
-8.72701,12.0117,-1.29897,26,5
-7.5567,10.4047,2.4996,27,13
-10.4503,14.3941,-0.932208,38,6
-7.64259,10.5307,3.004,23,14
-7.95379,10.9676,3.6302,15,15
-0.339671,0.469583,-0.155291,12,0
-9.10308,12.5893,0.271176,13,8
-0.348183,0.481704,-0.13722,13,1
-8.85131,12.2501,0.792052,24,9
-0.42543,0.588789,-0.141199,46,2
-12.5362,17.3563,1.87315,70,10
-6.24545,8.64998,-1.68981,40,3
-7.20057,9.97649,1.51069,17,11
-6.93634,9.61392,-1.45561,15,4
-7.70611,10.6848,2.08652,15,12
-8.69203,12.0518,-1.30001,10,5
-8.42622,11.6875,2.80069,7,13
-10.4373,14.4824,-0.935558,17,6
-7.52947,10.4514,2.97385,87,14
-0.33803,0.470765,-0.155291,12,0
-0.353316,0.492417,-0.13992,13,1
-11.8549,16.5282,1.06598,8,9
-0.432526,0.603033,-0.144252,44,2
-9.81929,13.6952,1.47433,25,10
-6.24629,8.71508,-1.69825,37,3
-11.8203,16.4982,2.49198,11,11
-6.89349,9.62517,-1.45366,15,4
-7.23295,10.1029,1.96795,31,12
-9.75753,13.6292,-1.46648,33,5
-10.5071,14.6816,3.50936,5,13
-10.317,14.4212,-0.929277,49,6
-7.46914,10.4443,2.96441,25,14
-8.88016,12.422,-0.266533,100,7
-7.86131,11.0008,3.62295,13,15
-0.336467,0.471884,-0.155291,12,0
-8.93825,12.5402,0.268802,33,8
-0.347158,0.487237,-0.13812,13,1
-8.33786,11.7065,0.753219,0,9
-0.433941,0.609261,-0.145396,43,2
-9.75071,13.6952,1.47084,3,10
-8.64794,12.1509,-2.36216,9,3
-10.6872,15.0217,2.2636,19,11
-5.97795,8.40558,-1.26647,8,4
-10.4443,14.6911,2.85493,38,12
-9.76307,13.7329,-1.47415,21,5
-7.4719,10.514,2.50723,7,13
-6.72962,9.473,-0.608981,37,6
-8.69704,12.247,3.46785,20,14
-9.21743,12.9846,-0.277947,48,7
-7.80689,11.0016,3.61467,12,15
-0.334818,0.473055,-0.155291,12,0
-11.9955,16.9544,0.362521,13,8
-0.338704,0.4789,-0.135421,13,1
-8.43876,11.9361,0.766094,16,9
-0.436345,0.617185,-0.146923,31,2
-9.71549,13.7471,1.47276,100,10
-6.02269,8.52507,-1.6532,47,3
-9.71635,13.7585,2.06812,35,11
-5.95545,8.43613,-1.26793,15,4
-10.4829,14.855,2.87965,30,12
-6.64559,9.41723,-1.00839,18,5
-6.71839,9.52745,-0.61097,37,6
-7.49555,10.6335,3.00355,42,14
-8.891,12.6178,-0.26943,89,7
-7.75955,11.0162,3.61053,12,15
-0.333165,0.474221,-0.155291,12,0
-11.857,16.8833,0.360113,2,8
-0.33927,0.483269,-0.13632,13,1
-8.35438,11.9003,0.762012,7,9
-0.439827,0.626739,-0.148831,20,2
-9.57477,13.6488,1.45864,81,10
-6.02239,8.58809,-1.66133,60,3
-9.66028,13.781,2.06642,48,11
-5.91457,8.44061,-1.26549,5,4
-7.83087,11.1753,2.1613,10,12
-6.54409,9.34246,-0.997933,68,5
-7.41972,10.5965,2.51448,35,13
-6.69768,9.56884,-0.612121,37,6
-8.55564,12.2278,-0.260495,100,7
-7.81598,11.1748,3.65401,24,15
-0.331507,0.475381,-0.155291,12,0
-8.83267,12.666,0.269535,22,8
-0.339894,0.487589,-0.13722,13,1
-8.2614,11.8557,0.757301,22,9
-0.430903,0.618605,-0.146541,21,2
-9.53275,13.6903,1.45951,37,10
-6.09885,8.75877,-1.69043,47,3
-9.85949,14.1648,2.11906,4,11
-7.76294,11.1569,-1.66888,22,4
-7.80196,11.2172,2.16411,3,12
-6.56035,9.43559,-1.00543,63,5
-6.72519,9.67628,-0.617564,50,6
-8.43816,12.1454,3.41431,18,14
-8.47754,12.2067,-0.259413,23,7
-0.301335,0.435183,-0.141833,14,0
-11.5255,16.6512,0.353481,51,8
-0.349278,0.504798,-0.141719,13,1
-8.20633,11.8647,0.756045,39,9
-0.43555,0.629719,-0.148831,20,2
-9.48504,13.7186,1.45916,15,10
-5.91437,8.55738,-1.64757,46,3
-16.7991,24.3153,3.62878,11,11
-6.78088,9.81843,-1.46511,19,4
-7.79419,11.2899,2.17287,0,12
-6.4362,9.32284,-0.991135,70,5
-7.49907,10.8665,2.56638,18,13
-10.3342,14.9803,-0.953771,28,6
-17.2096,24.956,6.99868,30,14
-8.4065,12.195,-0.25854,25,7
-7.6742,11.1368,3.62398,4,15
-0.273553,0.398022,-0.12941,15,0
-0.34972,0.509226,-0.142619,13,1
-8.07782,11.7665,0.747986,38,9
-0.440016,0.640946,-0.151121,19,2
-8.7246,12.7134,1.349,6,10
-5.70456,8.31571,-1.5972,88,3
-9.87936,14.4069,2.1449,27,11
-5.9306,8.6517,-1.28792,11,4
-7.6855,11.216,2.15348,10,12
-6.45317,9.41757,-0.998805,68,5
-10.2425,14.9532,3.5231,6,13
-9.90045,14.4592,-0.918391,37,6
-8.16714,11.9323,3.33827,29,14
-8.36501,12.2259,-0.258575,28,7
-0.326595,0.47877,-0.155291,12,0
-12.9874,19.0459,0.402383,21,8
-0.325988,0.47824,-0.133621,14,1
-8.03426,11.7866,0.747567,69,9
-0.43446,0.637611,-0.149976,20,2
-8.70261,12.7767,1.35248,33,10
-5.76332,8.46457,-1.62191,57,3
-9.06057,13.3122,1.97721,8,11
-5.91416,8.68937,-1.2906,44,4
-7.67493,11.2806,2.16099,17,12
-6.38553,9.38896,-0.993401,55,5
-7.54445,11.0971,2.60836,4,13
-6.65044,9.78582,-0.620076,47,6
-0.270838,0.399875,-0.12941,15,0
-11.8086,17.4413,0.367652,4,8
-0.335323,0.495456,-0.13812,13,1
-7.95595,11.7553,0.743903,71,9
-0.429043,0.63417,-0.148831,20,2
-8.04296,11.8928,1.25609,2,10
-5.79386,8.57037,-1.63849,47,3
-8.93078,13.2155,1.95844,51,11
-7.23243,10.7024,-1.58601,55,4
-9.14795,13.542,2.58837,20,12
-6.40564,9.48604,-1.00142,23,5
-10.0431,14.8839,-0.941001,14,6
-8.16522,12.1009,3.37022,24,14
-17.3033,25.6532,-0.540117,11,7
-13.3693,19.8283,6.40784,14,15
-0.323412,0.480925,-0.155291,12,0
-9.71027,14.445,0.303811,19,8
-0.333678,0.496566,-0.13812,13,1
-7.69413,11.4501,0.722969,25,9
-5.74504,8.55275,-2.00273,4,2
-9.31518,13.8729,1.46195,15,10
-5.60798,8.35499,-1.59375,62,3
-8.8106,13.1313,1.94162,57,11
-7.44825,11.1051,-1.64182,14,4
-9.1195,13.5969,2.59306,10,12
-6.38969,9.5304,-1.00386,42,5
-7.37778,11.0083,2.57592,32,13
-9.8981,14.7744,-0.931999,45,6
-8.23787,12.3009,3.41791,20,14
-12.3567,18.4512,-0.387618,40,7
-8.09557,12.093,3.89937,4,15
-8.55111,12.8121,0.268872,34,8
-0.336356,0.504154,-0.13992,13,1
-7.76272,11.6397,0.733227,13,9
-5.64001,8.46004,-1.9764,7,2
-9.30426,13.9617,1.46788,34,10
-5.56819,8.35546,-1.59031,51,3
-8.78681,13.1902,1.94601,41,11
-5.89631,8.85454,-1.3062,5,4
-6.3917,9.60573,-1.00944,56,5
-7.3173,10.9968,2.56753,12,13
-9.78268,14.7074,-0.925719,38,6
-8.17114,12.2892,3.40711,6,14
-9.63561,14.4973,-0.303846,45,7
-8.06507,12.1389,3.90506,18,15
-8.43566,12.7352,0.266638,25,8
-0.338898,0.511824,-0.141719,13,1
-5.59351,8.45086,-1.96991,11,2
-9.65808,14.5973,1.53133,29,10
-5.52264,8.35013,-1.58562,46,3
-9.8979,14.9711,2.20364,9,11
-7.09667,10.7382,-1.5804,50,4
-9.14957,13.8497,2.62904,61,12
-6.34004,9.59694,-1.0063,18,5
-7.27996,11.0239,2.56791,11,13
-9.52882,14.4348,-0.906459,64,6
-8.11424,12.2965,3.40126,27,14
-9.39006,14.2354,-0.297668,100,7
-0.318443,0.48423,-0.155291,12,0
-9.26553,14.0947,0.294422,10,8
-0.313565,0.477175,-0.131821,14,1
-8.07822,12.2979,0.771118,45,9
-5.56505,8.47198,-1.97029,9,2
-9.65629,14.7059,1.53917,22,10
-5.75903,8.77396,-1.66227,72,3
-9.90112,15.0902,2.21607,19,11
-7.06133,10.7662,-1.58089,76,4
-9.00477,13.7346,2.60119,40,12
-6.9685,10.6287,-1.11193,30,5
-8.90517,13.5878,3.15789,12,13
-9.41818,14.376,-0.900702,27,6
-8.09262,12.3574,3.41026,24,14
-13.1146,20.0335,-0.41795,8,7
-7.63634,11.6695,3.73683,4,15
-0.316751,0.485339,-0.155291,12,0
-11.2245,17.2052,0.358577,27,8
-0.318284,0.488061,-0.134521,14,1
-8.02433,12.3093,0.770071,54,9
-5.51936,8.46668,-1.96457,9,2
-8.47689,13.0085,1.35841,39,10
-5.8847,9.03401,-1.70764,62,3
-8.84318,13.5809,1.98988,63,11
-7.03236,10.8041,-1.58284,29,4
-8.77579,13.4877,2.54863,52,12
-8.47976,13.0328,-1.36033,18,5
-14.0867,21.6584,5.02209,16,13
-9.37556,14.4206,-0.901435,33,6
-8.00802,12.3218,3.39271,36,14
-7.65525,11.7835,-0.245276,100,7
-7.93856,12.2243,3.90558,29,15
-0.315055,0.486441,-0.155291,12,0
-7.61717,11.7653,0.244648,34,8
-0.333519,0.515345,-0.141719,13,1
-7.83161,12.1058,0.755627,64,9
-5.45245,8.4282,-1.95121,4,2
-8.00299,12.3755,1.28938,13,10
-5.78343,8.94666,-1.6873,22,3
-8.74616,13.535,1.97867,55,11
-6.98061,10.8069,-1.57967,63,4
-8.72759,13.5166,2.54832,57,12
-6.90386,10.6922,-1.1135,9,5
-14.3655,22.2567,5.14917,14,13
-7.51579,11.6488,-0.726528,52,6
-7.95651,12.3366,3.38911,20,14
-7.59674,11.7833,-0.244718,32,7
-7.73259,11.9986,3.82483,30,15
-0.313355,0.487538,-0.155291,12,0
-7.57821,11.7952,0.244718,45,8
-0.340143,0.529624,-0.145318,12,1
-7.67809,11.9553,0.744636,42,9
-5.3827,8.3844,-1.93671,9,2
-7.94467,12.3799,1.28694,24,10
-5.78096,9.01169,-1.69575,57,3
-7.09496,11.0685,-1.61428,42,4
-9.48649,14.7994,2.78422,13,12
-7.37278,11.5064,-1.1956,45,5
-14.2888,22.3084,5.14955,14,13
-8.18479,12.7834,-0.795507,48,6
-7.88398,12.3184,3.37652,11,14
-7.60073,11.8758,-0.246114,25,7
-7.74585,12.1072,3.85123,10,15
-0.311651,0.488629,-0.155291,12,0
-7.57992,11.8844,0.246044,20,8
-0.330004,0.517603,-0.141719,13,1
-7.62021,11.9567,0.743066,83,9
-5.44306,8.54389,-1.96915,9,2
-7.11587,11.174,1.159,12,10
-5.72876,8.99582,-1.68918,17,3
-8.59946,13.5089,1.96624,46,11
-7.06354,11.1004,-1.6155,47,4
-8.7361,13.7341,2.57804,23,12
-14.1062,22.185,5.11025,7,13
-10.0301,15.7805,-0.979939,14,6
-15.6172,24.5803,6.72334,9,14
-7.55816,11.9006,-0.246079,28,7
-7.73875,12.1896,3.86883,23,15
-0.33653,0.531927,-0.145318,12,1
-7.5432,11.9276,0.739612,59,9
-5.50074,8.69795,-2.00044,11,2
-8.40532,13.2959,1.37619,60,10
-5.691,9.00574,-1.6873,26,3
-8.48228,13.428,1.95015,46,11
-5.64587,8.94125,-1.2984,16,4
-8.68178,13.7545,2.57616,28,12
-7.40383,11.7298,-1.21356,35,5
-15.7457,24.9555,5.73572,17,13
-6.08597,9.64942,-0.597886,37,6
-15.101,23.9522,6.53708,9,14
-7.52297,11.937,-0.246288,21,7
-0.308318,0.490739,-0.155291,12,0
-0.316021,0.50339,-0.13722,13,1
-7.51532,11.9758,0.740973,16,9
-5.28877,8.42775,-1.93404,11,2
-8.3345,13.2863,1.37218,15,10
-5.68051,9.05902,-1.69356,65,3
-8.47121,13.5147,1.95844,55,11
-5.5925,8.92558,-1.29328,41,4
-8.47433,13.5302,2.52861,46,12
-15.7367,25.1351,5.76434,13,13
-5.98868,9.56902,-0.591606,30,6
-15.0318,24.0279,6.54338,9,14
-7.03701,11.2528,-0.231663,100,7
-15.6571,25.0469,7.91469,11,15
-0.306603,0.491812,-0.155291,12,0
-7.46246,11.975,0.246288,45,8
-0.322505,0.517723,-0.140819,13,1
-5.22715,8.39449,-1.92221,14,2
-8.72923,14.0241,1.44522,40,10
-5.67807,9.12576,-1.70232,16,3
-6.74254,10.845,-1.56797,39,4
-8.6109,13.8501,2.58305,45,12
-7.22815,11.6306,-1.19804,27,5
-15.6716,25.2266,5.77274,8,13
-5.94998,9.58138,-0.591082,54,6
-14.7207,23.7143,6.44395,45,14
-6.98067,11.2455,-0.231035,20,7
-9.83943,15.857,5.00038,3,15
-7.4448,12.0354,0.247021,68,8
-0.331035,0.535364,-0.145318,12,1
-7.76756,12.5669,0.774258,37,9
-5.28759,8.55799,-1.95541,9,2
-8.62577,13.9663,1.43615,78,10
-5.6592,9.16303,-1.70576,32,3
-9.07353,14.697,2.12077,45,11
-6.71383,10.8791,-1.56968,47,4
-9.27812,15.0402,2.79893,16,12
-8.684,14.0826,-1.44748,31,5
-15.5858,25.2751,5.77197,21,13
-5.97791,9.69797,-0.597049,16,6
-14.7064,23.8675,6.47229,27,14
-7.15531,11.6172,-0.238156,30,7
-15.4265,25.0559,7.88415,5,15
-0.303248,0.493888,-0.155291,12,0
-9.21656,15.0165,0.307546,24,8
-0.321012,0.523228,-0.141719,13,1
-7.79883,12.7166,0.781795,29,9
-5.22737,8.5236,-1.94358,4,2
-8.55234,13.9507,1.43162,40,10
-7.90716,12.9033,-2.39689,91,3
-9.05018,14.7743,2.12735,27,11
-5.84445,9.54475,-1.3742,16,4
-9.17194,14.9848,2.78266,31,12
-15.5016,25.336,5.7735,26,13
-7.20702,11.7838,-0.723911,16,6
-13.5862,22.2228,6.01339,7,14
-9.20857,15.0683,-0.308244,68,7
-10.802,17.6827,5.55219,13,15
-0.301522,0.494943,-0.155291,12,0
-7.7059,12.6541,0.25861,12,8
-0.311077,0.511029,-0.13812,13,1
-7.73674,12.7147,0.780015,43,9
-5.12308,8.41936,-1.91572,23,2
-8.46011,13.909,1.4243,100,10
-5.60536,9.21919,-1.70889,11,3
-9.06453,14.9144,2.14295,27,11
-7.78592,12.8157,-1.8412,16,4
-9.11854,15.0151,2.78234,27,12
-8.03671,13.2337,-1.35457,28,5
-15.3367,25.2641,5.74488,4,13
-7.70669,12.7002,-0.77855,35,6
-9.42444,15.5371,4.19534,15,14
-7.60072,12.5355,-0.255887,28,7
-15.1241,24.9531,7.81841,11,15
-6.88404,11.3938,0.232361,1,8
-0.325411,0.538801,-0.145318,12,1
-7.6407,12.6561,0.774782,42,9
-5.08859,8.42879,-1.91381,26,2
-7.07427,11.7225,1.19787,31,10
-5.59253,9.27084,-1.71483,16,3
-7.38973,12.2549,1.75711,31,11
-6.85778,11.3772,-1.6311,50,4
-6.69592,11.1131,-1.13512,2,5
-15.1349,25.1291,5.70214,4,13
-6.06969,10.0817,-0.616727,100,6
-9.37316,15.5749,4.19669,33,14
-7.42703,12.346,-0.251489,86,7
-7.87385,13.0939,4.094,29,15
-0.29806,0.497036,-0.155291,12,0
-7.41483,12.3697,0.251734,15,8
-0.315515,0.526561,-0.141719,13,1
-7.13568,11.9134,0.727784,42,9
-5.01878,8.37913,-1.89855,21,2
-7.36388,12.2993,1.25417,71,10
-7.74016,12.9329,-2.38719,26,3
-7.33365,12.2585,1.75394,42,11
-6.74467,11.2785,-1.61355,17,4
-9.02972,15.1055,2.78735,6,12
-6.64277,11.1125,-1.13268,26,5
-15.1065,25.2812,5.72465,8,13
-6.06109,10.1474,-0.619448,100,6
-7.20784,12.0721,3.24604,38,14
-7.43104,12.4509,-0.253095,100,7
-0.296497,0.49797,-0.155291,12,0
-7.20309,12.1025,0.245835,12,8
-0.315852,0.530899,-0.142619,13,1
-7.36467,12.3838,0.755103,38,9
-5.00949,8.42354,-1.90504,4,2
-8.19263,13.7815,1.40268,90,10
-5.57532,9.38244,-1.7286,47,3
-8.20953,13.8209,1.9738,25,11
-6.58556,11.0913,-1.58381,40,4
-8.98726,15.1423,2.78891,16,12
-7.48033,12.6033,-1.28224,28,5
-15.0982,25.4484,5.75175,17,13
-6.31852,10.6543,-0.649175,81,6
-7.19373,12.1349,3.25684,20,14
-5.98303,10.0966,-0.204856,37,7
-7.02282,11.856,3.69231,24,15
-6.73175,11.4009,0.231105,3,8
-0.312016,0.528642,-0.141719,13,1
-5.63649,9.55359,-2.15614,11,2
-8.13738,13.798,1.40146,62,10
-5.57364,9.4546,-1.7383,57,3
-8.18946,13.8974,1.98062,63,11
-5.53325,9.39359,-1.33861,35,4
-8.97143,15.2365,2.80049,42,12
-6.12615,10.4043,-1.05633,35,5
-9.29016,15.7842,3.56011,30,13
-7.66273,13.0243,-0.791948,35,6
-9.28319,15.7849,4.22773,33,14
-5.99741,10.2019,-0.206567,35,7
-6.99118,11.8971,3.69749,6,15
-13.7153,23.4146,0.473658,6,8
-0.312138,0.533091,-0.142619,13,1
-8.73543,14.919,0.90604,5,9
-5.63583,9.62912,-2.16874,11,2
-7.31044,12.4953,1.26655,52,10
-5.52165,9.4416,-1.73236,67,3
-8.13288,13.9122,1.97867,38,11
-5.44334,9.31516,-1.32472,61,4
-8.96271,15.3378,2.81363,26,12
-6.10486,10.4514,-1.05894,57,5
-9.33598,15.9894,3.59904,57,13
-6.29634,10.7878,-0.654618,74,6
-12.4029,21.2591,5.68226,13,14
-5.9968,10.2788,-0.207719,55,7
-6.95363,11.9236,3.69852,13,15
-13.7451,23.645,0.477393,13,8
-0.290787,0.500425,-0.133621,14,1
-8.69334,14.9667,0.907087,26,9
-5.53712,9.53668,-2.14355,14,2
-7.11176,12.2536,1.23953,21,10
-5.69854,9.81864,-1.79806,50,3
-8.09766,13.958,1.98135,8,11
-6.67714,11.514,-1.63427,24,4
-8.91408,15.3776,2.81519,49,12
-7.27702,12.5586,-1.26986,20,5
-6.27054,10.826,-0.655665,39,6
-7.90031,13.6452,3.64016,11,14
-5.95788,10.2944,-0.207614,100,7
-6.98259,12.0699,3.73631,18,15
-7.06251,12.2474,0.246777,20,8
-0.306555,0.531827,-0.141719,13,1
-5.53291,9.60262,-2.15423,19,2
-7.12876,12.3773,1.24964,41,10
-8.24197,14.3216,2.02888,4,11
-6.62503,11.5166,-1.63134,50,4
-8.9017,15.4805,2.82834,42,12
-6.07146,10.5629,-1.06591,38,5
-8.79645,15.3037,3.43113,13,13
-6.23072,10.8443,-0.655456,16,6
-9.10753,15.8577,4.22188,24,14
-7.01445,12.2232,3.77617,11,15
-9.09386,15.8981,0.319693,20,8
-0.295024,0.515976,-0.13722,13,1
-8.56882,14.9923,0.904993,31,9
-5.59799,9.79841,-2.19354,14,2
-7.06458,12.3705,1.24633,100,10
-5.70452,9.99298,-1.82246,8,3
-14.0908,24.6838,3.48985,11,11
-6.53658,11.4552,-1.6194,65,4
-8.84272,15.5029,2.82677,17,12
-6.04344,10.5996,-1.06748,68,5
-8.65961,15.1942,3.39945,35,13
-6.08119,10.6744,-0.643837,45,6
-6.75037,11.8539,3.14931,15,14
-5.88785,10.3393,-0.207684,58,7
-6.98799,12.2761,3.78497,30,15
-8.11511,14.3084,0.287127,26,8
-0.309469,0.545873,-0.144868,12,1
-6.90002,12.171,0.733227,16,9
-5.23852,9.24399,-2.06532,19,2
-6.95163,12.272,1.23395,91,10
-5.79613,10.2363,-1.86313,11,3
-14.098,24.908,3.51422,11,11
-7.01947,12.4069,-1.75029,35,4
-7.78664,13.7628,2.50452,10,12
-6.01915,10.6431,-1.06975,52,5
-8.5872,15.1902,3.39182,25,13
-6.0999,10.7947,-0.649803,74,6
-6.67732,11.8214,3.13447,38,14
-5.86844,10.3893,-0.208277,65,7
-7.04293,12.4737,3.83829,32,15
-12.0975,21.4959,0.430551,11,8
-0.300014,0.533309,-0.141269,13,1
-8.45318,15.0326,0.903842,33,9
-5.18602,9.22628,-2.0573,26,2
-6.89802,12.2771,1.23203,100,10
-5.79893,10.3209,-1.87502,36,3
-8.1557,14.5214,2.04497,30,11
-6.07843,10.8272,-1.52459,55,4
-7.70859,13.7365,2.49482,10,12
-6.03168,10.7527,-1.07864,11,5
-8.50604,15.1638,3.37961,21,13
-5.97714,10.6598,-0.640487,97,6
-6.61903,11.8095,3.12547,59,14
-5.82334,10.3941,-0.207963,41,7
-6.99179,12.4847,3.83415,13,15
-8.25826,14.7946,0.295748,8,8
-0.305747,0.547967,-0.144868,12,1
-7.87531,14.1201,0.847319,10,9
-5.14775,9.22971,-2.05425,26,2
-6.85144,12.2894,1.23099,60,10
-7.77362,13.955,1.96137,34,11
-7.74032,13.9066,2.52079,16,12
-5.80122,10.4227,-1.0436,47,5
-8.44256,15.1745,3.37541,31,13
-5.89038,10.5916,-0.635149,100,6
-5.65396,10.1749,-0.203181,41,7
-6.98475,12.5749,3.85433,10,15
-8.2366,14.8776,0.296831,47,8
-0.303832,0.549031,-0.144868,12,1
-6.92881,12.5257,0.750184,47,9
-5.24094,9.47439,-2.10462,26,2
-7.88155,14.2539,1.425,28,10
-9.51519,17.2225,2.41594,87,11
-6.043,10.9424,-1.53482,1,4
-8.70559,15.7701,2.85305,15,12
-5.80428,10.5144,-1.05075,16,5
-8.6352,15.6491,3.47425,17,13
-5.64405,10.2326,-0.612435,100,6
-8.45962,15.3436,4.04507,13,14
-5.7931,10.5115,-0.209499,37,7
-8.1134,14.7765,0.294248,49,8
-0.313165,0.570589,-0.150267,12,1
-6.89396,12.5608,0.750916,26,9
-5.5695,10.1519,-2.25078,28,2
-13.462,24.5481,2.44942,27,10
-5.09993,9.30363,-1.68042,36,3
-9.4903,17.32,2.42496,41,11
-6.0248,11,-1.53994,12,4
-5.60776,10.2428,-1.02164,45,5
-7.34302,13.4179,2.97319,25,13
-5.59296,10.2242,-0.610761,60,6
-6.85214,12.5313,3.29733,11,14
-5.74766,10.5114,-0.209115,49,7
-6.66273,12.1899,3.72234,21,15
-8.06244,14.7998,0.294178,54,8
-0.279585,0.513435,-0.134971,14,1
-8.16777,15.0057,0.895364,8,9
-5.53215,10.1678,-2.25002,26,2
-13.3972,24.6335,2.45326,13,10
-5.06527,9.31355,-1.67917,72,3
-8.73596,16.0696,2.24581,28,11
-6.01103,11.0617,-1.54579,17,4
-8.35384,15.3795,2.77202,20,12
-5.60239,10.3183,-1.02722,31,5
-7.56734,13.9373,3.08271,6,13
-5.51425,10.1602,-0.605841,37,6
-6.67302,12.3004,3.23075,2,14
-5.7014,10.5138,-0.208766,43,7
-6.471,11.938,3.63848,45,15
-8.01928,14.8437,0.294492,73,8
-0.288903,0.534984,-0.140369,13,1
-7.56887,14.0217,0.835073,4,9
-5.55623,10.2932,-2.27368,23,2
-7.78167,14.422,1.43371,21,10
-5.95919,11.0489,-1.98828,40,3
-8.59503,15.9427,2.22387,4,11
-5.98651,11.1089,-1.54945,9,4
-8.34976,15.5007,2.7886,38,12
-5.60783,10.4105,-1.03454,47,5
-8.50618,15.7977,3.48761,8,13
-5.43331,10.095,-0.600817,20,6
-11.6074,21.5754,5.65617,6,14
-5.69119,10.5829,-0.209743,100,7
-6.45765,12.0132,3.65453,28,15
-0.287033,0.535989,-0.140369,13,1
-6.74791,12.6059,0.749346,29,9
-5.01623,9.37093,-2.06608,4,2
-7.4474,13.9185,1.38107,24,10
-5.72867,10.7108,-1.92383,45,3
-7.2515,13.5638,1.88849,8,11
-5.86817,10.9809,-1.52873,12,4
-8.32445,15.5838,2.7983,22,12
-5.60619,10.4951,-1.04099,51,5
-6.84752,12.8243,2.82588,15,13
-7.07106,13.2485,-0.787028,48,6
-8.26377,15.4897,4.05317,8,14
-5.81041,10.8957,-0.215537,21,7
-6.51109,12.2147,3.70888,32,15
-15.2314,28.6703,0.56668,4,8
-0.286989,0.54043,-0.141269,13,1
-6.59899,12.4318,0.737623,39,9
-4.9347,9.29648,-2.04585,28,2
-9.33742,17.5982,1.74294,18,10
-5.5663,10.4952,-1.88159,6,3
-9.25619,17.4598,2.42642,56,11
-5.82515,10.9925,-1.52751,12,4
-7.01341,13.2404,2.37311,24,12
-5.72807,10.8139,-1.07062,11,5
-8.15499,15.4021,3.38762,15,13
-5.69624,10.7629,-0.638185,97,6
-9.19019,17.3719,4.53726,30,14
-5.80412,10.976,-0.216724,44,7
-6.74466,12.76,3.86727,24,15
-6.7049,12.7278,0.251105,22,8
-0.270573,0.51384,-0.134071,14,1
-7.95653,15.1165,0.895259,10,9
-5.09608,9.68195,-2.12676,33,2
-5.51951,10.4953,-1.87815,36,3
-7.47069,14.2115,1.97136,8,11
-5.5596,10.5805,-1.46755,24,4
-8.17044,15.5558,2.78297,55,12
-5.53927,10.5463,-1.04221,72,5
-5.46837,10.4201,-0.616727,100,6
-6.53865,12.4649,3.24964,20,14
-5.63855,10.7535,-0.211942,100,7
-6.53955,12.4772,3.77462,24,15
-6.59563,12.627,0.248662,41,8
-0.275993,0.528601,-0.13767,13,1
-9.25597,17.7276,1.04808,18,9
-5.08042,9.73449,-2.13439,28,2
-5.53765,10.6196,-1.89692,65,3
-8.56978,16.4414,2.27652,9,11
-6.33255,12.1543,-1.68277,50,4
-8.06679,15.483,2.76514,15,12
-5.67268,10.8925,-1.07446,52,5
-7.9956,15.3594,3.36587,3,13
-5.48636,10.5437,-0.622903,100,6
-6.4924,12.4824,3.24829,78,14
-7.1669,13.7792,-0.271106,100,7
-6.55161,12.6016,3.80568,27,15
-6.608,12.7536,0.250721,61,8
-0.276032,0.532974,-0.13857,13,1
-7.6845,14.8439,0.875999,46,9
-5.03738,9.73473,-2.13057,47,2
-13.5289,26.1558,2.57632,15,10
-5.48153,10.5976,-1.88973,58,3
-8.37026,16.1893,2.23777,19,11
-6.29949,12.1894,-1.68472,15,4
-8.07072,15.6233,2.78516,15,12
-6.30102,12.2028,-1.20153,22,5
-8.31933,16.1115,3.52462,16,13
-5.59427,10.8387,-0.639231,74,6
-8.01905,15.5433,4.03787,13,14
-5.80811,11.2626,-0.221192,100,7
-0.264914,0.515466,-0.155291,12,0
-7.3584,14.324,0.281088,47,8
-0.267048,0.520066,-0.134971,14,1
-6.49209,12.6431,0.744845,41,9
-5.127,9.98892,-2.18247,42,2
-6.25358,12.1891,1.19857,10,10
-5.27954,10.295,-1.83247,23,3
-8.31731,16.2255,2.23874,9,11
-5.83688,11.3916,-1.57163,22,4
-8.02337,15.6588,2.78672,6,12
-5.41948,10.5815,-1.04012,24,5
-5.58623,10.9118,2.38282,7,13
-6.80288,13.294,-0.782632,94,6
-7.93457,15.5122,4.02257,11,14
-7.12394,13.9274,-0.27306,40,7
-7.08657,13.8603,4.17113,26,15
-6.50651,12.7697,0.250163,45,8
-0.302467,0.593881,-0.153867,11,1
-6.35459,12.4823,0.734064,21,9
-5.02354,9.87203,-2.15309,14,2
-6.22726,12.2428,1.2017,44,10
-8.9985,17.6987,2.43787,10,11
-6.12105,12.0444,-1.65889,26,4
-7.86131,15.4754,2.74918,13,12
-5.74242,11.3092,-1.10967,19,5
-6.77865,13.3557,-0.784935,71,6
-10.6181,20.9293,5.41817,6,14
-5.40753,10.6634,-0.208696,100,7
-8.87411,17.507,5.2592,14,15
-9.74919,19.3001,0.377426,11,8
-0.275799,0.546225,-0.141269,13,1
-6.36537,12.6068,0.740135,17,9
-4.92974,9.7677,-2.12676,33,2
-6.31944,12.5267,1.2275,13,10
-6.90308,13.6955,1.88313,4,11
-7.10255,14.0973,-1.93821,57,4
-7.82327,15.5278,2.75387,15,12
-5.67263,11.2641,-1.10339,28,5
-5.93996,11.8,2.56791,45,13
-6.71224,13.34,-0.782632,74,6
-8.01792,15.9419,4.11975,23,14
-5.43413,10.8046,-0.211104,38,7
-11.0148,21.91,6.5709,7,15
-9.09936,18.1631,0.354598,24,8
-0.270496,0.540167,-0.13947,13,1
-9.09713,18.1745,1.06514,7,9
-4.96062,9.91477,-2.155,23,2
-6.2159,12.4291,-2.20103,25,3
-6.9961,13.9953,1.92115,16,11
-5.73902,11.4856,-1.5765,16,4
-5.59857,11.2143,-1.09659,28,5
-5.88063,11.7793,2.55913,33,13
-6.47065,12.9724,3.34682,11,14
-6.99264,14.0251,-0.273549,28,7
-9.04943,18.1583,5.43624,4,15
-9.64161,19.4144,0.378368,47,8
-0.279873,0.5638,-0.145318,12,1
-6.24834,12.5872,0.736472,2,9
-5.00276,10.0824,-2.18782,30,2
-6.09946,12.2981,1.20101,49,10
-6.16283,12.4313,-2.19759,40,3
-12.2902,24.802,3.39869,10,11
-7.09013,14.3143,-1.96137,63,4
-6.33559,12.791,2.26079,11,12
-5.56931,11.2489,-1.09816,21,5
-5.83599,11.7927,2.5576,6,13
-6.40201,12.9478,3.33467,13,14
-6.55878,13.2648,-0.258296,100,7
-8.70413,17.6115,5.26386,1,15
-0.256059,0.519922,-0.155291,12,0
-9.5277,19.3458,0.376413,28,8
-0.26423,0.536751,-0.13812,13,1
-12.6785,25.7662,1.50497,13,9
-4.9892,10.1439,-2.19736,47,2
-5.13762,10.4502,-1.84436,27,3
-7.05301,14.3526,1.96356,8,11
-6.68993,13.6197,-1.86314,34,4
-6.21256,12.6534,2.23263,14,12
-5.29652,10.7925,-1.0518,40,5
-5.74495,11.7062,2.53471,19,13
-6.81347,13.8896,-0.810789,94,6
-7.79694,15.9015,4.08871,23,14
-6.58371,13.4331,-0.261123,100,7
-7.77316,15.867,4.73432,9,15
-9.58381,19.6323,0.381335,25,8
-0.269192,0.551681,-0.141719,13,1
-9.61168,19.7069,1.14909,7,9
-4.91938,10.0862,-2.18133,38,2
-9.3683,19.2164,1.87036,12,10
-4.91853,10.0934,-1.77835,12,3
-6.11012,12.5443,1.71324,58,11
-6.90912,14.1909,-1.93797,91,4
-5.22845,10.7437,-1.04535,85,5
-5.71608,11.7509,2.54005,40,13
-6.70993,13.8001,-0.804194,94,6
-7.90749,16.2704,4.17644,15,14
-7.71773,15.894,4.73432,16,15
-7.14621,14.7695,0.286394,13,8
-0.274052,0.566652,-0.145318,12,1
-6.17094,12.7652,0.743066,10,9
-4.77819,9.88417,-2.13401,38,2
-9.27602,19.1969,1.86531,20,10
-4.90732,10.1603,-1.78711,6,3
-6.75169,13.9915,-1.9075,21,4
-6.07515,12.5951,2.2148,11,12
-5.82798,12.0826,-1.17364,27,5
-6.32009,13.1146,-0.762954,94,6
-7.82951,16.254,4.16519,33,14
-7.143,14.8354,-0.287406,31,7
-9.68373,20.1213,5.98338,5,15
-6.98913,14.5744,0.282136,29,8
-0.251857,0.52543,-0.134521,14,1
-9.45058,19.7249,1.14626,22,9
-4.73179,9.876,-2.12867,28,2
-10.0205,20.9237,2.02968,19,10
-12.2247,25.5493,3.47766,21,11
-6.3037,13.1804,-1.79392,16,4
-10.7877,22.5663,3.96155,20,12
-5.4392,11.383,-1.10374,11,5
-5.61867,11.7586,2.53318,17,13
-6.54541,13.7043,-0.795925,87,6
-7.55834,15.8464,4.7043,6,15
-6.93048,14.5824,0.281821,19,8
-0.2634,0.554469,-0.141719,13,1
-9.3414,19.6729,1.14134,16,9
-4.81677,10.1487,-2.18362,73,2
-9.93261,20.9369,2.02742,9,10
-4.81079,10.1452,-1.77835,42,3
-5.80406,12.2399,1.66327,15,11
-6.13862,12.9512,-1.75979,9,4
-5.7714,12.182,2.13502,10,12
-5.2971,11.1859,-1.08282,21,5
-5.4235,11.458,2.46411,52,13
-6.4661,13.6668,-0.792366,100,6
-9.13346,19.3133,4.93228,18,14
-6.7161,14.2016,-0.274212,88,7
-7.40969,15.6753,4.6458,16,15
-0.246946,0.524311,-0.155291,12,0
-12.7413,27.0643,0.522141,31,8
-0.258047,0.548378,-0.13992,13,1
-6.36093,13.5177,0.782946,11,9
-4.6493,9.88473,-2.12332,33,2
-5.96519,12.6882,1.22663,21,10
-4.78123,10.1745,-1.78054,37,3
-5.64186,12.0113,1.62939,30,11
-6.05371,12.8881,-1.74834,82,4
-5.29734,11.283,1.9742,4,12
-5.36513,11.4377,2.45571,7,13
-6.41158,13.6748,-0.791529,100,6
-5.34748,11.4053,2.90817,25,14
-6.62236,14.1308,-0.272397,97,7
-7.31723,15.6206,4.62199,23,15
-6.49444,13.9147,0.268034,21,8
-0.25458,0.545698,-0.13902,13,1
-6.35745,13.6274,0.788075,14,9
-4.68536,10.0478,-2.155,49,2
-6.01566,12.9065,1.2458,5,10
-4.88177,10.4785,-1.83091,10,3
-6.57239,14.1138,1.91164,57,11
-5.99501,12.8739,-1.74371,39,4
-5.12068,11.0014,1.92195,6,12
-5.38512,11.5801,2.48242,3,13
-6.35946,13.6815,-0.790692,29,6
-5.36466,11.5413,2.93831,40,14
-7.92864,17.0652,-0.328454,100,7
-0.243463,0.525938,-0.155291,12,0
-10.578,22.8615,0.439696,14,8
-0.252768,0.54654,-0.13902,13,1
-4.64872,10.0561,-2.15347,54,2
-8.93042,19.3272,1.86269,53,10
-8.95755,19.4037,2.62409,25,11
-6.18911,13.4191,-1.29287,26,5
-5.30971,11.5176,2.46525,19,13
-6.52803,14.1669,-0.817488,22,6
-6.44826,14.0066,-0.269151,89,7
-7.9109,17.1916,5.07078,3,15
-8.79057,19.1737,0.368176,26,8
-0.262225,0.572221,-0.145318,12,1
-10.4999,22.9231,1.32138,17,9
-4.64792,10.1473,-2.1695,49,2
-10.496,22.9252,2.20591,23,10
-4.63772,10.1343,-1.76521,40,3
-5.69916,12.4595,1.68228,3,11
-5.08371,11.1191,-1.50119,3,4
-6.13478,13.4243,-1.2913,5,5
-5.2662,11.529,2.46373,24,13
-6.14923,13.4683,-0.775933,52,6
-5.62619,12.3284,3.12862,17,14
-6.32463,13.8653,-0.26601,90,7
-7.81397,17.1383,5.04697,11,15
-0.239785,0.527624,-0.155291,12,0
-5.79256,12.7519,0.244473,16,8
-0.242501,0.534096,-0.135421,13,1
-4.55,10.0258,-2.14011,49,2
-10.3624,22.8438,2.19458,50,10
-4.56886,10.0767,-1.75238,97,3
-8.94478,19.737,2.66065,38,11
-5.70014,12.5834,-1.69618,17,4
-6.1224,13.5218,-1.29862,28,5
-5.5999,12.3736,2.64003,40,13
-5.98281,13.2258,-0.760756,39,6
-6.18635,13.6821,-0.2621,67,7
-0.237942,0.528458,-0.155291,12,0
-10.3577,23.0039,0.440359,31,8
-0.245528,0.545559,-0.13812,13,1
-5.77566,12.8394,0.737832,12,9
-4.44091,9.87686,-2.10501,28,2
-8.91294,19.8322,1.90226,8,10
-4.67389,10.3999,-1.80588,38,3
-5.55403,12.364,1.66425,7,11
-5.68603,12.6638,-1.70446,52,4
-6.31816,14.0848,-1.35057,26,5
-5.59178,12.4656,2.65568,38,13
-5.98387,13.3458,-0.766513,55,6
-5.24965,11.7138,2.96351,48,14
-6.04781,13.5011,-0.258226,93,7
-10.2814,23.049,0.440534,31,8
-0.248383,0.557092,-0.140819,13,1
-5.97958,13.4178,0.769862,3,9
-4.27707,9.59744,-2.04242,64,2
-8.84712,19.8616,1.90226,59,10
-4.66648,10.4811,-1.81714,88,3
-5.3252,11.9662,1.60819,18,11
-5.67648,12.7616,-1.71495,16,4
-5.34073,12.0124,2.08214,4,12
-6.46407,14.539,-1.39205,30,5
-5.95751,13.4123,-0.769129,58,6
-5.19213,11.6946,2.95406,44,14
-5.74758,12.9518,-0.247336,35,7
-9.15979,20.6508,6.05326,12,15
-15.0342,34.0227,0.649264,11,8
-0.251161,0.568651,-0.143519,12,1
-6.10533,13.8295,0.792262,33,9
-4.35772,9.87094,-2.09737,45,2
-4.60755,10.4467,-1.80838,37,3
-5.29141,12.0029,1.61063,14,11
-5.59508,12.6977,-1.70373,19,4
-5.52329,12.5408,2.17037,1,12
-5.96196,13.5367,-1.29409,13,5
-7.58498,17.23,3.65934,33,13
-6.35548,14.4439,-0.827013,29,6
-5.6452,12.8418,-0.244857,100,7
-7.33602,16.6961,4.8865,31,15
-6.12216,13.9865,0.266498,13,8
-0.249174,0.569525,-0.143519,12,1
-5.80725,13.2733,0.75929,5,9
-4.31065,9.85731,-2.09127,45,2
-14.2406,32.5799,3.11076,9,10
-5.63236,12.892,-2.22825,19,3
-5.42266,12.4179,1.66376,15,11
-5.57375,12.77,-1.7108,26,4
-7.54096,17.277,2.98571,7,12
-5.87802,13.4735,-1.28607,28,5
-5.49076,12.5918,2.67018,52,13
-5.81904,13.351,-0.763268,29,6
-5.23878,12.0254,3.02829,8,14
-5.60977,12.877,-0.245171,27,7
-8.69545,20.046,0.381405,27,8
-0.250385,0.5775,-0.145318,12,1
-5.75374,13.277,0.758348,3,9
-4.30665,9.94255,-2.10615,42,2
-16.8855,39.0013,3.71824,53,10
-7.4943,17.3183,2.31698,55,11
-5.58654,12.9159,-1.72786,20,4
-7.48531,17.3141,2.98759,24,12
-5.80013,13.4226,-1.27927,47,5
-5.44275,12.5955,2.66713,19,13
-5.75336,13.3207,-0.760442,45,6
-5.54973,12.8616,-0.244508,31,7
-7.00493,16.2418,4.73949,9,15
-6.79251,15.81,0.300356,26,8
-0.237603,0.553301,-0.13902,13,1
-5.52696,12.8767,0.734378,24,9
-4.15518,9.68075,-2.04776,61,2
-4.42656,10.3229,-1.77897,38,3
-7.43459,17.3462,2.31722,40,11
-5.49764,12.8332,-1.71421,35,4
-5.4273,12.6751,2.18383,21,12
-5.74696,13.4216,-1.27735,13,5
-5.39797,12.6126,2.66675,30,13
-5.72646,13.3866,-0.763058,13,6
-7.45997,17.4559,-0.331351,66,7
-6.75392,15.8114,4.60698,24,15
-6.75059,15.8649,0.300949,8,8
-0.237195,0.557714,-0.13992,13,1
-4.12827,9.71146,-2.0512,52,2
-4.4376,10.4492,-1.79806,35,3
-7.65166,18.0262,2.40448,10,11
-5.52647,13.0259,-1.73737,9,4
-4.982,11.7482,2.02113,3,12
-5.67285,13.3774,-1.27125,27,5
-5.51904,13.04,-0.247161,100,7
-9.74147,23.1175,0.437881,2,8
-0.244324,0.58009,-0.145318,12,1
-6.71681,15.9475,0.906878,11,9
-4.08368,9.70048,-2.04585,66,2
-11.9679,28.4428,2.69974,16,10
-4.37429,10.4009,-1.78711,60,3
-7.02406,16.7096,2.22558,99,11
-4.70707,11.1977,-1.49144,18,4
-6.95847,16.5616,2.84523,22,12
-5.67086,13.5036,-1.28136,31,5
-12.2168,29.1052,6.13565,40,13
-5.68155,13.5423,-0.769653,52,6
-5.03539,12.0022,3.0049,27,14
-5.51675,13.156,-0.249011,100,7
-8.37413,19.9798,5.80479,5,15
-6.6409,15.9068,0.30088,26,8
-0.237896,0.570106,-0.142619,13,1
-6.67542,15.9973,0.908448,18,9
-4.06736,9.75202,-2.05387,59,2
-7.00392,16.801,1.59251,74,10
-4.50464,10.8111,-1.855,66,3
-4.66151,11.1931,-1.48876,45,4
-7.11835,17.1007,2.93377,10,12
-4.62498,11.1163,-1.05336,28,5
-4.97909,11.9733,2.52059,1,13
-6.63161,15.955,-0.905517,30,6
-7.2035,17.3309,4.33301,12,14
-5.61503,13.5158,-0.255468,30,7
-7.02617,16.9209,4.90928,3,15
-6.60341,15.9657,0.301578,14,8
-0.227071,0.549281,-0.13722,13,1
-4.13097,9.9977,-2.10272,61,2
-6.94741,16.8223,1.59234,27,10
-7.17428,17.3889,2.30967,9,11
-4.63225,11.2331,-1.49192,45,4
-5.08789,12.3441,2.11468,4,12
-4.57974,11.1113,-1.05145,64,5
-6.99811,16.9871,3.57118,16,13
-7.18673,17.4622,4.35955,12,14
-6.58034,15.9968,-0.301927,54,7
-6.90683,16.7988,4.86683,18,15
-5.77389,14.0992,0.26594,37,8
-0.232534,0.568105,-0.141719,13,1
-6.93187,16.9438,0.959423,7,9
-4.09604,10.0121,-2.10272,52,2
-5.30505,12.9737,1.22628,5,10
-11.9638,29.2871,3.88446,100,11
-4.54424,11.1298,-1.47608,37,4
-5.01044,12.2777,2.10029,4,12
-4.50554,11.0405,-1.04325,49,5
-14.8682,36.4515,7.6522,7,13
-5.41975,13.294,-0.752382,87,6
-5.07184,12.4468,3.10297,38,14
-6.52296,16.016,-0.301857,23,7
-5.72614,14.123,0.26601,58,8
-0.229086,0.565301,-0.140819,13,1
-16.944,41.8328,2.36538,6,9
-4.06402,10.0336,-2.10424,61,2
-11.9086,29.4157,2.77643,50,10
-4.09819,10.1281,-1.73048,21,3
-7.22539,17.8655,2.36622,5,11
-4.52396,11.1916,-1.48218,18,4
-14.7798,36.5813,6.24893,12,12
-4.49638,11.1345,-1.05058,61,5
-4.98125,12.3352,2.58584,1,13
-6.3683,15.7779,-0.8917,37,6
-5.06846,12.5638,3.12772,55,14
-6.43411,15.957,-0.300321,77,7
-7.01685,17.411,5.02989,6,15
-0.228562,0.569715,-0.141719,13,1
-4.00458,9.99191,-2.09241,68,2
-11.797,29.4499,2.77556,67,10
-4.1183,10.2861,-1.75488,72,3
-11.8793,29.6702,3.92419,12,11
-4.47233,11.176,-1.47803,75,4
-11.6582,29.1477,4.97211,15,12
-4.45379,11.1409,-1.0497,30,5
-6.28449,15.7362,-0.888037,50,6
-5.0166,12.5678,3.12412,38,14
-6.282,15.738,-0.295783,100,7
-6.88516,17.2578,4.97864,13,15
-5.28689,13.3124,0.250023,6,8
-0.222159,0.559681,-0.13902,13,1
-11.7109,29.5182,1.66428,39,9
-3.95881,9.97846,-2.08669,45,2
-11.7007,29.5075,2.77713,16,10
-4.04307,10.2012,-1.73799,48,3
-14.569,36.7784,4.85722,31,11
-4.46276,11.2716,-1.48851,64,4
-12.6947,32.0795,5.46426,9,12
-4.57854,11.5759,-1.0891,21,5
-4.91451,12.4253,2.59729,20,13
-6.09442,15.4163,-0.868777,26,6
-4.97771,12.5979,3.12727,46,14
-6.93602,17.5631,-0.329606,100,7
-6.84598,17.344,4.99624,17,15
-8.26772,21.0319,0.394459,17,8
-0.221629,0.564081,-0.13992,13,1
-5.05925,12.8832,0.725376,3,9
-3.9093,9.96,-2.07982,14,2
-14.4914,36.9396,3.47159,23,10
-3.83764,9.78748,-1.66509,57,3
-4.39514,11.2151,-1.47901,43,4
-5.0489,12.8899,2.19259,4,12
-6.0525,15.46,-1.45254,23,5
-4.85106,12.3975,2.58775,11,13
-5.41517,13.8463,-0.779178,13,6
-4.90738,12.5544,3.11197,25,14
-6.81633,17.447,5.01902,11,15
-7.63501,19.6131,0.367373,9,8
-0.222584,0.572077,-0.141719,13,1
-5.05931,13.0033,0.731238,5,9
-7.23382,18.6113,1.74695,7,10
-3.87054,9.96336,-1.69293,61,3
-12.4237,31.997,4.21449,27,11
-4.36367,11.2444,-1.48096,46,4
-9.42145,24.2774,4.12455,30,12
-5.25459,13.5471,-1.27125,20,5
-4.80924,12.4054,2.58623,10,13
-5.39113,13.9136,-0.782004,42,6
-4.75039,12.2663,3.03684,44,14
-6.88701,17.7926,5.11219,11,15
-5.40719,14.0276,0.262414,19,8
-0.216482,0.561901,-0.13902,13,1
-14.3089,37.1596,2.08684,9,9
-3.94753,10.2569,-2.1363,57,2
-7.18026,18.6662,1.74974,14,10
-3.82684,9.94849,-1.68824,66,3
-9.369,24.369,3.20565,18,11
-4.3228,11.2495,-1.47974,57,4
-9.34161,24.323,4.12674,22,12
-5.2194,13.597,-1.27422,27,5
-9.1914,23.9444,4.98546,16,13
-5.36786,13.991,-0.785353,29,6
-4.70131,12.2601,3.03144,70,14
-6.80413,17.7624,5.09666,9,15
-5.40452,14.1679,0.264683,24,8
-0.221461,0.580863,-0.143519,12,1
-4.96557,13.0308,0.730819,1,9
-4.07288,10.6882,-2.22331,52,2
-9.2904,24.393,2.28365,24,10
-3.77171,9.90825,-1.67917,61,3
-6.9615,18.2974,2.40375,10,11
-4.27292,11.2367,-1.47608,57,4
-9.07698,23.8828,4.04665,7,12
-4.23357,11.1391,-1.04256,24,5
-7.73017,20.3498,4.23138,4,13
-5.27929,13.9051,-0.779492,26,6
-4.96389,13.0882,-0.244334,34,7
-7.85138,20.7124,5.93524,5,15
-5.29924,14.0389,0.261926,45,8
-0.219433,0.581632,-0.143519,12,1
-4.82633,12.7995,0.716898,10,9
-3.98568,10.5701,-2.19583,54,2
-9.22487,24.4775,2.28854,67,10
-3.7183,9.87144,-1.67072,32,3
-7.0102,18.6207,2.44299,31,11
-4.24136,11.272,-1.47876,52,4
-15.1786,40.3607,6.82962,8,12
-4.20659,11.1855,-1.04552,38,5
-7.63284,20.3068,4.21688,24,13
-5.22159,13.8992,-0.778131,39,6
-7.50293,19.9824,4.92778,37,14
-4.84862,12.9201,-0.240878,100,7
-6.70031,17.8637,5.11219,17,15
-0.214675,0.575092,-0.141719,13,1
-9.18076,24.5943,1.37581,13,9
-3.87875,10.3963,-2.15691,26,2
-9.14077,24.5133,2.28888,12,10
-3.65484,9.80662,-1.65758,57,3
-4.18536,11.2421,-1.47291,51,4
-14.8173,39.7999,6.72637,15,12
-5.77324,15.5155,-1.44835,25,5
-7.54275,20.2818,4.20619,38,13
-5.22662,14.0615,-0.786191,35,6
-7.43381,20.0103,4.92823,27,14
-4.58917,12.3531,-0.230023,100,7
-7.41098,19.9595,5.70489,17,15
-4.98721,13.4894,0.251035,28,8
-0.206012,0.557521,-0.13722,13,1
-4.45332,12.0583,0.673669,8,9
-3.88527,10.5258,-2.18095,64,2
-7.89592,21.4028,1.99587,19,10
-3.62504,9.8261,-1.65883,60,3
-9.05823,24.5666,3.21491,9,11
-4.13433,11.2187,-1.46804,18,4
-8.93845,24.2678,4.09608,11,12
-5.09407,13.8378,-1.29008,28,5
-7.5114,20.4044,4.22642,45,13
-5.96892,16.223,-0.905936,40,6
-7.77903,21.1542,5.20357,10,14
-7.30928,19.8982,5.68004,4,15
-4.95589,13.5499,0.251838,34,8
-0.210755,0.57654,-0.141719,13,1
-4.4188,12.088,0.674506,11,9
-3.81599,10.4446,-2.16148,52,2
-7.79826,21.3559,1.98907,23,10
-3.58462,9.82199,-1.65602,55,3
-7.76975,21.3009,2.78398,7,11
-6.15291,16.8775,2.84523,5,12
-4.91856,13.499,-1.25696,45,5
-7.39781,20.3143,4.20238,29,13
-4.56449,12.5408,-0.699418,22,6
-7.18563,19.7423,4.85039,21,14
-4.41201,12.1285,-0.225276,30,7
-7.25251,19.9477,5.68729,9,15
-4.85852,13.4215,0.249151,41,8
-0.208179,0.575403,-0.141269,26,1
-5.85796,16.1913,0.902377,40,9
-3.73927,10.3409,-2.13744,49,2
-7.7301,21.3891,1.98977,57,10
-3.94663,10.9263,-1.83998,47,3
-6.72101,18.6173,2.43032,15,11
-4.01063,11.1095,-1.45025,39,4
-6.07345,16.8328,2.83428,17,12
-5.59223,15.5075,-1.44225,23,5
-7.33572,20.3535,4.20543,15,13
-5.84008,16.2126,-0.903109,84,6
-7.07389,19.6377,4.8189,4,14
-4.43612,12.3218,-0.228592,50,7
-7.23668,20.1117,5.72715,2,15
-0.195556,0.545566,-0.155291,12,0
-4.39585,12.2704,0.22751,60,8
-0.206927,0.577925,-0.141719,13,1
-5.79602,16.1966,0.901539,11,9
-3.75325,10.4882,-2.1653,61,2
-3.71688,10.398,-1.74894,20,3
-5.9266,16.5888,2.16294,27,11
-4.01322,11.2394,-1.46536,31,4
-6.00602,16.8297,2.83021,37,12
-5.59295,15.6808,-1.45655,34,5
-6.05067,16.9641,3.50096,37,13
-4.37392,12.2698,-0.68267,91,6
-7.41014,20.7986,5.09739,10,14
-7.15672,20.1095,5.71938,10,15
-0.193555,0.546279,-0.155291,12,0
-4.3403,12.2498,0.226846,20,8
-0.20686,0.584154,-0.143069,25,1
-3.75537,10.6166,-2.18896,49,2
-6.41577,18.1478,1.68402,7,10
-3.63926,10.2998,-1.73017,27,3
-5.87196,16.6188,2.16416,69,11
-3.97726,11.2627,-1.46658,73,4
-5.97222,16.9213,2.8421,33,12
-4.99205,14.152,-1.31291,13,5
-5.93297,16.8288,3.46853,16,13
-4.32892,12.2858,-0.68267,100,6
-7.07878,20.1125,5.71317,5,15
-0.191647,0.546952,-0.155291,12,0
-4.75538,13.5792,0.25114,38,8
-0.200211,0.572033,-0.13992,13,1
-4.54466,12.9848,0.72098,3,9
-3.67551,10.5073,-2.16377,26,2
-6.33858,18.1306,1.68036,3,10
-3.88477,11.118,-1.86532,60,3
-3.94185,11.2877,-1.46804,63,4
-5.90792,16.9271,2.8396,37,12
-4.45964,12.7848,-1.18462,37,5
-5.84445,16.7641,3.45097,16,13
-4.30507,12.3555,-0.685706,35,6
-6.91595,19.8487,4.85264,35,14
-4.28383,12.3015,-0.22737,30,7
-7.02504,20.1845,5.72663,5,15
-0.189832,0.547584,-0.155291,12,0
-4.24289,12.2458,0.226218,72,8
-0.198313,0.572694,-0.13992,13,1
-6.13608,17.7199,0.982765,4,9
-3.63551,10.5046,-2.16072,68,2
-6.41844,18.5563,1.71784,38,10
-3.59424,10.3971,-1.74237,37,3
-6.15188,17.8057,2.31308,30,11
-3.84412,11.1262,-1.44537,52,4
-5.8511,16.9448,2.83929,20,12
-4.42112,12.8108,-1.18567,50,5
-5.84388,16.943,3.48379,33,13
-6.84755,19.8642,4.85084,26,14
-4.23128,12.2816,-0.226742,41,7
-6.95995,20.2132,5.72818,10,15
-0.175481,0.511663,-0.144939,14,0
-0.203992,0.595471,-0.145318,12,1
-6.07872,17.7545,0.983497,11,9
-3.62736,10.5946,-2.17675,61,2
-5.19129,15.1711,1.40286,12,10
-3.38076,9.88566,-1.65476,55,3
-6.10371,17.858,2.31722,40,11
-3.8752,11.3444,-1.47194,18,4
-5.71214,16.7314,2.80018,11,12
-4.36188,12.7764,-1.18113,20,5
-5.76928,16.9084,3.47272,20,13
-4.22689,12.3951,-0.686334,81,6
-7.07427,20.7568,5.06275,5,14
-4.53463,13.3127,-0.245486,29,7
-6.88127,20.2136,5.72145,25,15
-0.163769,0.483,-0.136656,14,0
-0.199411,0.588797,-0.143519,12,1
-5.33218,15.7532,0.871603,2,9
-3.5293,10.4269,-2.13973,54,2
-5.12808,15.159,1.40007,100,10
-3.48796,10.3166,-1.72485,10,3
-6.09026,18.024,2.33599,35,11
-3.47291,10.2839,-1.33276,1,4
-5.61012,16.6221,2.77859,6,12
-4.94293,14.6453,-1.35231,28,5
-5.6914,16.8727,3.46128,19,13
-4.10257,12.1695,-0.67304,68,6
-6.96942,20.6853,5.03935,19,14
-4.63745,13.772,-0.253653,33,7
-6.81559,20.2521,5.7256,12,15
-0.175588,0.523866,-0.148044,13,0
-0.197355,0.589489,-0.143519,12,1
-3.3739,10.0835,-2.06684,42,2
-5.1042,15.2637,1.40809,100,10
-5.75689,17.2355,2.23118,19,11
-3.44579,10.3223,-1.33618,19,4
-4.86718,14.5888,-1.34551,31,5
-5.20398,15.6073,3.19796,7,13
-4.04049,12.125,-0.669796,94,6
-6.88362,20.6688,5.02946,19,14
-6.84121,20.5654,5.80738,13,15
-0.151887,0.458458,-0.12941,15,0
-4.38918,13.2561,0.24374,13,8
-0.188562,0.569824,-0.13857,27,1
-5.22959,15.8128,0.872859,20,9
-3.37382,10.2015,-2.0886,71,2
-5.0509,15.2814,1.40809,100,10
-3.49453,10.5789,-1.76458,68,3
-5.43657,16.4676,2.1293,22,11
-4.60658,13.9699,-1.28694,21,5
-5.1427,15.6049,3.19376,15,13
-4.02314,12.2149,-0.673983,100,6
-5.37956,16.3428,3.97219,30,14
-4.63868,14.1003,-0.259098,100,7
-6.72232,20.446,5.76701,15,15
-0.171927,0.525079,-0.148044,13,0
-5.33795,16.3122,0.299588,19,8
-0.193235,0.590853,-0.143519,12,1
-5.24882,16.0588,0.88542,55,9
-3.31684,10.1479,-2.07524,21,2
-5.01608,15.3558,1.41332,50,10
-3.46924,10.6267,-1.77053,43,3
-5.38644,16.5091,2.13223,4,11
-3.73366,11.4502,-1.47876,39,4
-5.48961,16.8452,2.80612,22,12
-3.79291,11.6388,-1.07097,11,5
-5.10462,15.6732,3.20407,6,13
-4.05527,12.4586,-0.686648,32,6
-5.32248,16.3615,3.97219,38,14
-4.3075,13.2493,-0.243182,29,7
-6.56016,20.1901,5.68832,26,15
-0.160577,0.496268,-0.139762,14,0
-6.63092,20.5052,0.376169,21,8
-0.193568,0.598941,-0.145318,12,1
-4.24615,13.1463,0.724016,19,9
-3.30734,10.2397,-2.09165,42,2
-5.18461,16.0615,1.47659,37,10
-3.34236,10.3605,-1.72422,72,3
-5.59132,17.3421,2.23728,19,11
-3.6754,11.4065,-1.47145,34,4
-5.47679,17.0072,2.8299,39,12
-3.76936,11.7051,-1.07585,2,5
-6.46753,20.0958,4.10354,10,13
-3.98118,12.3777,-0.681414,100,6
-5.28621,16.4449,3.98793,33,14
-4.02147,12.5179,-0.229499,25,7
-6.49082,20.2165,5.68936,4,15
-0.154138,0.482104,-0.135621,15,0
-6.53982,20.4673,0.375052,23,8
-0.189105,0.592187,-0.143519,12,1
-5.0434,15.7935,0.868882,78,9
-3.25129,10.1876,-2.07867,59,2
-3.38596,10.6224,-1.76583,36,3
-5.43735,17.0683,2.1995,33,11
-3.63797,11.4268,-1.47243,45,4
-4.98016,15.6521,-1.43702,14,5
-5.17237,16.266,3.31779,6,13
-3.87141,12.1821,-0.6699,100,6
-5.26712,16.584,4.01718,24,14
-3.96601,12.4873,-0.228696,64,7
-4.99651,15.7415,4.42529,9,15
-0.1606,0.508429,-0.142868,14,0
-6.66225,21.0914,0.386082,27,8
-0.1801,0.570511,-0.13812,27,1
-5.01227,15.8872,0.873069,55,9
-3.22633,10.2326,-2.08554,66,2
-4.78494,15.1851,1.39292,71,10
-3.37863,10.7222,-1.78054,62,3
-5.39981,17.1469,2.2073,33,11
-3.2866,10.4428,-1.34422,35,4
-5.30697,16.8726,2.80143,16,12
-4.30892,13.7078,-1.25713,5,5
-4.9306,15.6856,3.19605,11,13
-3.78251,12.0405,-0.661422,100,6
-5.28565,16.8356,4.07386,31,14
-3.94215,12.5641,-0.229848,44,7
-4.93864,15.7496,4.4227,15,15
-0.157762,0.505271,-0.141833,14,0
-6.60645,21.1718,0.387129,12,8
-0.179268,0.574857,-0.13902,26,1
-4.95184,15.879,0.871708,44,9
-3.15149,10.112,-2.05883,57,2
-4.73634,15.2066,1.39345,68,10
-3.33237,10.7056,-1.77584,28,3
-5.30689,17.0595,2.19365,4,11
-3.2401,10.422,-1.34008,30,4
-5.31432,17.0938,2.83522,66,12
-4.89361,15.7503,-1.44295,14,5
-3.72802,12.0136,-0.659224,81,6
-5.0606,16.3179,3.94429,99,14
-6.59067,21.2647,5.96526,8,15
-0.170799,0.553816,-0.155291,12,0
-4.95505,16.0667,0.29348,19,8
-0.183101,0.594071,-0.143519,12,1
-4.92518,15.9897,0.876837,17,9
-3.0896,10.0367,-2.04127,38,2
-4.0763,13.2502,1.21286,63,10
-3.35377,10.9016,-1.80651,43,3
-6.95489,22.6213,2.90585,7,11
-3.26616,10.63,-1.36542,20,4
-5.08994,16.576,2.74636,22,12
-4.85029,15.8054,-1.44644,14,5
-4.8312,15.7432,3.20101,20,13
-3.71862,12.1252,-0.664667,100,6
-5.05443,16.4911,3.98208,19,14
-4.32741,14.1279,-0.257912,93,7
-4.6385,15.1529,4.24619,27,15
-0.168962,0.554379,-0.155291,12,0
-3.92067,12.8721,0.234874,1,8
-0.180459,0.592842,-0.143069,12,1
-6.46167,21.2279,1.16291,16,9
-3.06201,10.0656,-2.04509,52,2
-4.6559,15.3148,1.40042,68,10
-3.33006,10.9605,-1.81433,60,3
-5.08338,16.7419,2.14831,100,11
-3.4717,11.4411,-1.46804,64,4
-5.04928,16.64,2.75419,16,12
-4.38792,14.4696,-1.32285,28,5
-4.7654,15.7242,3.19376,18,13
-3.67974,12.1496,-0.665295,100,6
-4.90425,16.2028,3.9083,23,14
-4.21218,13.9163,-0.253793,69,7
-4.52949,14.9741,4.19183,16,15
-0.167026,0.554966,-0.155291,12,0
-4.25543,14.1393,0.257737,22,8
-0.182982,0.608367,-0.146668,12,1
-3.28781,10.9449,-2.2214,30,2
-4.00262,13.333,1.21791,73,10
-3.23916,10.7899,-1.78429,53,3
-3.40809,11.367,-1.45707,42,4
-4.36767,14.5859,-1.33209,28,5
-4.74871,15.8584,3.2178,7,13
-3.74765,12.5233,-0.685078,100,6
-5.5853,18.676,4.50037,16,14
-4.18534,14.0037,-0.255119,100,7
-4.46393,14.9454,4.17941,13,15
-0.165088,0.555545,-0.155291,12,0
-4.03622,13.5912,0.247475,42,8
-0.172988,0.582879,-0.140369,26,1
-4.44796,14.9968,0.81979,11,9
-3.19599,10.7757,-2.18476,68,2
-3.83036,12.9228,1.17922,65,10
-3.07336,10.3755,-1.7139,57,3
-5.15796,17.4241,2.23118,4,11
-3.37429,11.406,-1.46048,54,4
-4.33593,14.6661,-1.33801,28,5
-4.97426,16.836,3.41243,18,13
-3.9438,13.3568,-0.729877,45,6
-5.37727,18.2234,4.38655,26,14
-3.74315,12.6936,-0.231,22,7
-4.39383,14.9097,4.16492,13,15
-0.163147,0.556118,-0.155291,12,0
-3.97919,13.5726,0.246882,13,8
-0.172049,0.587219,-0.141269,13,1
-6.10285,20.8431,1.1382,12,9
-3.03423,10.3628,-2.0989,40,2
-3.79026,12.9533,1.18079,100,10
-3.14635,10.7597,-1.77553,43,3
-5.0726,17.3582,2.22046,4,11
-3.31832,11.3625,-1.45341,35,4
-5.08989,17.44,2.87746,28,12
-3.35364,11.4909,-1.04726,33,5
-4.88962,16.7646,3.39449,15,13
-3.98992,13.6888,-0.747253,81,6
-5.28583,18.1467,4.3636,34,14
-3.67702,12.6317,-0.229639,22,7
-4.53009,15.5724,4.34557,11,15
-3.91511,13.5287,0.245835,1,8
-0.172164,0.595304,-0.143069,12,1
-4.63209,16.0168,0.873801,7,9
-2.99695,10.3696,-2.09814,59,2
-3.74945,12.9818,1.18218,35,10
-3.06769,10.6282,-1.75207,97,3
-4.14878,14.3832,1.83803,8,11
-3.15298,10.9309,-1.39687,52,4
-4.8285,16.7507,2.76107,38,12
-3.12931,10.8631,-0.989043,42,5
-4.80827,16.7024,3.37846,6,13
-3.91782,13.6182,-0.742647,58,6
-4.73642,16.4636,3.95509,30,14
-3.66661,12.7534,-0.231628,82,7
-4.48642,15.6152,4.35334,22,15
-3.87078,13.5436,0.24587,41,8
-0.172329,0.603367,-0.144868,12,1
-3.805,13.3223,0.726109,18,9
-3.06007,10.7212,-2.16721,61,2
-3.70856,13.0018,1.18288,70,10
-3.02268,10.6042,-1.74643,81,3
-3.14608,11.0444,-1.41003,22,4
-4.2986,15.1004,2.48668,10,12
-4.17923,14.6908,-1.33627,21,5
-4.65997,16.3915,3.31244,5,13
-3.87755,13.6484,-0.743589,35,6
-4.71322,16.5898,3.98163,30,14
-3.7237,13.1156,-0.237981,9,7
-4.49473,15.8418,4.41235,38,15
-0.168212,0.596433,-0.143069,12,1
-3.76931,13.3739,0.728203,32,9
-2.97178,10.5442,-2.12943,64,2
-4.3633,15.4918,1.40809,28,10
-3.03674,10.7891,-1.77522,57,3
-4.90416,17.4354,2.22387,4,11
-3.18809,11.342,-1.44659,92,4
-4.25602,15.1514,2.49263,49,12
-3.23338,11.5108,-1.04604,30,5
-4.58331,16.3275,3.29642,12,13
-3.85655,13.7477,-0.7483,45,6
-5.89406,21.0251,5.04115,19,14
-3.66656,13.088,-0.237248,44,7
-4.45659,15.9188,4.42943,9,15
-3.73129,13.4001,0.242798,42,8
-0.161949,0.581997,-0.13947,13,1
-3.72796,13.4062,0.729249,22,9
-2.94495,10.5904,-2.13668,52,2
-4.13102,14.8658,1.34987,66,10
-3.02918,10.9081,-1.79305,47,3
-4.68986,16.8996,2.15343,9,11
-3.21797,11.6036,-1.47852,63,4
-4.18503,15.101,-1.37096,31,5
-4.51319,16.2961,3.28688,3,13
-3.69506,13.3511,-0.726004,65,6
-5.8679,21.2165,5.08209,20,14
-3.59742,13.016,-0.235712,99,7
-4.36396,15.8002,4.39216,27,15
-3.61669,13.1662,0.23833,22,8
-0.164044,0.597593,-0.143069,12,1
-3.64488,13.2779,0.721608,118,9
-2.97964,10.8619,-2.18934,52,2
-3.95954,14.4439,1.3103,86,10
-3.00622,10.9738,-1.80213,66,3
-5.85157,21.3751,2.7211,13,11
-3.10568,11.3525,-1.44513,37,4
-4.59012,16.7786,2.75512,37,12
-3.14664,11.5101,-1.04395,28,5
-4.60425,16.8534,3.39602,13,13
-3.56585,13.0614,-0.709571,35,6
-4.56898,16.7473,4.00773,38,14
-4.61529,16.9171,-0.30608,38,7
-4.28919,15.7326,4.36938,12,15
-0.167157,0.616943,-0.147568,12,1
-3.61783,13.3619,0.725481,63,9
-2.96939,10.9746,-2.20995,26,2
-3.91482,14.4788,1.31222,60,10
-3.00746,11.123,-1.82496,63,3
-4.30339,15.927,2.02571,48,11
-3.16737,11.7307,-1.49192,78,4
-4.47646,16.5905,2.72165,64,12
-4.07951,15.1298,-1.37096,31,5
-4.50694,16.715,3.36511,10,13
-3.51888,13.0597,-0.708838,16,6
-4.49316,16.6871,3.98973,52,14
-3.56901,13.2641,-0.239761,97,7
-6.25229,23.2527,6.45184,7,15
-0.158966,0.59493,-0.142169,13,1
-3.62217,13.5655,0.735844,15,9
-3.60636,13.5157,1.22384,39,10
-2.98337,11.1887,-1.83404,66,3
-4.23704,15.9016,2.02059,48,11
-3.17289,11.9162,-1.5141,52,4
-4.31135,16.2032,2.65563,21,12
-3.02576,11.3796,-1.03018,20,5
-3.46404,13.0371,-0.706954,61,6
-4.44288,16.7328,3.99693,30,14
-6.04038,22.7814,6.31519,20,15
-3.44065,13.05,0.235573,16,8
-0.162846,0.618095,-0.147568,12,1
-3.57327,13.5722,0.73553,11,9
-2.85624,10.8564,-2.18209,47,2
-3.18698,12.1222,1.09659,83,10
-2.94535,11.2111,-1.83592,52,3
-4.17293,15.8837,2.01645,78,11
-2.95636,11.261,-1.42953,20,4
-4.41266,16.8201,2.75419,38,12
-3.00118,11.4479,-1.03541,9,5
-3.74838,14.3083,2.87511,20,13
-4.10767,15.691,-0.850041,29,6
-4.37511,16.7245,3.99108,33,14
-5.41556,20.7165,5.7375,12,15
-3.55115,13.6722,0.246568,15,8
-0.161559,0.62246,-0.148468,12,1
-3.22431,12.4228,0.672622,20,9
-2.74538,10.5851,-2.12561,68,2
-3.13165,12.0831,1.09206,27,10
-2.92007,11.2748,-1.84468,62,3
-4.13607,15.9815,2.02693,48,11
-2.90612,11.2371,-1.42514,66,4
-3.98545,15.4106,2.5211,13,12
-3.26629,12.6389,-1.14209,28,5
-3.69743,14.3175,2.87435,40,13
-3.55581,13.7791,-0.745787,52,6
-4.32935,16.7887,4.00278,77,14
-4.45254,17.2664,-0.311246,100,7
-5.30753,20.5968,5.6992,10,15
-3.20306,12.5022,0.225276,6,8
-0.152727,0.596562,-0.142169,13,1
-4.05611,15.8549,0.857682,8,9
-2.72932,10.6764,-2.14202,76,2
-3.44007,13.4665,1.216,84,10
-2.86409,11.2117,-1.83279,57,3
-4.07912,15.9797,2.02498,4,11
-2.8708,11.2544,-1.42612,66,4
-3.11839,12.2428,-1.10531,19,5
-3.65381,14.3449,2.8774,8,13
-4.0392,15.8696,-0.858205,29,6
-4.31017,16.9465,4.03697,27,14
-4.40506,17.3323,-0.312154,100,7
-5.24368,20.6471,5.708,27,15
-3.12659,12.3834,0.222937,40,8
-0.157318,0.623545,-0.148468,12,1
-2.74814,10.9005,-2.18514,33,2
-3.01964,11.9863,1.08143,40,10
-2.86592,11.3845,-1.85938,38,3
-3.9163,15.5684,1.97111,38,11
-2.83876,11.2932,-1.42977,22,4
-3.91359,15.5806,-1.40547,30,5
-3.37205,13.4446,-0.726423,48,6
-4.28414,17.0938,4.06846,34,14
-3.48417,13.9019,-0.250163,37,7
-5.21603,20.8274,5.75303,12,15
-3.0831,12.384,0.222763,75,8
-0.160895,0.646757,-0.153867,11,1
-3.06539,12.3313,0.665923,64,9
-2.6263,10.5728,-2.1176,85,2
-3.57104,14.3868,1.29688,14,10
-2.60068,10.4775,-1.70983,15,3
-3.92104,15.8087,1.99988,34,11
-2.77169,11.1831,-1.41466,53,4
-4.14614,16.7412,2.73166,13,12
-3.12639,12.6332,-1.1386,9,5
-3.63625,14.6934,2.94227,32,13
-3.32937,13.4634,-0.726842,61,6
-4.15405,16.8109,3.99783,30,14
-3.36467,13.6266,-0.244997,26,7
-5.18031,20.9955,5.79444,31,15
-3.0689,12.5132,0.224892,22,8
-0.152143,0.620816,-0.147568,12,1
-3.03943,12.4117,0.669691,38,9
-2.6043,10.6348,-2.12828,54,2
-3.01896,12.3375,1.11124,30,10
-2.56832,10.5038,-1.71264,20,3
-9.33266,38.1971,4.82798,15,11
-2.74911,11.2602,-1.42319,45,4
-3.84656,15.7673,2.57053,11,12
-2.70577,11.0911,-0.998805,10,5
-3.59286,14.7385,2.94876,10,13
-3.22799,13.2518,-0.714805,29,6
-4.09948,16.8423,4.00188,11,14
-3.15263,12.9621,-0.23285,40,7
-5.05863,20.8145,5.73957,15,15
-0.13618,0.563329,-0.155291,12,0
-3.03226,12.553,0.225415,11,8
-0.147231,0.609977,-0.144868,12,1
-3.00264,12.4494,0.671156,39,9
-2.56992,10.6553,-2.13057,45,2
-3.41142,14.1551,1.27387,100,10
-4.38646,18.2289,2.30211,9,11
-2.71629,11.2968,-1.4266,39,4
-3.16973,13.1927,-1.18706,27,5
-3.58401,14.9285,2.98425,21,13
-3.1095,12.9619,-0.69858,61,6
-4.50584,18.7971,4.46258,13,14
-3.09432,12.9186,-0.231873,37,7
-5.04619,21.0838,5.80893,21,15
-2.96852,12.4799,0.223914,32,8
-0.140594,0.591528,-0.140369,13,1
-2.4937,10.4999,-2.09775,64,2
-2.94794,12.4222,1.11699,26,10
-2.67586,11.2845,-1.83685,43,3
-3.73148,15.7484,1.9872,8,11
-2.7802,11.7427,-1.48169,61,4
-3.12366,13.2037,-1.18706,27,5
-3.07112,13.0019,-0.70015,45,6
-4.43527,18.7918,4.45763,29,14
-4.10521,17.3934,-0.311944,100,7
-5.29953,22.4711,6.18629,12,15
-0.132243,0.564266,-0.155291,12,0
-2.91525,12.439,0.223007,70,8
-0.145742,0.62235,-0.147568,12,1
-2.42485,10.3709,-2.07028,23,2
-3.26672,13.9826,1.25626,85,10
-2.589,11.0817,-1.80244,88,3
-5.37016,23.0041,2.90049,15,11
-2.81249,12.0573,-1.5202,42,4
-3.66248,15.7137,2.55551,13,12
-3.0753,13.2048,-1.18619,30,5
-3.50592,15.0538,3.00448,4,13
-3.0212,12.9828,-0.69858,71,6
-4.36763,18.7836,4.45223,22,14
-4.04584,17.4135,-0.312049,24,7
-5.63302,24.264,6.67443,7,15
-0.130372,0.564702,-0.155291,12,0
-2.85968,12.3965,0.222064,51,8
-0.145319,0.63045,-0.149367,12,1
-2.86398,12.4349,0.668749,120,9
-2.38427,10.3521,-2.06493,100,2
-2.53746,11.0349,-1.79337,48,3
-5.24182,22.8138,2.87417,45,11
-2.6158,11.3938,-1.43538,24,4
-3.62881,15.8188,2.57053,5,12
-2.91789,12.7198,-1.14174,30,5
-3.90338,17.0294,3.39602,20,13
-3.02134,13.1919,-0.709257,84,6
-5.74968,25.1245,5.95041,7,14
-2.83855,12.4137,-0.222274,38,7
-4.71436,20.6337,5.67124,14,15
-0.1284,0.565153,-0.155291,12,0
-2.83808,12.502,0.223775,25,8
-0.135358,0.596745,-0.141269,13,1
-2.81702,12.4293,0.667912,86,9
-2.34422,10.3432,-2.0615,19,2
-3.07291,13.5693,1.21722,28,10
-2.52203,11.1458,-1.80995,81,3
-5.12626,22.6731,2.85418,7,11
-2.53578,11.2247,-1.41295,57,4
-3.44003,15.2398,2.47448,1,12
-3.27619,14.514,-1.30176,21,5
-4.1264,18.2954,3.6456,18,13
-2.90459,12.8886,-0.692405,78,6
-4.8888,21.711,5.13788,20,14
-2.76798,12.3025,-0.22011,34,7
-5.39824,24.0125,6.59471,30,15
-0.126426,0.565598,-0.155291,12,0
-0.134972,0.604822,-0.143069,12,1
-2.3457,10.5199,-2.09508,90,2
-2.75169,12.3508,1.10705,47,10
-2.53247,11.3763,-1.84593,51,3
-3.13772,14.1067,1.77442,19,11
-2.50802,11.2757,-1.41832,67,4
-3.66076,16.4718,2.67253,11,12
-3.22724,14.5331,-1.30246,2,5
-4.0723,18.3538,3.65437,12,13
-2.69574,12.1597,-0.652734,39,6
-4.79612,21.6339,5.11584,5,14
-2.70209,12.1984,-0.218085,37,7
-5.33111,24.0868,6.61024,30,15
-0.12455,0.566014,-0.155291,12,0
-2.91866,13.2749,0.237248,38,8
-0.129621,0.59004,-0.13947,13,1
-2.36763,10.7865,-2.1466,26,2
-2.99113,13.6385,1.22157,18,10
-2.46091,11.2302,-1.8209,27,3
-3.07225,14.0317,1.76369,19,11
-2.45491,11.2122,-1.4093,53,4
-3.56535,16.3111,-1.46073,14,5
-3.32064,15.2043,3.02509,13,13
-4.71063,21.5868,5.10099,56,14
-2.63053,12.0647,-0.215537,49,7
-5.28245,24.2478,6.64958,7,15
-0.122672,0.566424,-0.155291,12,0
-2.71265,12.5359,0.223879,48,8
-0.133017,0.615228,-0.145318,25,1
-2.69872,12.4821,0.669272,62,9
-2.69326,12.4779,1.11681,30,10
-2.45822,11.3986,-1.84687,18,3
-3.06584,14.2281,1.78709,44,11
-2.43068,11.2804,-1.41685,60,4
-3.55476,16.5111,2.67503,55,12
-3.53973,16.4553,-1.47258,15,5
-3.27639,15.244,3.03081,10,13
-2.58945,12.0582,-0.646349,71,6
-2.59638,12.1007,-0.216026,29,7
-4.62982,21.5962,5.91816,2,15
-0.120793,0.566828,-0.155291,12,0
-2.51365,11.8055,0.210685,56,8
-0.130976,0.615665,-0.145318,25,1
-2.6436,12.4265,0.665818,43,9
-2.25685,10.6176,-2.10997,45,2
-2.65518,12.5023,1.11821,73,10
-2.34742,11.0627,-1.79117,40,3
-3.01205,14.2072,1.78319,58,11
-2.46036,11.605,-1.45658,37,4
-3.49016,16.4765,2.66752,31,12
-2.57797,12.1806,-1.08927,45,5
-3.22988,15.274,3.03463,21,13
-2.5705,12.1664,-0.651687,19,6
-4.53634,21.4708,5.06635,55,14
-2.52443,11.9586,-0.213338,43,7
-6.34947,30.1044,8.2439,12,15
-0.106754,0.510559,-0.139762,14,0
-2.59507,12.4219,0.221506,25,8
-0.128611,0.616164,-0.145318,25,1
-2.56322,12.2801,0.657444,59,9
-2.20764,10.5859,-2.10195,52,2
-3.12696,15.0071,1.34115,71,10
-2.28036,10.9537,-1.77209,38,3
-2.30825,11.0974,-1.39175,64,4
-2.5251,12.1612,-1.08666,54,5
-3.17002,15.2806,3.03348,30,13
-2.50634,12.092,-0.647186,19,6
-4.60258,22.2055,5.23551,44,14
-6.24127,30.1645,8.25374,6,15
-0.106617,0.518479,-0.141833,14,0
-2.57077,12.5127,0.222972,23,8
-0.124216,0.605133,-0.142619,26,1
-2.53373,12.3433,0.660375,77,9
-2.19698,10.7124,-2.12561,47,2
-2.23848,10.9341,-1.76771,72,3
-4.68211,22.8906,2.8688,45,11
-2.38242,11.6476,-1.45975,51,4
-2.47838,12.1382,-1.08387,52,5
-3.12678,15.3275,3.04073,26,13
-2.44749,12.0083,-0.642267,6,6
-4.48339,21.9972,5.18287,36,14
-2.47989,12.1782,-0.216933,20,7
-3.06656,15.0726,4.12143,3,15
-0.095709,0.473385,-0.12941,15,0
-2.72881,13.509,0.240564,37,8
-0.122594,0.607452,-0.143069,25,1
-2.90869,14.4255,0.771223,25,9
-1.91493,9.50555,-1.88481,14,2
-2.19013,10.8814,-1.75801,33,3
-4.60735,22.9118,2.86954,22,11
-2.31087,11.5021,-1.4405,74,4
-2.89935,14.4442,2.33338,11,12
-2.45127,12.223,-1.09067,38,5
-3.07327,15.3384,3.04073,36,13
-2.43221,12.1499,-0.649385,26,6
-2.82679,14.121,3.32478,9,14
-2.47384,12.3691,-0.22018,100,7
-3.46818,17.3565,4.7426,15,15
-0.101491,0.511631,-0.139762,14,0
-2.44874,12.3558,0.219865,81,8
-0.118474,0.598339,-0.140819,26,1
-2.41278,12.1966,0.651583,79,9
-2.69875,13.6547,1.21774,57,10
-2.15559,10.9165,-1.76239,70,3
-2.89275,14.6631,1.83511,44,11
-2.26946,11.5143,-1.44098,53,4
-2.85212,14.4838,2.33807,43,12
-2.28531,11.6161,-1.03576,74,5
-3.02421,15.3861,3.04798,20,13
-2.39074,12.1745,-0.650222,13,6
-2.77501,14.1313,3.32478,18,14
-2.4258,12.3644,-0.219935,29,7
-3.41419,17.4184,4.75606,12,15
-0.103305,0.530962,-0.144939,14,0
-2.40993,12.398,0.220459,16,8
-0.123339,0.635116,-0.149367,24,1
-2.80006,14.4185,0.769757,12,9
-3.44185,17.7564,1.5824,13,10
-2.70362,13.974,1.74761,54,11
-2.22888,11.5202,-1.44074,60,4
-2.6932,13.9332,2.24765,42,12
-2.24928,11.6475,-1.03785,31,5
-2.97682,15.4294,3.05447,6,13
-2.99161,15.5206,-0.828374,39,6
-2.71645,14.0931,3.31353,67,14
-2.39774,12.4513,-0.221331,25,7
-3.34754,17.3999,4.74778,31,15
-0.103719,0.542687,-0.148044,13,0
-3.19354,16.7252,0.297214,28,8
-0.120137,0.629779,-0.148018,24,1
-3.22604,16.9114,0.902272,4,9
-2.29629,12.0604,1.07411,100,10
-2.6517,13.9536,1.74395,15,11
-2.19289,11.5393,-1.4422,64,4
-2.65472,13.9828,2.25422,49,12
-2.22847,11.7488,-1.04622,73,5
-2.67342,14.1082,2.79115,10,13
-2.67042,14.1058,3.31443,13,14
-2.29698,12.1448,-0.215747,37,7
-3.29915,17.4602,4.76124,19,15
-0.0997812,0.531636,-0.144939,14,0
-3.19702,17.0502,0.302799,1,8
-0.115895,0.618682,-0.145318,25,1
-3.37162,18.0161,0.960574,13,9
-1.97473,10.5519,-2.08669,33,2
-2.25994,12.0876,1.07585,45,10
-2.10327,11.2605,-1.81433,33,3
-2.67169,14.3175,1.78831,32,11
-2.14968,11.5312,-1.44025,57,4
-2.61024,14.0153,2.25798,43,12
-2.19168,11.7679,-1.04726,54,5
-2.54331,13.6692,2.70262,3,13
-2.90175,15.6108,-0.832142,52,6
-2.75602,14.8412,3.48494,38,14
-2.26078,12.1862,-0.21634,37,7
-3.19663,17.2475,4.70015,7,15
-0.0965258,0.524381,-0.142868,14,0
-3.09843,16.8489,0.29903,1,8
-0.114087,0.620999,-0.145768,25,1
-3.29104,17.9315,0.955445,28,9
-1.94887,10.6186,-2.09852,45,2
-2.60185,14.1903,1.26219,77,10
-2.53451,13.8503,1.72884,34,11
-2.09157,11.441,-1.42807,49,4
-2.63583,14.4324,2.32368,30,12
-2.14952,11.7696,-1.04674,76,5
-2.1023,11.5339,-0.614424,30,6
-2.70908,14.8776,3.49124,24,14
-2.20785,12.1369,-0.215328,41,7
-2.67009,14.6926,4.00134,23,15
-0.0946949,0.524715,-0.142868,14,0
-3.27873,18.186,0.322555,2,8
-0.111573,0.619476,-0.145318,25,1
-3.21527,17.8519,0.95063,18,9
-1.91493,10.6427,-2.10195,38,2
-2.5294,14.0719,1.25086,55,10
-1.99598,11.1154,-1.78867,48,3
-2.44093,13.607,1.6974,63,11
-2.06143,11.503,-1.43489,49,4
-2.53987,14.1727,2.2805,25,12
-2.0891,11.6692,-1.03715,49,5
-2.50441,14.0313,3.29058,13,14
-2.17883,12.2072,-0.216445,100,7
-2.60508,14.61,3.9765,12,15
-0.0868063,0.4908,-0.133551,15,0
-2.52081,14.2526,0.252641,42,8
-0.111214,0.629437,-0.147568,24,1
-3.11961,17.6742,0.940582,20,9
-1.71003,9.69808,-1.9142,28,2
-2.49167,14.1454,1.25661,85,10
-2.00058,11.3574,-1.82653,76,3
-2.39407,13.6052,1.69618,18,11
-2.04148,11.6134,-1.44781,59,4
-3.17336,18.0708,2.90593,15,12
-2.05662,11.7235,-1.04134,49,5
-2.44414,13.9325,2.74956,10,13
-2.36471,13.4936,-0.717945,39,6
-2.12863,12.1714,-0.215677,100,7
-2.579,14.7618,4.01532,12,15
-0.0851784,0.491085,-0.133551,15,0
-2.47651,14.2928,0.2532,74,8
-0.109348,0.631742,-0.148018,24,1
-3.07356,17.7755,0.945397,9,9
-1.68188,9.72691,-1.91878,35,2
-2.45933,14.238,1.26411,33,10
-1.95319,11.3195,-1.81933,68,3
-2.33106,13.5235,1.68497,37,11
-2.00262,11.6302,-1.44903,50,4
-2.72617,15.8488,2.54707,55,12
-2.0299,11.801,-1.04761,28,5
-2.0358,11.86,-0.630648,78,6
-2.54092,14.8183,3.47099,54,14
-2.09896,12.2536,-0.217003,76,7
-2.40918,14.0795,3.82742,13,15
-0.0860518,0.506616,-0.137692,14,0
-2.32591,13.708,0.242693,24,8
-0.105188,0.620592,-0.145318,25,1
-2.48568,14.6806,0.780329,11,9
-1.76099,10.4005,-2.05043,57,2
-2.7339,16.1638,1.43423,31,10
-1.90511,11.2756,-1.8112,57,3
-2.27525,13.4807,1.67863,41,11
-1.98478,11.7722,-1.46584,57,4
-2.66427,15.8192,2.54081,45,12
-1.91159,11.3502,-1.007,56,5
-2.35008,13.9686,2.75337,11,13
-1.98313,11.8001,-0.62709,35,6
-2.05551,12.2569,-0.216933,100,7
-2.34885,14.0211,3.8093,13,15
-0.0817479,0.491668,-0.133551,15,0
-2.31376,13.931,0.246498,28,8
-0.103659,0.6248,-0.146218,25,1
-2.01676,12.1691,0.646454,19,9
-1.72082,10.3834,-2.04585,52,2
-2.70317,16.3285,1.44801,100,10
-1.86413,11.2725,-1.80963,50,3
-2.21297,13.3965,1.66717,71,11
-1.95305,11.8359,-1.47291,54,4
-2.40567,14.5947,2.34276,25,12
-1.82141,11.0501,-0.979805,78,5
-2.31955,14.1029,-0.749032,19,6
-2.29113,13.9453,3.26269,22,14
-2.01692,12.2897,-0.217387,9,7
-2.29895,14.0235,3.80775,18,15
-0.0794108,0.488137,-0.132515,15,0
-2.27506,14.0002,0.24758,30,8
-0.101165,0.623235,-0.145768,25,1
-1.9634,12.109,0.642895,17,9
-1.67576,10.3351,-2.03517,52,2
-2.35533,14.5422,1.28886,16,10
-1.8336,11.3335,-1.81839,76,3
-2.16429,13.3924,1.66571,45,11
-1.89622,11.7466,-1.46097,39,4
-2.15754,13.3802,2.14659,47,12
-1.90176,11.794,-1.04517,38,5
-2.26873,14.0854,2.77322,30,13
-2.84455,17.6801,-0.938488,42,6
-2.25109,14.0071,3.27529,65,14
-1.94548,12.119,-0.214246,100,7
-2.25672,14.0734,3.81913,9,15
-0.0789205,0.496043,-0.134586,15,0
-1.95846,12.3235,0.217806,15,8
-0.099295,0.625508,-0.146218,25,1
-2.54419,16.0452,0.851401,8,9
-1.56527,9.8716,-1.94282,23,2
-2.40616,15.1919,1.34568,3,10
-1.8212,11.5116,-1.84593,67,3
-2.18198,13.8077,1.71641,38,11
-1.85304,11.7394,-1.45926,73,4
-2.11112,13.3896,2.14691,31,12
-1.828,11.5939,-1.02687,45,5
-2.26292,14.3686,2.82741,35,13
-2.70957,17.2243,-0.913786,37,6
-2.18857,13.9282,3.25504,67,14
-1.89759,12.0901,-0.213617,30,7
-2.19322,13.9896,3.79429,23,15
-0.0765946,0.492497,-0.133551,15,0
-1.90929,12.2907,0.217108,20,8
-0.0962144,0.620074,-0.144868,25,1
-1.60387,10.3484,-2.03555,64,2
-3.32393,21.4712,1.90087,8,10
-1.78523,11.5452,-1.85031,47,3
-2.13043,13.7936,1.71373,7,11
-1.83324,11.8831,-1.47633,37,4
-2.13749,13.8713,2.22293,48,12
-1.7766,11.5294,-1.02059,56,5
-2.24709,14.5996,2.87129,25,13
-1.66735,10.8455,-0.575068,20,6
-2.13581,13.9088,3.24874,47,14
-1.86871,12.1836,-0.215153,27,7
-2.20434,14.3886,3.9004,13,15
-0.0725536,0.477482,-0.12941,15,0
-1.87418,12.3487,0.218015,6,8
-0.0949254,0.626186,-0.146218,25,1
-1.8407,12.1424,0.643628,57,9
-1.5601,10.3035,-2.02563,49,2
-2.09715,13.8667,1.22698,57,10
-1.71511,11.3541,-1.81871,81,3
-2.12907,14.1111,1.75224,69,11
-1.76601,11.7187,-1.45512,42,4
-2.04702,13.5834,2.17569,11,12
-2.11382,14.0599,2.76368,33,13
-1.62385,10.8138,-0.573079,40,6
-2.09793,13.9875,3.26539,24,14
-1.81139,12.0771,-0.213164,38,7
-0.0771243,0.519773,-0.140798,14,0
-1.82148,12.2757,0.216619,10,8
-0.0897056,0.605293,-0.141269,26,1
-2.37796,16.0647,0.851087,51,9
-1.5181,10.2681,-2.01761,42,2
-2.02603,13.7202,1.21338,63,10
-1.70659,11.5571,-1.85031,46,3
-2.05388,13.9256,1.72835,46,11
-1.74855,11.8698,-1.47316,81,4
-2.0039,13.6198,2.18038,4,12
-1.65233,11.2438,-0.994273,19,5
-2.0666,14.0629,2.76291,52,13
-1.78028,12.1292,-0.642476,13,6
-2.06821,14.1081,3.29193,36,14
-1.76923,12.0833,-0.213164,100,7
-2.04066,13.9541,3.77876,21,15
-0.0737369,0.508555,-0.137692,14,0
-0.0889874,0.615246,-0.143519,25,1
-1.77988,12.321,0.65242,17,9
-1.41498,9.79509,-1.92374,54,2
-1.99389,13.8196,1.22157,94,10
-1.65639,11.4945,-1.83936,81,3
-2.07821,14.4397,1.79124,48,11
-1.64525,11.4455,-1.41978,66,4
-1.61503,11.2492,-0.994273,10,5
-2.03394,14.1847,2.78543,40,13
-2.02614,14.1654,3.30363,74,14
-1.73354,12.1349,-0.213967,53,7
-2.14065,15.0034,4.06087,32,15
-0.0697971,0.493506,-0.133551,15,0
-2.04842,14.5018,0.255643,64,8
-0.0895613,0.634849,-0.148018,24,1
-1.37668,9.77081,-1.91801,38,2
-2.35126,16.7089,1.47624,31,10
-1.61213,11.4709,-1.83466,51,3
-2.01538,14.3584,1.78027,100,11
-1.6108,11.4905,-1.42465,31,4
-2.01477,14.3905,2.30146,62,12
-1.74455,12.4604,-1.10078,16,5
-1.98115,14.1684,2.78085,8,13
-1.87318,13.4132,-0.70978,39,6
-1.9616,14.0643,3.27844,60,14
-1.68758,12.1152,-0.213513,24,7
-2.10104,15.1027,4.08572,22,15
-0.0696572,0.505229,-0.136656,14,0
-1.9997,14.5227,0.255887,42,8
-0.0862829,0.627436,-0.146218,25,1
-1.34604,9.80084,-1.92297,49,2
-1.5702,11.4627,-1.83247,97,3
-1.9701,14.4007,1.78465,100,11
-1.61655,11.8164,-1.46438,69,4
-1.96142,14.356,2.29489,53,12
-1.67438,12.271,-1.08352,26,5
-1.65397,12.1531,-0.64279,35,6
-1.91311,14.0572,3.27529,45,14
-1.74274,12.8221,-0.225869,26,7
-2.0668,15.2263,4.11729,12,15
-0.0669513,0.497799,-0.134586,15,0
-1.68799,12.5672,0.221331,15,8
-0.0839425,0.625787,-0.145768,25,1
-1.671,12.4572,0.6587,62,9
-1.30962,9.77606,-1.91725,54,2
-1.82929,13.6735,1.20693,39,10
-1.60621,12.022,-1.92102,20,3
-1.53665,11.5167,-1.4266,34,4
-1.62447,12.2073,-1.07742,42,5
-1.96821,14.8102,2.90411,34,13
-1.60919,12.1249,-0.641011,29,6
-1.86853,14.079,3.27889,51,14
-1.70126,12.8358,-0.226009,100,7
-1.97346,14.9094,4.02981,25,15
-0.0683141,0.521004,-0.140798,14,0
-1.64241,12.543,0.220808,37,8
-0.081867,0.626062,-0.145768,25,1
-1.62657,12.4389,0.657444,41,9
-1.27745,9.7823,-1.91763,52,2
-1.76822,13.559,1.1963,49,10
-1.51506,11.6335,-1.85813,97,3
-1.83435,14.1044,1.74639,81,11
-1.51228,11.628,-1.43976,52,4
-1.87965,14.4725,2.31148,17,12
-1.59321,12.2838,-1.08369,26,5
-1.91555,14.7893,2.89877,42,13
-1.69451,13.1007,-0.6923,81,6
-1.81433,14.0271,3.26539,60,14
-1.54854,11.9886,-0.211,77,7
-0.0651171,0.50973,-0.137692,14,0
-1.58942,12.4591,0.219237,70,8
-0.0800366,0.628263,-0.146218,25,1
-1.24153,9.75921,-1.91229,61,2
-1.4925,11.7483,1.03611,10,10
-1.43943,11.3465,-1.81151,20,3
-1.46548,11.568,-1.43172,78,4
-2.34758,18.5569,2.96256,7,12
-1.55446,12.3048,-1.08509,14,5
-1.86355,14.7722,2.89419,42,13
-1.77293,14.0736,3.27484,56,14
-1.51676,12.0571,-0.212117,48,7
-1.73439,13.8066,3.72855,2,15
-0.06126,0.494639,-0.133551,15,0
-1.49985,12.1277,0.213303,46,8
-0.0785791,0.636302,-0.148018,24,1
-1.20693,9.78729,-1.91687,52,2
-1.45809,11.841,1.04378,49,10
-1.51249,12.3183,1.52385,7,11
-1.43667,11.7176,-1.44951,28,4
-1.3859,11.3199,-0.997759,40,5
-1.808,14.789,2.8961,45,13
-1.63097,13.3603,-0.705384,52,6
-1.71736,14.0884,3.27664,22,14
-1.48207,12.1581,-0.213792,44,7
-1.73201,14.2293,3.84087,4,15
-0.0595331,0.49485,-0.133551,15,0
-1.46942,12.2141,0.214734,67,8
-0.0771658,0.642363,-0.149367,24,1
-1.61869,13.4946,0.712292,32,9
-1.17253,9.78949,-1.91649,47,2
-1.42692,11.9311,1.05127,67,10
-1.36242,11.3918,-1.81714,52,3
-1.66936,13.979,1.72859,93,11
-1.39922,11.7341,-1.45098,89,4
-1.88849,15.8609,2.52986,17,12
-1.34026,11.2732,-0.993227,25,5
-1.75872,14.793,2.89572,28,13
-1.58337,13.3379,-0.703919,45,6
-1.66467,14.0437,3.26494,11,14
-1.45325,12.2784,-0.215816,100,7
-1.76691,14.9509,4.03395,11,15
-0.061033,0.521907,-0.140798,14,0
-1.42375,12.1933,0.214281,22,8
-0.0728918,0.625208,-0.145318,25,1
-1.76927,15.1984,0.801892,38,9
-1.14006,9.79333,-1.91649,45,2
-1.40644,12.1,1.06574,63,10
-1.32561,11.422,-1.82121,68,3
-1.62673,14.0379,1.73518,19,11
-1.37558,11.8888,-1.4695,39,4
-1.8263,15.8085,2.52047,62,12
-1.292,11.2007,-0.986429,51,5
-1.69943,14.7327,2.88274,40,13
-1.48287,12.8751,-0.679216,32,6
-1.76746,15.3698,3.57177,36,14
-1.42315,12.3947,-0.217771,21,7
-1.90988,16.6594,4.4931,2,15
-0.0591196,0.522127,-0.140798,14,0
-1.63429,14.4336,0.253549,46,8
-0.0720229,0.637077,-0.148018,24,1
-1.41288,12.5172,0.660166,120,9
-1.09954,9.75647,-1.90847,40,2
-1.29476,11.5249,-1.83685,58,3
-1.58503,14.1086,1.74322,23,11
-1.28252,11.4339,-1.41271,34,4
-1.76739,15.7814,2.51515,75,12
-1.24647,11.1477,-0.981374,48,5
-1.63888,14.6803,2.87129,34,13
-1.51024,13.5494,-0.714491,35,6
-1.70897,15.3568,3.56727,15,14
-1.38187,12.4174,-0.218085,100,7
-1.85214,16.6698,4.49413,8,15
-0.054769,0.499287,-0.134586,15,0
-1.38937,12.6862,0.222763,60,8
-0.0686285,0.627651,-0.145768,25,1
-1.70676,15.6094,0.822931,55,9
-1.0578,9.68999,-1.89473,40,2
-1.38307,12.6901,1.11681,11,10
-1.29192,11.873,-1.89161,40,3
-1.31249,12.0817,1.49217,59,11
-1.24667,11.4758,-1.41734,52,4
-1.71122,15.7777,2.51359,61,12
-1.20669,11.144,-0.980676,14,5
-1.6062,14.8577,2.90488,43,13
-1.40227,12.9926,-0.684868,100,6
-1.66891,15.4631,3.59067,60,14
-1.33594,12.3983,-0.217666,27,7
-2.35535,21.8949,5.90056,2,15
-0.0543388,0.510992,-0.137692,14,0
-1.34074,12.6291,0.22168,13,8
-0.0688059,0.649192,-0.150717,23,1
-1.25187,11.8115,0.622484,12,9
-1.01761,9.6173,-1.87985,38,2
-1.24612,11.8164,-1.88191,36,3
-1.27616,12.1215,1.49656,38,11
-1.19926,11.391,-1.40637,66,4
-1.66652,15.8559,2.52517,56,12
-1.29345,12.327,-1.08439,73,5
-1.55978,14.8903,2.91022,9,13
-1.36105,13.0151,-0.68581,71,6
-1.64822,15.7612,3.6586,45,14
-1.22672,11.7503,-0.206218,23,7
-2.22987,21.3953,5.7639,32,15
-0.0494773,0.480422,-0.12941,15,0
-1.48006,14.3959,0.252606,38,8
-0.065857,0.641662,-0.148918,24,1
-0.981108,9.57571,-1.87107,33,2
-1.21636,11.8923,1.04587,67,10
-1.18065,11.563,-1.84092,60,3
-1.25005,12.2639,1.51362,38,11
-1.17717,11.5689,-1.42782,44,4
-1.54415,15.1755,2.41597,13,12
-1.25256,12.3312,-1.08439,61,5
-1.44246,14.2254,2.77932,4,13
-1.3203,13.0434,-0.687066,81,6
-2.17684,21.5427,4.99886,33,14
-1.73759,17.2258,4.63907,15,15
-0.0477999,0.480592,-0.12941,15,0
-1.20312,12.0965,0.212186,30,8
-0.0623808,0.628303,-0.145768,25,1
-1.18996,12.0066,0.632323,56,9
-0.946901,9.57126,-1.86955,40,2
-1.17034,11.8509,1.04186,53,10
-1.12541,11.3958,-1.8137,35,3
-1.22534,12.4299,1.5336,100,11
-1.1388,11.5728,-1.42782,37,4
-2.21571,22.5569,3.58986,17,12
-1.23887,12.6349,-1.11071,30,5
-1.39988,14.277,2.78848,10,13
-1.26108,12.8847,-0.678483,26,6
-2.19729,22.4905,5.21706,48,14
-1.15739,11.8679,-0.208137,32,7
-1.67483,17.2049,4.63183,8,15
-0.0491634,0.511515,-0.137692,14,0
-1.26211,13.1556,0.230686,52,8
-0.0590725,0.616877,-0.143069,25,1
-1.16153,12.1519,0.639755,35,9
-0.915719,9.58021,-1.87069,38,2
-1.22376,12.8265,1.12727,54,10
-1.10903,11.6455,-1.85281,72,3
-1.18269,12.4421,1.53458,42,11
-1.11752,11.7783,-1.45268,34,4
-1.54507,16.3147,2.59556,13,12
-1.19489,12.6171,-1.1088,52,5
-1.34948,14.276,2.78734,15,13
-2.12389,22.5524,5.22966,55,14
-1.12886,12.0092,-0.210546,23,7
-2.0273,21.6075,5.81515,21,15
-0.0459526,0.496295,-0.133551,15,0
-1.32788,14.3686,0.251873,35,8
-0.0579929,0.628723,-0.145768,25,1
-1.12716,12.2434,0.64436,28,9
-0.883354,9.59508,-1.87298,38,2
-1.17515,12.7891,1.12361,52,10
-1.06097,11.5686,-1.83998,58,3
-1.33704,14.6068,1.80099,48,11
-1.08435,11.8691,-1.46341,33,4
-1.08325,11.88,1.88942,8,12
-1.18232,12.9665,-1.13913,52,5
-1.09519,12.0341,2.34886,10,13
-1.37634,15.1527,-0.797391,35,6
-2.10567,23.2273,5.38443,64,14
-1.0655,11.7761,-0.206392,25,7
-1.9602,21.7068,5.83999,21,15
-0.0455909,0.511846,-0.137692,14,0
-1.09764,12.3474,0.216375,62,8
-0.0564866,0.636686,-0.147568,24,1
-1.10186,12.4442,0.654723,28,9
-0.849161,9.59028,-1.87145,38,2
-1.03457,11.7075,1.02826,27,10
-1.02909,11.6687,-1.85531,38,3
-1.10033,12.5014,1.54092,59,11
-1.28761,14.6879,2.33525,11,12
-1.07946,12.3136,-1.08143,28,5
-1.0542,12.0496,2.35115,20,13
-1.29443,14.8252,-0.779911,13,6
-2.02171,23.2015,5.37678,64,14
-1.02369,11.7718,-0.206253,100,7
-2.06146,23.7536,6.38869,6,15
-0.0434747,0.508152,-0.136656,14,0
-1.08158,12.668,0.221925,50,8
-0.0557529,0.654355,-0.151617,23,1
-1.88585,22.1794,1.16657,29,9
-0.815348,9.58927,-1.87069,35,2
-0.992517,11.6971,1.02704,70,10
-1.05702,12.5091,1.5414,28,11
-1.08136,12.8238,-1.58016,9,4
-1.08927,12.9446,-1.13651,21,5
-1.01132,12.0434,2.34924,7,13
-1.40995,16.8259,-0.884896,37,6
-1.97319,23.5968,5.46676,55,14
-0.982259,11.7713,-0.206183,100,7
-1.79915,21.6064,5.80945,13,15
-0.0407528,0.496749,-0.133551,15,0
-1.02152,12.4784,0.218539,48,8
-0.0512474,0.627353,-0.145318,25,1
-1.83458,22.4583,1.18091,21,9
-0.78123,9.58423,-1.86917,38,2
-0.950062,11.6807,1.0253,76,10
-0.946646,11.6638,-1.85344,32,3
-1.01319,12.5108,1.54116,80,11
-0.977424,12.0954,-1.48997,37,4
-0.968185,11.9811,1.90381,57,12
-1.24105,15.3911,-1.35091,5,5
-0.949585,11.8022,2.30154,8,13
-1.38062,17.197,-0.904156,20,6
-1.88412,23.52,5.44741,67,14
-1.16533,14.5472,-0.254735,85,7
-1.99178,24.9187,6.69824,3,15
-0.0417412,0.531555,-0.142868,14,0
-0.959322,12.2165,0.213897,66,8
-0.049471,0.631406,-0.146218,25,1
-1.76644,22.596,1.18782,17,9
-0.748535,9.59669,-1.87107,33,2
-0.90573,11.6382,1.02129,57,10
-0.907805,11.6649,-1.85312,67,3
-0.963704,12.4112,1.52849,31,11
-0.935038,12.0967,1.92164,65,12
-1.01358,13.1426,-1.15324,26,5
-0.910445,11.8053,2.30154,20,13
-0.985409,12.8065,-0.673145,52,6
-1.80417,23.5009,5.44157,61,14
-0.943345,12.316,-0.215607,21,7
-1.83015,23.9489,6.43579,7,15
-0.0405575,0.539396,-0.144939,14,0
-0.930132,12.3993,0.217038,21,8
-0.0485754,0.649064,-0.150267,24,1
-0.715248,9.57954,-1.86726,33,2
-0.925446,12.424,1.08997,33,10
-0.853611,11.4867,-1.82434,52,3
-0.913333,12.3194,1.51679,80,11
-0.911768,12.3275,-1.51776,16,4
-0.875651,11.8674,1.88472,37,12
-0.929522,12.5975,-1.10513,11,5
-0.880758,11.9651,2.33207,11,13
-0.979027,13.3318,-0.700569,32,6
-1.72212,23.507,5.44157,18,14
-0.994796,13.6116,-0.238225,45,7
-1.74992,24.0014,6.44822,14,15
-0.894686,12.5121,0.218958,48,8
-0.0464485,0.651173,-0.150717,23,1
-0.900149,12.6506,0.664667,84,9
-0.682081,9.5859,-1.86802,33,2
-0.817005,11.5389,-1.83216,56,3
-0.869762,12.3146,1.51581,80,11
-0.855475,12.1425,-1.49461,9,4
-0.839768,11.9492,1.89724,54,12
-0.908738,12.9306,-1.13407,11,5
-0.902527,12.9067,-0.678065,19,6
-1.75736,25.1945,5.83073,7,14
-0.841656,12.0969,-0.211663,26,7
-1.66853,24.042,6.45754,21,15
-0.036265,0.531956,-0.142868,14,0
-0.852636,12.5391,0.219377,100,8
-0.0444388,0.65522,-0.151617,23,1
-0.839132,12.4046,0.651583,63,9
-0.646758,9.56079,-1.86268,28,2
-0.799925,11.8557,1.03959,80,10
-0.779106,11.5772,-1.83779,47,3
-0.831686,12.3909,1.52483,56,11
-0.818524,12.2266,-1.5046,79,4
-0.992561,14.8652,2.35966,24,12
-0.88284,13.2219,-1.15935,19,5
-0.789638,11.8573,2.30993,13,13
-1.54922,23.3862,5.41097,48,14
-0.853472,12.9179,-0.225974,28,7
-1.58334,24.0284,6.45236,21,15
-0.0336602,0.520513,-0.139762,14,0
-0.778743,12.0751,0.211209,62,8
-0.0409004,0.635924,-0.147118,24,1
-0.812838,12.6725,0.665504,26,9
-0.611125,9.52773,-1.85581,28,2
-0.759424,11.8723,1.04081,70,10
-0.737554,11.5621,-1.83498,46,3
-0.774952,12.1817,1.49875,63,11
-0.783252,12.3463,-1.51898,40,4
-0.943655,14.9159,2.36717,15,12
-0.828752,13.0997,-1.14836,45,5
-0.987574,15.6533,3.04875,11,13
-1.45427,23.1795,5.36193,58,14
-0.811506,12.9707,-0.226846,30,7
-1.48645,23.8256,6.39645,28,15
-0.0313712,0.512914,-0.137692,14,0
-0.734278,12.0398,0.210546,82,8
-0.0391537,0.643844,-0.148918,24,1
-0.756143,12.47,0.654723,56,9
-0.576435,9.50629,-1.85123,30,2
-0.717853,11.8729,1.04064,68,10
-0.697312,11.5666,-1.83529,46,3
-0.745048,12.3944,1.52459,31,11
-0.740147,12.3489,-1.51898,13,4
-0.898775,15.0394,2.38625,21,12
-0.784925,13.1343,-1.15115,11,5
-1.39337,23.3841,4.55347,24,13
-0.840519,14.1476,-0.742752,16,6
-1.37451,23.2039,5.36643,47,14
-0.768933,13.0193,-0.227649,24,7
-1.42053,24.1237,6.47514,10,15
-0.0295807,0.51302,-0.137692,14,0
-0.0367943,0.642031,-0.148468,24,1
-0.711816,12.4586,0.65399,32,9
-0.54213,9.48864,-1.84741,28,2
-0.700093,12.2911,1.07707,13,10
-0.65805,11.5886,-1.83842,42,3
-0.677099,11.9609,1.47096,73,11
-0.679038,12.0323,-1.47974,34,4
-0.679611,12.0801,1.91632,33,12
-0.809127,14.3822,-1.26027,35,5
-0.853856,15.2247,2.96403,6,13
-0.829715,14.8404,-0.778968,35,6
-1.30369,23.3915,5.40872,54,14
-0.721926,12.994,-0.227161,34,7
-1.38889,25.0776,6.72981,15,15
-0.0261181,0.482256,-0.12941,15,0
-0.702486,13.0131,0.227475,62,8
-0.034239,0.636318,-0.147118,24,1
-0.506269,9.4395,-1.83749,38,2
-0.649737,12.1542,1.06487,45,10
-0.616335,11.5672,-1.83466,42,3
-0.635761,11.9711,1.47194,17,11
-0.638077,12.0147,-1.4773,67,4
-0.645084,12.1868,1.9329,49,12
-0.761651,14.4367,-1.2648,57,5
-0.744036,14.197,-0.745055,13,6
-1.24029,23.6662,5.47126,12,14
-0.679044,13.0003,-0.22723,27,7
-1.30472,25.0627,6.72464,19,15
-0.0270688,0.532504,-0.142868,14,0
-0.658212,12.9934,0.227091,31,8
-0.0329149,0.651998,-0.150717,23,1
-0.608125,12.0461,0.632114,76,9
-0.474374,9.42937,-1.8352,28,2
-0.614912,12.2657,1.07446,24,10
-0.578863,11.5869,-1.83748,52,3
-0.601688,12.0862,1.48583,91,11
-0.614816,12.3498,-1.51825,22,4
-0.605741,12.2106,1.93635,46,12
-0.718006,14.5247,-1.2723,15,5
-0.750502,15.236,2.96517,24,13
-1.17833,24.0069,5.54909,38,14
-0.637984,13.0444,-0.227963,83,7
-1.23165,25.2734,6.78002,16,15
-0.0253026,0.53259,-0.142868,14,0
-0.568607,12.0127,0.209918,40,8
-0.0298344,0.632638,-0.146218,25,1
-0.565914,12.0002,0.629602,60,9
-0.442547,9.41912,-1.83291,28,2
-0.56194,12.0049,1.05145,54,10
-0.539973,11.5789,-1.83592,57,3
-0.564551,12.1515,1.49363,42,11
-0.572289,12.3181,-1.5141,37,4
-0.576391,12.4533,1.97452,52,12
-0.684424,14.8435,-1.30001,28,5
-0.698258,15.2012,2.95792,11,13
-0.653696,14.2854,-0.749451,87,6
-1.09952,24.0282,5.55314,19,14
-0.596905,13.0944,-0.228801,100,7
-1.14749,25.2696,6.77795,16,15
-0.0226837,0.513372,-0.137692,14,0
-0.529738,12.0365,0.210301,43,8
-0.0277365,0.632733,-0.146218,37,1
-0.536528,12.2394,0.642058,35,9
-0.409513,9.37935,-1.8249,30,2
-0.511828,11.7699,1.0307,82,10
-0.50149,11.5787,-1.8356,50,3
-0.672342,15.5863,1.91554,8,11
-0.527762,12.2347,-1.50362,31,4
-0.648871,15.1036,2.39439,37,12
-0.641329,15.0504,2.92815,15,13
-0.610635,14.3893,-0.754789,48,6
-1.03214,24.3218,5.62018,6,14
-0.550695,13.0304,-0.227649,33,7
-1.05491,25.0648,6.72205,3,15
-0.0211146,0.521172,-0.139762,14,0
-0.496254,12.3021,0.214909,100,8
-0.0261994,0.652302,-0.150717,23,1
-0.493755,12.3472,0.647605,120,9
-0.373562,9.34155,-1.81726,28,2
-0.473835,11.9011,1.04203,25,10
-0.458268,11.5607,-1.83247,56,3
-0.792591,20.0834,2.46785,10,11
-0.508833,12.9507,-1.59137,27,4
-0.785451,20.0802,3.18282,37,12
-0.58738,15.084,2.93426,11,13
-0.932059,24.1522,5.58014,26,14
-0.502804,13.0884,-0.228627,36,7
-0.95785,25.0475,6.71635,7,15
-0.0192044,0.521246,-0.139762,14,0
-0.447789,12.1539,0.212291,73,8
-0.0239221,0.65239,-0.150717,23,1
-0.461289,12.6402,0.662887,91,9
-0.337399,9.28988,-1.80696,30,2
-0.441834,12.2837,1.50923,21,11
-0.442395,12.3592,-1.51849,54,4
-0.425004,11.9316,1.89098,49,12
-0.449919,12.6935,-1.11124,42,5
-0.534793,15.1626,2.94914,25,13
-0.503886,14.3574,-0.752905,78,6
-0.878685,25.1624,5.81274,28,14
-0.456483,13.072,-0.228312,44,7
-0.896044,25.7882,6.91409,8,15
-0.0160969,0.482695,-0.12941,15,0
-0.403038,12.1495,0.212186,92,8
-0.0216595,0.656368,-0.151617,23,1
-0.414993,12.5759,0.659433,90,9
-0.301747,9.1929,-1.78788,30,2
-0.38372,11.7528,1.02879,80,10
-0.342061,10.5331,-1.66916,2,3
-0.38188,11.823,1.45244,13,11
-0.404951,12.5373,-1.54018,31,4
-0.409624,12.8205,-1.12222,19,5
-0.672032,21.1493,4.11308,17,13
-0.42468,13.4388,-0.704651,13,6
-0.73203,23.1648,5.35069,23,14
-0.417078,13.2714,-0.231768,22,7
-0.634215,20.2939,5.44038,8,15
-0.0165837,0.552261,-0.148044,13,0
-0.363937,12.1907,0.212884,92,8
-0.0190202,0.640853,-0.148018,24,1
-0.37038,12.4794,0.654304,73,9
-0.270915,9.18207,-1.78559,28,2
-0.347077,11.8337,1.03576,17,10
-0.348712,12.0325,1.47803,38,11
-0.360961,12.4552,-1.52995,51,4
-0.79385,27.5589,4.36671,12,12
-0.387119,13.5208,-1.1834,27,5
-0.598214,21.0219,4.08789,2,13
-0.410261,14.5063,-0.760546,35,6
-0.590029,20.8627,4.81845,17,14
-0.436719,15.5375,-0.271315,65,7
-0.724264,25.9289,6.95033,4,15
-0.0139268,0.521414,-0.139762,14,0
-0.323517,12.1919,0.212884,86,8
-0.0169977,0.644809,-0.148918,24,1
-0.323259,12.3448,0.647186,60,9
-0.238714,9.11619,-1.77262,28,2
-0.317219,12.1953,1.06731,29,10
-0.286481,11.088,-1.75676,26,3
-0.30631,11.9364,1.46609,94,11
-0.322991,12.6727,-1.55652,24,4
-0.773596,30.5611,4.84196,7,12
-0.341669,13.5918,-1.1895,27,5
-0.619865,24.6585,4.79465,6,13
-0.499202,20.1379,4.65064,18,14
-0.37972,15.427,-0.26936,89,7
-0.484689,19.8323,5.31563,7,15
-0.0118377,0.513736,-0.137692,14,0
-0.280862,12.1889,0.212815,46,8
-0.0151031,0.66045,-0.152517,23,1
-0.276458,12.1821,0.638603,70,9
-0.204109,9.06401,-1.76231,28,2
-0.26446,11.8358,1.03576,70,10
-0.233408,10.5281,-1.6679,28,3
-0.262847,11.856,1.4561,43,11
-0.274958,12.5011,-1.53531,22,4
-0.474667,21.7536,3.44625,2,12
-0.276899,12.7921,-1.11943,2,5
-0.523967,24.4035,4.74466,6,13
-0.280195,13.157,-0.689683,6,6
-0.423811,20.0656,4.63354,18,14
-0.34968,16.5558,-0.289047,86,7
-0.415867,19.8531,5.3208,3,15
-0.0100443,0.513774,-0.137692,14,0
-0.0123832,0.644914,-0.148918,24,1
-0.233354,12.1531,0.637033,74,9
-0.171607,9.01952,-1.75353,28,2
-0.22431,11.8984,1.04116,61,10
-0.209527,11.2182,-1.7771,57,3
-0.223348,12.0713,1.48242,28,11
-0.232124,12.5456,-1.54067,13,4
-0.412346,22.4977,3.56389,10,12
-0.261787,14.4205,-1.26184,40,5
-0.393142,21.8671,4.25122,9,13
-0.233026,13.088,-0.68602,26,6
-0.366892,20.6066,4.75816,8,14
-0.291863,16.5549,-0.289012,78,7
-0.350807,20.0979,5.38602,8,15
-0.00783888,0.482899,-0.12941,15,0
-0.200551,12.4885,0.218015,47,8
-0.0101514,0.639106,-0.147568,24,1
-0.196221,12.3535,0.647501,17,9
-0.141205,8.98863,-1.74743,28,2
-0.184762,11.8931,1.04064,85,10
-0.166133,10.8159,-1.71327,32,3
-0.218072,14.3605,1.76345,69,11
-0.189589,12.4848,-1.53312,52,4
-0.411156,27.3895,4.33855,6,12
-0.178404,12.0247,-1.05214,28,5
-0.32443,22.1274,4.3016,19,13
-0.297139,20.5103,4.73567,4,14
-0.224081,15.656,-0.273305,32,7
-0.286811,20.2863,5.43624,8,15
-0.00663679,0.51383,-0.137692,14,0
-0.190037,14.9145,0.260355,16,8
-0.00798319,0.635239,-0.146668,24,1
-0.201948,16.2964,0.854123,21,9
-0.111272,8.97924,-1.74552,28,2
-0.146341,11.9774,1.04796,72,10
-0.127556,10.5912,-1.6776,33,3
-0.177914,14.9904,1.84071,44,11
-0.140137,11.9832,-1.47145,16,4
-0.261201,22.6738,3.59142,2,12
-0.179153,15.5516,-1.36068,18,5
-0.275922,24.3212,4.72787,14,13
-0.221583,20.1507,4.65244,7,14
-0.146619,13.5491,-0.236515,100,7
-0.219334,20.6001,5.52009,10,15
-0.00480684,0.509986,-0.136656,14,0
-0.119196,12.8855,0.224927,20,8
-0.00581893,0.641109,-0.148018,24,1
-0.155562,17.4753,0.915879,8,9
-0.0799869,8.98546,-1.74667,28,2
-0.171031,19.5984,1.7147,31,10
-0.09253,10.8187,-1.71358,63,3
-0.125523,14.983,1.83974,100,11
-0.102945,12.5493,-1.54092,31,4
-0.219601,27.3522,4.3323,3,12
-0.133916,16.6797,-1.45934,11,5
-0.171847,21.8798,4.25313,24,13
-0.11152,14.5216,-0.76107,6,6
-0.151486,20.1845,4.66009,26,14
-0.117781,16.0671,-0.28046,63,7
-0.144101,20.1371,5.39586,14,15
-0.00302649,0.51,-0.136656,14,0
-0.073989,12.8458,0.224229,43,8
-0.00365703,0.654766,-0.151167,23,1
-0.0486402,8.98961,-1.74743,30,2
-0.0639818,12.2192,1.06905,20,10
-0.0541422,10.6965,-1.69419,21,3
-0.0715179,14.6339,1.79684,48,11
-0.0601985,12.7739,-1.56846,27,4
-0.0743232,16.3777,2.594,13,12
-0.0609332,14.5459,-0.762326,45,6
-0.0820102,20.4285,4.71632,4,14
-0.0515627,13.4279,-0.234386,100,7
-0.0667657,18.2172,4.88133,9,15
-0.001303,0.533189,-0.142868,14,0
-0.0337906,14.8937,0.259971,66,8
-0.00137127,0.654775,-0.151167,23,1
-0.0322575,16.7989,0.880396,22,9
-0.0172358,8.97598,-1.74476,28,2
-0.0213149,12.2133,1.06853,47,10
-0.0169873,10.8152,-1.71296,82,3
-0.025296,18.112,2.22387,19,11
-0.0160201,13.1135,-1.61014,68,4
-0.0276036,26.3614,4.17524,22,12
-0.0125552,11.9902,-1.04901,68,5
-0.0236405,27.0772,5.26328,14,13
-0.0102059,14.6199,-0.766198,58,6
-0.0149409,28.5373,6.58837,9,14
-0.00562974,16.1075,-0.281158,47,7
-0.00318384,18.2444,4.88857,18,15
0.000521916,0.498417,-0.133551,15,0
0.0183906,15.0537,0.262763,39,8
0.000914193,0.654776,-0.151167,23,1
0.0234852,16.8209,0.881547,8,9
0.014108,8.98188,-1.7459,28,2
0.0211865,12.1396,1.06208,33,10
0.0205426,10.7006,-1.69481,40,3
0.0499795,23.8647,2.93023,7,11
0.027991,12.3373,-1.51484,28,4
0.0370326,16.3225,2.58524,2,12
0.0293008,11.9922,-1.04918,52,5
0.0640124,24.4523,4.75305,15,13
0.050361,18.0352,-0.945188,24,6
0.0649053,21.8765,5.0506,34,14
0.042865,14.4477,-0.252187,21,7
0.00227914,0.502276,-0.134586,15,0
0.0899574,19.8248,0.346046,19,8
0.00297518,0.631385,-0.145768,25,1
0.0814831,16.6729,0.873801,22,9
0.0455722,9.00337,-1.7501,26,2
0.0885632,16.9152,1.4799,37,10
0.0571935,10.9237,-1.73017,36,3
0.128415,23.7334,2.91414,31,11
0.0714452,12.7917,-1.57065,17,4
0.0959391,16.6581,2.63842,6,12
0.073257,12.3446,-1.08003,30,5
0.145094,24.4499,4.75267,6,13
0.090383,14.7954,-0.77541,42,6
0.129353,20.588,4.75322,12,14
0.0933135,14.4495,-0.252222,100,7
0.122463,18.4642,4.94759,9,15
0.00394464,0.502266,-0.134586,15,0
0.12211,15.2092,0.265486,18,8
0.00516329,0.629422,-0.145318,25,1
0.140976,16.8283,0.881966,9,9
0.0752412,8.98157,-1.7459,26,2
0.143825,16.8171,1.47136,28,10
0.0958784,10.9866,-1.74018,35,3
0.148644,16.6999,2.05057,35,11
0.110779,12.2058,-1.49875,36,4
0.151021,16.3258,2.58586,6,12
0.119424,12.9101,-1.12954,19,5
0.291882,30.969,6.02002,9,13
0.126189,13.1454,-0.688951,13,6
0.215869,22.086,5.09919,10,14
0.145545,14.629,-0.255364,100,7
0.182686,18.0464,4.83577,16,15
0.00569798,0.502249,-0.134586,15,0
0.198169,17.2022,0.300286,19,8
0.00749694,0.641092,-0.148018,24,1
0.106152,8.94396,-1.73865,26,2
0.202819,16.8404,1.47345,68,10
0.133381,10.9171,-1.72923,32,3
0.209008,16.866,2.07105,9,11
0.151143,12.0267,-1.47681,60,4
0.209464,16.4397,2.60401,31,12
0.161237,12.6546,-1.10723,45,5
0.399012,30.8932,6.00552,9,13
0.338346,25.5068,5.88922,7,14
0.23363,17.3838,-0.303462,100,7
0.248998,18.2891,4.901,12,15
0.00750858,0.50609,-0.135621,15,0
0.263215,17.5354,0.306115,28,8
0.0097053,0.639113,-0.147568,24,1
0.251858,16.5853,0.8693,21,9
0.136952,8.91605,-1.73331,23,2
0.262334,16.8874,1.47764,50,10
0.168699,10.7388,-1.70107,33,3
0.267632,16.8493,2.0691,8,11
0.189887,11.9547,-1.46804,58,4
0.262072,16.3204,2.58524,35,12
0.205606,12.6659,-1.10827,49,5
0.42334,25.8015,5.01599,3,13
0.20719,12.4951,-0.654932,42,6
0.422988,25.5094,5.89012,7,14
0.249066,14.8637,-0.259482,100,7
0.300026,17.7203,4.74881,9,15
0.00876615,0.482883,-0.12941,15,0
0.314809,17.1765,0.299867,19,8
0.012149,0.656613,-0.151617,23,1
0.166154,8.89592,-1.72949,23,2
0.324759,17.2271,1.50745,16,10
0.198896,10.4538,-1.65602,38,3
0.46379,24.1541,2.9663,32,11
0.230599,12.0096,-1.47486,39,4
0.318415,16.434,2.60338,23,12
0.249473,12.7608,-1.11664,47,5
0.509099,25.8098,5.0179,13,13
0.256932,12.9117,-0.676809,16,6
0.372043,18.6964,4.31726,3,14
0.294297,14.6608,-0.255957,28,7
0.366888,18.119,4.85596,6,15
0.0114453,0.533068,-0.142868,14,0
0.404261,18.6768,0.326081,22,8
0.0139439,0.639035,-0.147568,24,1
0.373037,16.9606,0.889083,23,9
0.194999,8.86588,-1.72377,23,2
0.416678,18.7956,1.6448,6,10
0.230122,10.299,-1.63161,38,3
0.542852,24.1068,2.96069,32,11
0.275753,12.1516,-1.49241,24,4
0.376777,16.4763,2.61027,21,12
0.292794,12.8037,-1.12047,30,5
0.572202,24.8325,4.82823,3,13
0.437946,18.7223,4.32356,3,14
0.346417,14.6997,-0.256655,100,7
0.440987,18.5753,4.97864,4,15
0.0126311,0.505988,-0.135621,15,0
0.505288,20.1006,0.350968,56,8
0.015977,0.63119,-0.145768,25,1
0.437688,17.1728,0.900283,12,9
0.225298,8.83963,-1.71881,23,2
0.533503,20.7897,1.81946,42,10
0.266323,10.308,-1.63318,41,3
0.62436,24.0036,2.94826,40,11
0.315158,12.0355,-1.47828,21,4
0.456771,17.3279,2.74543,9,12
0.338323,12.8345,-1.12326,61,5
0.660594,24.8951,4.84082,12,13
0.337455,12.6342,-0.662364,32,6
0.678645,25.2427,5.82983,7,14
0.396155,14.6404,-0.255643,100,7
0.510457,18.7436,5.0242,9,15
0.0151667,0.532975,-0.142868,14,0
0.496639,17.3462,0.302904,42,8
0.0183484,0.636974,-0.147118,24,1
0.492485,16.9935,0.890967,12,9
0.255131,8.80346,-1.71194,26,2
0.495338,16.9899,1.48705,13,10
0.302649,10.3189,-1.63505,46,3
0.511735,17.3441,2.13052,9,11
0.376422,12.6831,-1.55798,73,4
0.49155,16.4653,2.60901,10,12
0.387398,12.9009,-1.12919,30,5
0.552564,18.4011,3.57843,6,13
0.379923,12.579,-0.659538,52,6
0.765908,25.2129,5.82353,28,14
0.579656,18.9723,-0.331317,59,7
0.722784,23.5227,6.30587,6,15
0.0173681,0.54064,-0.144939,14,0
0.658767,20.5063,0.358123,22,8
0.0206348,0.638854,-0.147568,24,1
0.546806,16.838,0.882908,33,9
0.286305,8.76911,-1.70545,26,2
0.688336,20.9706,1.83567,8,10
0.340796,10.3276,-1.63662,45,3
0.848683,25.7188,3.15958,18,11
0.424315,12.7909,-1.57138,29,4
0.819753,24.5818,3.89553,12,12
0.431958,12.8855,-1.12797,42,5
0.619074,18.3715,3.57309,7,13
0.424811,12.5416,-0.657654,32,6
0.83332,24.4756,5.65392,13,14
0.504002,14.8032,-0.25854,93,7
0.806613,23.5702,6.31933,13,15
0.0178799,0.501963,-0.134586,15,0
0.606948,16.9566,0.296167,21,8
0.0236766,0.658249,-0.152067,23,1
0.620713,17.1732,0.900597,23,9
0.315851,8.73863,-1.69973,23,2
0.613503,16.8923,1.47886,31,10
0.376914,10.3283,-1.63693,36,3
0.929855,25.3584,3.11571,17,11
0.4527,12.2873,-1.50972,22,4
0.910716,24.6023,3.89929,17,12
0.487332,13.1029,-1.14714,33,5
0.683131,18.3673,3.57271,3,13
0.470001,12.5779,-0.659642,58,6
0.625072,16.65,3.84666,10,14
0.553963,14.6873,-0.25655,85,7
0.896795,23.6675,6.34624,16,15
0.0195678,0.498033,-0.133551,15,0
0.783743,19.9476,0.348455,19,8
0.0247445,0.627006,-0.144868,25,1
0.801845,20.2283,1.06095,13,9
0.347564,8.72957,-1.6982,26,2
0.878504,21.9685,1.92353,26,10
0.414689,10.3249,-1.63662,26,3
1.20438,29.9865,3.68484,12,11
0.495991,12.2956,-1.51094,60,4
0.821713,20.2823,3.21504,3,12
0.53355,13.113,-1.14819,33,5
0.823626,20.1556,3.92113,3,13
0.690511,16.7547,3.87141,13,14
0.744633,18.0679,-0.315644,30,7
1.26588,30.5859,8.20249,12,15
0.0222061,0.521127,-0.139762,14,0
0.741468,17.3295,0.302764,22,8
0.0276023,0.642492,-0.148468,24,1
0.72704,16.9231,0.887723,24,9
0.375493,8.70483,-1.69362,26,2
0.954793,22.045,1.9305,9,10
0.44961,10.3392,-1.63912,37,3
0.890818,20.4032,2.50758,28,11
0.537688,12.266,-1.50752,48,4
0.718109,16.3819,2.59713,6,12
0.57186,12.9937,-1.13791,42,5
0.890639,20.1567,3.92189,9,13
0.656233,14.7931,-0.776038,9,6
0.745197,16.7328,3.86691,2,14
0.654718,14.7012,-0.256865,100,7
1.36792,30.5951,8.20612,6,15
0.023669,0.513327,-0.137692,14,0
0.742282,16.0984,0.281298,14,8
0.0292824,0.632663,-0.146218,25,1
0.668859,14.3967,0.755313,15,9
0.404777,8.67993,-1.68904,23,2
0.960105,20.5111,1.79645,15,10
0.484174,10.3436,-1.64006,41,3
0.752957,16.0258,1.9699,4,11
0.58135,12.3276,-1.51532,49,4
0.778187,16.4404,2.60682,22,12
0.613435,12.9121,-1.13093,54,5
0.855734,18.0122,3.50516,11,13
0.601966,12.6243,-0.662364,6,6
0.858723,17.943,4.1472,11,14
0.7092,14.7647,-0.258016,100,7
0.898876,18.6458,5.00194,1,15
0.0238451,0.482374,-0.12941,15,0
0.801944,16.1657,0.28252,13,8
0.0318781,0.640343,-0.148018,24,1
0.720501,14.4222,0.756778,41,9
0.432091,8.64913,-1.68332,23,2
1.32499,26.4297,2.31521,43,10
0.520676,10.3497,-1.64131,33,3
0.806988,15.9854,1.96527,8,11
0.622875,12.2958,-1.51167,64,4
0.831363,16.3548,2.59368,15,12
0.657972,12.9438,-1.1339,26,5
0.864394,16.9464,3.29832,15,13
0.644808,12.5982,-0.661108,16,6
1.31786,25.6603,5.93196,30,14
0.749617,14.5465,-0.254247,100,7
1.56371,30.2414,8.11398,6,15
0.0281839,0.532446,-0.142868,14,0
0.8536,16.0729,0.280949,65,8
0.0339056,0.636335,-0.147118,24,1
0.768071,14.3677,0.754057,42,9
0.461234,8.62796,-1.6795,26,2
1.46633,27.3401,2.39539,6,10
0.55552,10.3242,-1.63756,33,3
0.748719,13.8695,1.70544,34,11
0.668264,12.3391,-1.51727,48,4
0.880933,16.2137,2.57178,10,12
0.697845,12.8439,-1.12535,45,5
0.924722,16.9648,3.30252,20,13
0.968054,17.6466,4.08016,23,14
0.788196,14.3221,-0.250372,100,7
1.53871,27.8709,7.47935,5,15
0.0304774,0.540059,-0.144939,14,0
0.912973,16.1277,0.281961,52,8
0.0357953,0.630376,-0.145768,25,1
0.813098,14.2752,0.749346,45,9
0.490673,8.61454,-1.67721,21,2
0.776104,13.5839,1.19037,40,10
0.590427,10.3025,-1.63443,30,3
0.801688,13.9461,1.71519,38,11
0.710643,12.3248,-1.51581,45,4
0.932168,16.1178,2.55708,31,12
0.709317,12.2646,-1.0748,47,5
0.937323,16.1579,3.14606,14,13
0.707801,12.1647,-0.638603,65,6
1.41522,24.2498,5.60803,52,14
0.844031,14.4191,-0.252117,94,7
1.63949,27.9251,7.4954,15,15
0.0312067,0.520666,-0.139762,14,0
0.965069,16.0546,0.280739,42,8
0.0378781,0.628302,-0.145318,25,1
0.86365,14.2843,0.749974,45,9
0.518847,8.58142,-1.67111,26,2
1.02346,16.8784,1.47938,15,10
0.624705,10.2727,-1.63005,35,3
0.850959,13.9531,1.71641,42,11
0.754754,12.3401,-1.518,49,4
0.855631,13.9496,2.21355,19,12
0.751756,12.2561,-1.07428,59,5
1.51286,24.5943,4.78969,12,13
0.780146,12.6466,-0.664039,74,6
1.09882,17.7619,4.10851,8,14
0.890634,14.3562,-0.25107,21,7
1.73325,27.8595,7.47935,20,15
0.0335133,0.528265,-0.141833,14,0
1.01893,16.0172,0.280146,52,8
0.041684,0.653449,-0.151167,23,1
1.06716,16.729,0.878511,15,9
0.54692,8.55017,-1.66538,26,2
1.06935,16.6719,1.4616,21,10
0.659295,10.2508,-1.62692,33,3
1.07558,16.6778,2.05204,26,11
0.801659,12.3968,-1.52532,37,4
0.907236,14.0295,2.22669,7,12
0.809491,12.484,-1.0945,38,5
1.70061,26.1562,5.09498,6,13
0.831423,12.7534,-0.669796,35,6
1.5902,24.3268,5.62828,46,14
0.939413,14.3711,-0.251384,22,7
1.82044,27.7745,7.45813,10,15
0.035357,0.528145,-0.141833,14,0
1.01595,15.1757,0.265486,13,8
0.0439811,0.655251,-0.151617,23,1
0.575307,8.52666,-1.66118,21,2
1.12741,16.6661,1.46143,65,10
0.691682,10.2249,-1.62316,27,3
0.949011,13.9925,1.72201,31,11
0.844518,12.4198,-1.52849,42,4
0.959565,14.0755,2.23451,27,12
0.854425,12.501,-1.09624,66,5
1.6346,23.9155,4.65956,11,13
0.871256,12.7147,-0.667912,65,6
1.66645,24.2573,5.61343,33,14
0.990675,14.3837,-0.251664,100,7
1.76992,25.6326,6.88459,12,15
0.0338578,0.481775,-0.12941,15,0
1.09169,15.4952,0.271141,24,8
0.0448953,0.635655,-0.147118,24,1
1.5273,21.6244,1.13611,13,9
0.601775,8.49925,-1.65622,23,2
0.975312,13.7408,1.20519,28,10
0.723446,10.1672,-1.6144,25,3
1.00363,14.0703,1.73201,3,11
0.889144,12.4346,-1.53068,43,4
1.00384,14.0387,2.22919,32,12
0.910403,12.7008,-1.11402,52,5
1.19223,16.5919,3.23345,7,13
0.906884,12.5901,-0.661527,39,6
1.34355,18.6068,4.30691,15,14
1.0362,14.3504,-0.25114,43,7
1.34433,18.5725,4.98951,6,15
0.0375296,0.508626,-0.136656,14,0
1.1126,15.0787,0.263915,18,8
0.0478653,0.647163,-0.149817,24,1
1.06157,14.319,0.752486,11,9
0.630714,8.4873,-1.65431,21,2
1.02593,13.7731,1.20833,63,10
0.754808,10.1333,-1.6094,28,3
0.997078,13.3543,1.64426,18,11
0.844594,11.2855,-1.38955,15,4
1.04073,13.8736,2.20354,28,12
0.972954,12.9399,-1.13529,59,5
1.40431,18.6767,3.64064,19,13
1.21867,16.1325,3.73509,2,14
1.06123,14.0157,-0.245346,78,7
1.4071,18.5408,4.98227,19,15
0.0407017,0.52776,-0.141833,14,0
1.15012,14.8793,0.260495,34,8
0.0493712,0.637277,-0.147568,24,1
1.10939,14.2873,0.751021,26,9
0.65673,8.45776,-1.64897,21,2
1.06433,13.6762,1.20013,34,10
0.783266,10.0419,-1.59532,43,3
1.0997,14.0671,1.73249,15,11
0.975308,12.4481,-1.53312,40,4
1.08142,13.7714,2.18789,31,12
1.01461,12.9207,-1.1339,42,5
1.47627,18.7578,3.65743,12,13
1.03936,13.1769,-0.692719,22,6
1.27129,16.0815,3.72429,25,14
1.11741,14.1036,-0.246952,96,7
1.47289,18.5492,4.98589,13,15
0.0409908,0.508359,-0.136656,14,0
1.11363,13.781,0.241332,28,8
0.0515956,0.637101,-0.147568,24,1
0.684024,8.42802,-1.64363,21,2
1.10948,13.6407,1.19735,34,10
0.818793,10.0451,-1.59626,30,3
1.12794,13.808,1.70105,30,11
1.00208,12.2408,-1.50801,51,4
1.13255,13.805,2.19384,27,12
1.06313,12.9588,-1.13756,45,5
1.53369,18.6547,3.63835,22,13
1.07092,12.9981,-0.683508,9,6
1.32918,16.0983,3.72924,20,14
1.16284,14.0538,-0.246149,61,7
2.14137,25.8252,6.9436,8,15
0.0437372,0.519763,-0.139762,14,0
1.1614,13.773,0.241262,39,8
0.0551317,0.652452,-0.151167,23,1
1.13126,13.3879,0.704128,10,9
0.711122,8.3982,-1.63829,23,2
1.39074,16.3903,1.43912,25,10
0.851841,10.0185,-1.5925,31,3
1.15709,13.5804,1.67351,41,11
1.04024,12.1838,-1.50143,42,4
1.18269,13.8523,2.20197,18,12
1.10988,12.9729,-1.13913,38,5
1.38282,16.1298,3.14682,10,13
1.08586,12.64,-0.664876,16,6
1.38001,16.0315,3.71484,37,14
1.25111,14.534,-0.254631,42,7
2.21704,25.7025,6.91254,24,15
0.0442012,0.504211,-0.135621,15,0
1.19989,13.6874,0.239831,57,8
0.0562721,0.640618,-0.148468,24,1
1.17502,13.35,0.702349,40,9
0.739224,8.38198,-1.63561,26,2
1.45162,16.427,1.44278,68,10
0.872195,9.87003,-1.56935,37,3
1.19634,13.5113,1.66547,37,11
1.09204,12.3089,-1.51727,36,4
1.23611,13.9052,2.21105,51,12
1.16453,13.0741,-1.14836,35,5
1.43995,16.1662,3.15484,29,13
1.18422,13.269,-0.698162,13,6
1.28132,14.3005,-0.250617,94,7
1.84139,20.5111,5.51802,12,15
0.0525265,0.57717,-0.155291,12,0
1.26601,13.8843,0.243356,28,8
0.0576216,0.630714,-0.146218,25,1
1.22051,13.3339,0.701721,42,9
0.767014,8.37948,-1.63561,23,2
1.50408,16.4003,1.44086,25,10
0.895438,9.74496,-1.54995,33,3
1.24167,13.4873,1.66303,30,11
1.1319,12.2714,-1.51313,30,4
1.27392,13.7847,2.19259,36,12
1.17635,12.7289,-1.11838,33,5
1.2237,13.1912,-0.694289,52,6
1.44204,15.5153,3.59742,9,14
1.39872,15.0207,-0.263322,58,7
1.72669,18.5079,4.98071,3,15
0.054541,0.576983,-0.155291,12,0
1.51696,16.0179,0.280844,19,8
0.0603746,0.636329,-0.147568,24,1
1.26573,13.3156,0.700988,43,9
0.793289,8.34548,-1.62951,23,2
1.56095,16.3909,1.44051,65,10
0.929067,9.73785,-1.54933,33,3
1.29309,13.5283,1.66864,22,11
1.17094,12.2278,-1.50826,33,4
1.33353,13.9001,2.21167,20,12
1.23408,12.8636,-1.13058,45,5
1.81217,18.8546,3.68185,12,13
1.26286,13.1153,-0.690521,65,6
1.50759,15.6285,3.62486,26,14
1.37478,14.2255,-0.249465,69,7
2.49109,25.7298,6.92652,4,15
0.0490142,0.499884,-0.134586,15,0
1.3764,14.0124,0.245765,57,8
0.0629773,0.639993,-0.148468,24,1
1.87553,19.0597,1.0037,19,9
0.818565,8.30358,-1.62188,23,2
1.61972,16.4013,1.4419,25,10
0.964223,9.74634,-1.5512,33,3
1.33561,13.4763,1.66279,30,11
1.20738,12.1824,-1.50314,31,4
1.32985,13.3944,2.13189,11,12
1.29278,12.998,-1.14279,28,5
1.58756,15.9334,3.11248,8,13
1.548,15.509,3.59832,30,14
1.38772,13.8787,-0.243461,97,7
1.82877,18.2574,4.91653,8,15
0.0487226,0.480499,-0.12941,15,0
1.42366,14.0157,0.245904,9,8
0.0658885,0.647536,-0.150267,24,1
2.02021,19.8541,1.04588,10,9
0.842711,8.26762,-1.61539,26,2
1.3598,13.3176,1.1712,30,10
0.995937,9.73719,-1.55027,31,3
1.36815,13.3533,1.64816,41,11
1.24352,12.1368,-1.49802,25,4
1.34791,13.1105,-1.15307,45,5
1.70615,16.5667,3.23727,3,13
1.39452,13.5176,-0.712188,16,6
1.64561,15.9515,3.70224,28,14
1.4434,13.9675,-0.245102,100,7
1.85091,17.8803,4.81662,13,15
0.0543407,0.518762,-0.139762,14,0
1.4549,13.8658,0.243356,11,8
0.0678316,0.645376,-0.149817,24,1
1.38163,13.1234,0.691567,31,9
0.869504,8.2451,-1.61157,26,2
1.48858,14.1155,1.2418,15,10
1.02345,9.68865,-1.54307,32,3
1.41431,13.3664,1.65035,56,11
1.23357,11.6389,-1.43708,15,4
1.4066,13.2495,2.1103,24,12
1.39746,13.1414,-1.15621,38,5
1.75523,16.4786,3.22124,12,13
1.43195,13.4213,-0.707373,39,6
1.70831,16.0116,3.71754,22,14
1.57779,14.7637,-0.259168,100,7
1.92708,18.0025,4.8513,10,15
0.0545756,0.503194,-0.135621,15,0
1.66077,15.2877,0.268418,69,8
0.0693533,0.637374,-0.148018,24,1
1.43622,13.1778,0.694708,44,9
0.89929,8.23796,-1.61081,23,2
1.74592,15.9935,1.40757,12,10
1.05637,9.66127,-1.53932,32,3
1.46588,13.3849,1.65328,30,11
1.27297,11.6047,-1.43343,38,4
1.47284,13.4052,2.13596,75,12
1.41684,12.8748,-1.1332,21,5
1.82014,16.5131,3.22925,12,13
1.48508,13.4517,-0.709257,74,6
1.72721,15.6449,3.63386,11,14
1.65166,14.9367,-0.26231,100,7
1.99859,18.0452,4.86476,9,15
0.0590035,0.526029,-0.141833,14,0
1.72617,15.365,0.269884,16,8
0.0721249,0.640988,-0.148918,24,1
1.48757,13.2203,0.69722,23,9
0.925844,8.21526,-1.60699,26,2
1.80096,15.9553,1.40478,34,10
1.09289,9.66715,-1.54088,31,3
1.52587,13.476,1.66522,15,11
1.30476,11.5233,-1.42392,22,4
1.52809,13.4746,2.14785,42,12
1.48966,13.1153,-1.15481,61,5
1.52938,13.444,2.63011,12,13
1.55305,13.631,-0.718991,35,6
1.77983,15.6214,3.62981,16,14
1.72442,15.1116,-0.265486,90,7
2.05608,17.9901,4.85182,6,15
0.063408,0.548859,-0.148044,13,0
1.77482,15.3393,0.269535,12,8
0.0740256,0.63881,-0.148468,24,1
1.55899,13.4534,0.70978,36,9
0.949006,8.17704,-1.60012,26,2
1.89757,16.3253,1.4379,59,10
1.12722,9.68309,-1.54401,31,3
2.26801,19.4532,2.40473,20,11
1.35032,11.582,-1.43172,45,4
1.92993,16.5283,2.63561,15,12
1.54124,13.1795,-1.16091,28,5
1.56984,13.4038,2.62324,16,13
1.58382,13.5028,-0.712502,26,6
1.97283,16.8192,3.90965,10,14
1.75539,14.943,-0.262624,75,7
2.10082,17.8566,4.81766,16,15
0.0570173,0.479585,-0.12941,15,0
1.78005,14.9501,0.262798,34,8
0.07499,0.628885,-0.146218,25,1
1.60359,13.4481,0.70978,17,9
0.973559,8.1524,-1.59593,26,2
1.95169,16.3189,1.4379,12,10
1.15651,9.65577,-1.54025,31,3
1.6911,14.0983,1.74346,15,11
1.3769,11.4789,-1.41953,19,4
1.62661,13.5407,2.16005,25,12
1.56518,13.0101,-1.14645,42,5
1.63213,13.5467,2.65225,20,13
1.9609,16.2515,3.77918,2,14
1.81261,15.0006,-0.263741,100,7
2.21944,18.3405,4.95017,14,15
0.0632959,0.517745,-0.139762,14,0
1.8092,14.7774,0.259866,10,8
0.0782607,0.638305,-0.148468,24,1
1.64988,13.4566,0.710513,8,9
0.996997,8.1199,-1.5902,28,2
1.69042,13.7476,1.21181,31,10
1.19021,9.6656,-1.54244,25,3
2.55198,20.6947,2.56023,5,11
1.45893,11.8309,-1.46365,39,4
1.6686,13.5117,2.15629,28,12
1.65991,13.4221,-1.18323,30,5
2.50518,20.228,3.96196,15,13
1.65048,13.3076,-0.702767,87,6
2.00735,16.185,3.76523,22,14
1.66788,13.4288,-0.236201,72,7
2.28096,18.3388,4.95173,8,15
0.0691522,0.548165,-0.148044,13,0
1.72607,13.6633,0.240389,39,8
0.0787546,0.622533,-0.144868,25,1
1.02323,8.07706,-1.58257,28,2
2.06314,16.263,1.43423,34,10
1.22284,9.62569,-1.53681,26,3
2.47059,19.4205,2.40375,30,11
1.44495,11.3425,-1.40393,27,4
1.72857,13.5499,2.16349,30,12
1.69556,13.2911,-1.17224,30,5
2.66145,20.8336,4.08255,4,13
1.69143,13.222,-0.69858,81,6
2.07353,16.1865,3.76748,35,14
1.96094,15.2864,-0.269011,100,7
2.15322,16.7621,4.5283,15,15
0.0745438,0.574741,-0.155291,12,0
1.77865,13.6949,0.241053,38,8
0.0826863,0.635781,-0.148018,24,1
1.75753,13.4954,0.713234,45,9
1.04838,8.05008,-1.57799,28,2
2.12892,16.3249,1.44034,34,10
1.25361,9.59981,-1.53337,26,3
1.76388,13.489,1.67034,22,11
1.48634,11.3511,-1.40564,28,4
1.77766,13.5575,2.16568,39,12
1.75075,13.3523,-1.17817,42,5
1.74175,13.2657,2.60073,4,13
1.73705,13.212,-0.698371,39,6
2.16767,16.4651,3.83407,15,14
2.47585,18.7806,-0.330653,36,7
2.42257,18.3518,4.96001,14,15
0.0688948,0.51703,-0.139762,14,0
1.9251,14.4279,0.254072,52,8
0.0833565,0.623899,-0.145318,25,1
1.81417,13.5785,0.717945,24,9
1.07257,8.01718,-1.57227,26,2
1.92612,14.3781,1.26916,13,10
1.28186,9.55622,-1.52711,22,3
1.80118,13.41,1.66132,41,11
1.50839,11.2301,-1.39126,34,4
1.81945,13.528,2.16192,29,12
1.69204,12.5642,-1.10914,21,5
3.22794,23.9373,4.69505,11,13
1.78262,13.2019,-0.698162,45,6
2.24182,16.6026,3.86781,13,14
2.12496,15.7166,-0.27683,40,7
2.32999,17.2103,4.65357,2,15
0.0679937,0.497658,-0.134586,15,0
1.95585,14.2966,0.251873,60,8
0.0883344,0.644857,-0.150267,24,1
1.85784,13.5626,0.717421,13,9
1.09595,7.99024,-1.56769,26,2
1.97515,14.3816,1.27003,22,10
1.3087,9.5167,-1.52148,26,3
1.84699,13.4138,1.66254,41,11
1.53397,11.1404,-1.38078,28,4
2.2663,16.4377,2.6281,52,12
1.73615,12.5762,-1.11071,2,5
1.83174,13.2516,2.60035,15,13
1.8253,13.188,-0.697743,26,6
2.30114,16.626,3.87501,21,14
1.77026,12.774,-0.225101,100,7
2.37987,17.1509,4.63959,15,15
0.069108,0.493603,-0.133551,15,0
2.47741,17.6725,0.311491,39,8
0.0912848,0.65035,-0.151617,23,1
1.89878,13.5105,0.715014,32,9
1.11834,7.9574,-1.56196,26,2
2.0367,14.4736,1.27875,41,10
1.33556,9.47905,-1.51616,26,3
1.88592,13.3682,1.65767,41,11
1.57202,11.1291,-1.38005,31,4
2.32863,16.4649,2.63373,32,12
1.94374,13.7261,-1.21286,27,5
1.87017,13.2066,2.59271,8,13
2.3649,16.6584,3.88445,34,14
1.8109,12.74,-0.224612,100,7
2.42694,17.0526,4.61526,20,15
0.0758642,0.527766,-0.142868,14,0
2.54677,17.7172,0.312433,41,8
0.0910561,0.632668,-0.147568,24,1
1.94051,13.4662,0.713025,40,9
1.14525,7.9377,-1.55891,26,2
2.41818,16.7396,1.47973,34,10
1.36775,9.4565,-1.51335,27,3
1.92887,13.336,1.6545,41,11
1.61256,11.1353,-1.38151,26,4
2.38978,16.4821,2.6378,26,12
1.93152,13.3052,-1.17625,15,5
2.36954,16.3024,3.20216,2,13
1.89114,12.9951,-0.688218,55,6
2.42146,16.6188,3.87726,13,14
1.84729,12.6782,-0.223635,100,7
0.0771431,0.523676,-0.141833,14,0
2.95744,20.052,0.353795,29,8
0.0942282,0.638113,-0.148918,24,1
1.98665,13.4373,0.711874,14,9
1.17037,7.91618,-1.55547,26,2
2.46784,16.672,1.4745,9,10
1.39902,9.43994,-1.51147,28,3
1.97979,13.3426,1.6562,33,11
1.65716,11.1549,-1.38468,28,4
2.44581,16.4439,2.63311,15,12
1.7036,11.4538,-1.0131,24,5
3.50418,23.5312,4.62445,2,13
1.92029,12.8798,-0.682461,65,6
2.76974,18.5549,4.33121,15,14
1.90231,12.7287,-0.224647,37,7
2.64552,17.6805,4.79022,7,15
0.0755117,0.500481,-0.135621,15,0
3.0313,20.0672,0.354249,56,8
0.0944154,0.624293,-0.145768,25,1
2.0428,13.4915,0.715119,7,9
1.19476,7.89069,-1.55128,26,2
2.93185,19.3403,1.71139,21,10
1.42663,9.39984,-1.50584,28,3
2.02813,13.3474,1.65767,48,11
1.69877,11.1667,-1.38687,30,4
2.50528,16.4489,2.6353,15,12
2.03757,13.378,-1.18392,37,5
2.44481,16.0331,3.15255,2,13
1.95289,12.792,-0.678169,39,6
2.60395,17.0368,3.97893,2,14
1.93403,12.6389,-0.223181,100,7
2.6926,17.5757,4.76434,7,15
0.0796174,0.515488,-0.139762,14,0
3.12151,20.187,0.356553,56,8
0.0986808,0.63744,-0.148918,24,1
2.11833,13.6678,0.724853,27,9
1.21929,7.86707,-1.54746,28,2
3.00882,19.391,1.71679,14,10
1.4567,9.37724,-1.50302,26,3
2.0738,13.3344,1.65694,37,11
1.73836,11.1646,-1.38736,30,4
2.96825,19.0418,3.05235,16,12
2.12322,13.6209,-1.20606,27,5
2.49532,15.9896,3.14568,3,13
1.98797,12.724,-0.674925,19,6
2.63931,16.8736,3.94294,2,14
1.98339,12.6657,-0.223775,75,7
2.74406,17.5032,4.74726,16,15
0.0814162,0.515207,-0.139762,14,0
3.20788,20.2767,0.358333,45,8
0.102125,0.644791,-0.150717,23,1
2.15789,13.6091,0.722132,25,9
1.24521,7.85307,-1.54555,26,2
3.08429,19.4296,1.72115,14,10
1.48229,9.32723,-1.49583,22,3
2.83273,17.8047,2.21363,23,11
1.782,11.1879,-1.39102,28,4
2.47075,15.4947,2.48512,24,12
2.18896,13.7275,-1.21617,27,5
2.84514,17.8225,3.50821,8,13
2.02323,12.6598,-0.671889,71,6
3.02239,18.8905,4.41669,3,14
2.48808,15.5336,-0.274596,100,7
2.80851,17.5145,4.75295,16,15
0.084447,0.522548,-0.141833,14,0
2.82993,17.4919,0.309292,22,8
0.104063,0.642507,-0.150267,24,1
3.23472,19.9497,1.05918,31,9
1.27041,7.83511,-1.54288,26,2
1.51009,9.29275,-1.49113,22,3
2.91749,17.9338,2.23094,28,11
1.82168,11.1855,-1.3915,33,4
2.52323,15.4762,2.48355,56,12
2.21634,13.5939,-1.20502,27,5
2.59898,15.9233,3.13614,27,13
2.3357,14.2946,-0.759081,26,6
2.77467,16.9625,3.96814,11,14
2.52192,15.4005,-0.272397,97,7
2.86118,17.4531,4.73898,13,15
0.0862707,0.52225,-0.141833,14,0
3.29879,19.948,0.352923,65,8
0.105351,0.636372,-0.148918,24,1
1.29615,7.82094,-1.54097,26,2
3.21333,19.3683,1.71767,14,10
1.53734,9.25624,-1.48613,25,3
2.97617,17.9,2.22802,23,11
1.86071,11.1791,-1.3915,28,4
2.57107,15.4303,2.47761,10,12
1.91994,11.5225,-1.02199,4,5
2.65907,15.9413,3.14148,13,13
2.38327,14.2725,-0.758348,78,6
2.82262,16.8854,3.95239,8,14
2.60372,15.5592,-0.275364,88,7
2.90293,17.3287,4.70792,6,15
0.0964522,0.571473,-0.155291,12,0
3.36974,19.9443,0.353062,38,8
0.105296,0.62255,-0.145768,25,1
2.96075,17.505,0.930429,9,9
1.31885,7.78927,-1.53563,26,2
3.47337,20.4923,1.81842,7,10
1.56501,9.22355,-1.48175,27,3
3.00173,17.6723,2.20096,23,11
1.89706,11.1569,-1.38955,22,4
3.16792,18.631,2.99322,16,12
2.26806,13.3247,-1.18253,42,5
2.98313,17.5073,3.45212,15,13
2.43006,14.2464,-0.757406,42,6
2.8799,16.8658,3.95014,22,14
2.65126,15.5269,-0.274945,100,7
2.96267,17.3323,4.71154,7,15
0.088602,0.51402,-0.139762,14,0
3.47798,20.1773,0.35739,42,8
0.112994,0.654843,-0.153417,23,1
3.01707,17.467,0.928963,12,9
1.34336,7.76915,-1.53258,26,2
3.46877,20.0403,1.77937,11,10
1.59256,9.2008,-1.47893,26,3
2.89696,16.7194,2.08348,4,11
1.92421,11.0938,-1.38249,26,4
3.27924,18.8865,3.03608,12,12
2.2876,13.1616,-1.16876,27,5
3.02739,17.418,3.43647,15,13
2.49339,14.3307,-0.762326,65,6
2.91408,16.7314,3.9209,13,14
2.99326,17.1684,-0.304195,38,7
3.02382,17.3257,4.71258,15,15
0.0836166,0.475669,-0.12941,15,0
3.29227,18.7097,0.331596,18,8
0.11325,0.64293,-0.150717,23,1
3.50877,19.9196,1.06001,16,9
1.36912,7.76465,-1.53258,26,2
3.6713,20.7998,1.84788,36,10
1.61745,9.15433,-1.47236,22,3
3.13302,17.714,2.20876,9,11
1.95669,11.0518,-1.3781,20,4
2.35697,13.2992,-1.18166,30,5
3.05971,17.2469,3.4048,23,13
2.51999,14.1902,-0.755313,58,6
2.96973,16.7058,3.9173,23,14
3.08379,17.3474,-0.307546,83,7
3.07245,17.2661,4.69912,12,15
0.0893696,0.498193,-0.135621,15,0
3.09302,17.2421,0.305766,28,8
0.11607,0.646387,-0.151617,23,1
3.70231,20.5972,1.09675,19,9
1.39447,7.75016,-1.53067,26,2
4.15214,23.0536,2.04938,10,10
1.64324,9.12364,-1.46829,25,3
2.81664,15.6229,1.94918,8,11
1.98663,11.0082,-1.37347,20,4
2.96349,16.4047,2.6403,12,12
2.41614,13.3614,-1.18793,30,5
3.12947,17.3062,3.41853,10,13
2.51083,13.8712,-0.738774,58,6
3.13177,17.2845,4.05542,2,14
2.69004,14.8317,-0.263112,92,7
3.13202,17.2515,4.69808,16,15
0.0938004,0.513097,-0.139762,14,0
3.71688,20.3116,0.360427,22,8
0.11657,0.636394,-0.149367,24,1
3.77633,20.5959,1.09738,11,9
1.41875,7.73777,-1.52914,26,2
3.78007,20.596,1.83201,32,10
1.67044,9.09259,-1.46423,25,3
2.89017,15.7165,1.9621,4,11
2.01319,10.9367,-1.36542,17,4
3.04329,16.5166,2.66001,15,12
2.46549,13.3808,-1.19037,30,5
2.91494,15.8046,3.12393,13,13
2.67237,14.4752,-0.771432,48,6
4.4071,23.8483,5.59903,6,14
2.77343,14.9933,-0.266149,66,7
3.1683,17.1113,4.66288,16,15
0.0941748,0.505169,-0.137692,14,0
3.16454,16.9586,0.301124,19,8
0.119864,0.64173,-0.150717,23,1
3.16916,16.9506,0.903737,25,9
1.44178,7.71154,-1.52495,26,2
3.85708,20.6101,1.83445,36,10
1.69817,9.06535,-1.46079,21,3
3.24062,17.2828,2.15904,13,11
2.0411,10.875,-1.3586,20,4
3.10055,16.504,2.6597,38,12
2.50813,13.3506,-1.18846,40,5
2.96575,15.7712,3.11935,8,13
2.7469,14.5933,-0.778236,39,6
3.43277,18.2198,4.28037,18,14
2.84762,15.0995,-0.268209,57,7
3.21404,17.0261,4.6427,12,15
0.0944949,0.497246,-0.135621,15,0
2.97857,15.6588,0.278226,13,8
0.121739,0.639393,-0.150267,24,1
3.21336,16.861,0.899551,35,9
1.46759,7.70068,-1.5238,23,2
3.90621,20.4771,1.82382,16,10
1.72573,9.03802,-1.45734,23,3
3.37397,17.6535,2.20681,4,11
2.0727,10.8347,-1.35446,22,4
3.16967,16.5532,2.6694,21,12
2.56372,13.3887,-1.19264,37,5
3.00711,15.6894,3.10523,5,13
2.74174,14.2914,-0.76264,45,6
3.52098,18.3359,4.31051,18,14
2.88785,15.0247,-0.267057,100,7
3.25774,16.9332,4.62044,20,15
0.0954956,0.49312,-0.134586,15,0
3.58309,18.4851,0.328664,28,8
0.126568,0.652356,-0.153417,23,1
3.26648,16.8202,0.89798,33,9
1.49221,7.68394,-1.52151,19,2
3.91038,20.1172,1.79297,37,10
1.75085,8.99898,-1.45202,27,3
3.92241,20.1415,2.51953,11,11
2.10292,10.7884,-1.34958,17,4
3.18734,16.3365,2.63623,45,12
2.58831,13.2662,-1.18253,37,5
3.0532,15.6345,3.09645,13,13
2.75598,14.0995,-0.752905,48,6
3.59095,18.3541,4.31771,15,14
3.02367,15.4403,-0.274631,100,7
3.32464,16.9615,4.63131,15,15
0.0972164,0.492784,-0.134586,15,0
3.91411,19.8222,0.352678,13,8
0.121666,0.615586,-0.144868,25,1
3.30248,16.7094,0.892642,46,9
1.51674,7.66713,-1.51922,21,2
3.60907,18.2272,1.62563,10,10
1.77918,8.97731,-1.44952,25,3
3.98845,20.1063,2.51685,22,11
2.1251,10.7031,-1.33983,23,4
3.06991,15.4617,2.49669,25,12
2.65867,13.3783,-1.19334,30,5
3.10201,15.5949,3.09072,12,13
2.81103,14.1191,-0.754475,65,6
3.63632,18.2478,4.29567,25,14
3.11823,15.6479,-0.278506,100,7
3.41035,17.0982,4.67168,16,15
0.101219,0.503805,-0.137692,14,0
3.11052,15.4822,0.275643,34,8
0.129085,0.641926,-0.151167,23,1
3.37025,16.7448,0.895154,43,9
1.53962,7.64254,-1.51541,21,2
4.05585,20.1148,1.79523,52,10
1.8027,8.94038,-1.44452,26,3
3.58699,17.7735,2.22631,9,11
2.14014,10.5948,-1.32716,28,4
3.12034,15.4335,2.49388,38,12
3.81802,18.8673,3.74176,19,13
2.83603,14.0021,-0.748718,68,6
3.6883,18.1936,4.28577,37,14
3.13467,15.4488,-0.275155,100,7
3.485,17.16,4.69187,9,15
0.0967002,0.473183,-0.12941,15,0
3.21062,15.6966,0.279657,21,8
0.128589,0.628108,-0.148018,24,1
3.42296,16.7198,0.894422,22,9
1.55786,7.60278,-1.50854,26,2
4.07129,19.8514,1.77292,22,10
1.83112,8.92049,-1.44233,26,3
3.64981,17.7647,2.2268,9,11
2.17031,10.5542,-1.32301,26,4
3.37561,16.4156,2.65438,22,12
2.73964,13.3111,-1.18898,40,5
3.85058,18.6923,3.70971,19,13
2.88731,14.0038,-0.749346,55,6
3.77936,18.3142,4.31726,34,14
3.1487,15.2581,-0.271943,100,7
3.54579,17.1673,4.69705,18,15
0.102285,0.491756,-0.134586,15,0
3.19832,15.3765,0.274142,40,8
0.132657,0.637217,-0.150267,24,1
3.62104,17.3784,0.930324,19,9
1.57958,7.57423,-1.50396,21,2
3.56331,17.0715,1.52575,42,10
1.85584,8.89116,-1.43857,27,3
4.68134,22.4083,2.81079,14,11
2.19718,10.5081,-1.31814,27,4
3.4507,16.4888,2.66815,28,12
2.77873,13.2663,-1.18584,27,5
3.16795,15.1246,3.00372,10,13
2.93168,13.9844,-0.748823,71,6
5.77611,27.5287,6.49389,36,14
3.19865,15.2314,-0.271664,97,7
3.58583,17.0603,4.67117,18,15
0.100001,0.472496,-0.12941,15,0
3.328,15.7109,0.280321,34,8
0.134184,0.632914,-0.149367,24,1
3.68927,17.3865,0.931475,22,9
1.60193,7.54947,-1.50014,21,2
3.63405,17.1115,1.53045,16,10
1.87938,8.84179,-1.43169,27,3
5.49538,25.8316,3.2427,9,11
2.22369,10.4437,-1.31107,27,4
3.95823,18.5742,3.00792,33,12
2.79803,13.1299,-1.17451,22,5
3.95846,18.5594,3.68872,16,13
3.0317,14.2021,-0.76107,58,6
3.89654,18.2378,4.30556,6,14
3.29,15.3858,-0.274631,88,7
3.66086,17.1056,4.68721,16,15
0.104903,0.487253,-0.133551,15,0
0.132695,0.615297,-0.145318,25,1
3.75542,17.3989,0.932836,18,9
1.62414,7.52464,-1.49632,23,2
3.73078,17.2701,1.54579,6,10
1.90439,8.80815,-1.42731,26,3
4.27689,19.7647,2.48297,22,11
2.25173,10.3971,-1.3062,20,4
2.74592,12.6683,-1.13407,21,5
3.36434,15.5083,3.08462,5,13
3.11431,14.3437,-0.769234,45,6
5.98577,27.5457,6.50783,27,14
3.31394,15.2374,-0.272188,100,7
3.70289,17.0115,4.66495,18,15
0.109082,0.498207,-0.136656,14,0
3.46842,15.828,0.282834,47,8
0.133172,0.607216,-0.143519,25,1
3.68816,16.8167,0.902272,11,9
1.64702,7.50358,-1.49327,21,2
4.28095,19.4871,1.74556,29,10
1.93046,8.78022,-1.42387,27,3
3.98538,18.1114,2.27701,9,11
2.28961,10.4051,-1.30815,23,4
3.52588,16.01,2.5965,6,12
2.89305,13.1256,-1.17591,27,5
7.62946,34.5856,6.88439,19,13
3.13766,14.2118,-0.762744,71,6
6.94885,31.4742,7.44138,10,14
3.36229,15.2166,-0.272013,100,7
3.7426,16.9237,4.64425,8,15
0.109056,0.490299,-0.134586,15,0
0.142389,0.639107,-0.151167,23,1
3.75477,16.8531,0.904889,42,9
1.66763,7.47892,-1.48946,21,2
3.77187,16.9021,1.51512,35,10
1.95397,8.74871,-1.4198,28,3
4.14934,18.5631,2.3355,10,11
2.3254,10.4032,-1.30888,23,4
3.8791,17.3399,2.81426,28,12
2.79553,12.486,-1.11943,26,5
3.4578,15.4314,3.07393,12,13
3.20488,14.2909,-0.767559,35,6
5.99989,26.7543,6.33012,34,14
3.44339,15.3419,-0.274457,100,7
6.08164,27.0745,7.43535,14,15
3.85776,17.0627,0.305347,52,8
0.142357,0.629128,-0.148918,24,1
3.81444,16.8438,0.905098,25,9
1.68678,7.44845,-1.48449,23,2
3.7887,16.7166,1.4996,32,10
1.97554,8.70944,-1.41448,35,3
4.54838,20.0359,2.5227,28,11
2.36477,10.4086,-1.31058,23,4
3.94136,17.334,2.81551,15,12
2.8391,12.4762,-1.11943,26,5
3.49676,15.3662,3.06325,24,13
3.26068,14.3172,-0.769548,61,6
4.70137,20.6265,4.88414,48,14
3.29902,14.4622,-0.258924,34,7
3.8663,16.9355,4.6546,8,15
4.03417,17.5578,0.314457,15,8
0.147172,0.640022,-0.151617,23,1
3.8768,16.8459,0.905936,25,9
1.71319,7.43839,-1.48373,23,2
3.89514,16.8987,1.51721,26,10
1.99501,8.64824,-1.40572,27,3
4.25863,18.4609,2.32624,5,11
2.39618,10.379,-1.3079,16,4
2.88307,12.4681,-1.1196,28,5
3.54553,15.3208,3.05676,14,13
3.40191,14.6885,-0.790168,48,6
4.41919,19.0657,4.51837,13,14
3.57795,15.4364,-0.276586,100,7
3.92059,16.9012,4.64891,15,15
0.114184,0.489131,-0.134586,15,0
3.63719,15.5683,0.279064,4,8
0.148186,0.633786,-0.150267,24,1
3.96309,16.9366,0.911588,35,9
1.73556,7.41708,-1.48068,26,2
3.9423,16.8345,1.51268,26,10
2.01798,8.61045,-1.40071,31,3
4.72018,20.1246,2.53805,17,11
2.43012,10.3528,-1.30571,16,4
2.94891,12.553,-1.12814,23,5
3.34246,14.2061,-0.764838,42,6
4.48528,19.0483,4.51792,40,14
3.62899,15.3998,-0.276167,26,7
3.97586,16.8585,4.64114,13,15
0.12124,0.511286,-0.140798,14,0
3.71599,15.6587,0.280914,48,8
0.145895,0.614305,-0.145768,25,1
3.88687,16.3534,0.880919,23,9
1.75963,7.40333,-1.47915,26,2
4.0098,16.8575,1.51599,35,10
2.0375,8.55916,-1.39352,36,3
4.78626,20.0906,2.53586,34,11
2.45566,10.2998,-1.3001,17,4
3.00242,12.5834,-1.1318,30,5
4.30764,18.0397,3.60515,7,13
3.45424,14.4546,-0.778864,42,6
4.54856,19.0193,4.51477,33,14
3.68645,15.4026,-0.276446,100,7
4.02659,16.8107,4.63183,2,15
0.117596,0.488321,-0.134586,15,0
3.8095,15.807,0.283811,61,8
0.152151,0.630841,-0.149817,24,1
4.02163,16.6743,0.898922,44,9
1.77901,7.37043,-1.47381,26,2
4.15282,17.192,1.54736,39,10
2.06504,8.54239,-1.39195,28,3
4.55389,18.8235,2.37791,5,11
2.48466,10.2704,-1.29742,26,4
4.22715,17.4596,2.84523,30,12
3.09793,12.7858,-1.15098,26,5
4.36966,18.0207,3.60438,16,13
3.54235,14.5977,-0.787238,35,6
5.04268,20.7804,4.93678,46,14
3.66531,15.0929,-0.271106,100,7
4.08231,16.7973,4.63183,2,15
0.11463,0.469162,-0.12941,15,0
3.85383,15.7612,0.283218,30,8
0.15841,0.64737,-0.153867,23,1
4.33657,17.7221,0.956178,23,9
1.79597,7.33398,-1.4677,23,2
4.20934,17.1762,1.54719,35,10
2.08818,8.51439,-1.38851,30,3
4.28839,17.4723,2.209,14,11
2.51019,10.2274,-1.29303,17,4
4.29163,17.4724,2.84961,19,12
3.10322,12.6245,-1.13738,26,5
4.29621,17.4647,3.496,19,13
3.65805,14.8594,-0.801996,39,6
5.12413,20.8147,4.94892,69,14
3.5063,14.2322,-0.255852,17,7
7.65907,31.0651,8.57312,13,15
0.120832,0.487531,-0.134586,15,0
3.81171,15.3679,0.276376,84,8
0.156801,0.63171,-0.150267,24,1
4.40273,17.7243,0.95712,39,9
1.82014,7.32195,-1.46656,23,2
4.74884,19.1034,1.7222,14,10
2.11212,8.49017,-1.3857,35,3
4.49879,18.0706,2.28651,39,11
2.54251,10.2051,-1.29133,20,4
4.32966,17.3653,2.83459,35,12
3.02571,12.1265,-1.09346,28,5
4.2801,17.141,3.43418,30,13
3.69393,14.7825,-0.798542,35,6
5.12306,20.5017,4.87874,21,14
3.55257,14.2063,-0.255608,34,7
3.97549,15.7805,0.284055,30,8
0.157209,0.623573,-0.148468,24,1
4.06751,16.122,0.871394,35,9
1.84071,7.29048,-1.4616,26,2
4.45449,17.6428,1.59199,20,10
2.13741,8.45939,-1.38194,33,3
4.40733,17.4304,2.20754,23,11
2.56383,10.1322,-1.28328,19,4
4.38988,17.3359,2.8324,9,12
3.06427,12.0921,-1.09136,28,5
4.36461,17.2109,3.45135,11,13
3.72597,14.6818,-0.793832,35,6
4.78592,18.8584,4.49182,32,14
3.86943,15.2359,-0.274387,100,7
7.87878,31.0001,8.57053,6,15
0.124403,0.486632,-0.134586,15,0
3.9436,15.4151,0.277738,21,8
0.157077,0.613553,-0.146218,25,1
4.1406,16.1735,0.874953,36,9
1.86274,7.2707,-1.45893,19,2
4.5221,17.638,1.59303,27,10
2.16055,8.42088,-1.37694,28,3
4.71359,18.3582,2.32722,10,11
2.59107,10.0843,-1.27841,19,4
4.81267,18.7305,3.06299,16,12
3.11638,12.12,-1.09485,28,5
4.42564,17.1993,3.45212,11,13
3.82302,14.8466,-0.803462,35,6
4.88515,18.9577,4.51972,30,14
3.92658,15.2378,-0.274666,100,7
7.37625,28.6042,7.9152,5,15
0.121251,0.467495,-0.12941,15,0
4.02231,15.5084,0.279657,16,8
0.158621,0.611142,-0.145768,25,1
4.18047,16.0951,0.871498,43,9
1.8807,7.23565,-1.4532,21,2
4.59267,17.6568,1.59617,33,10
2.18995,8.41941,-1.37787,27,3
4.59542,17.6547,2.23996,19,11
2.61899,10.0545,-1.27573,20,4
4.37975,16.8021,2.75012,23,12
3.16068,12.1167,-1.09555,28,5
4.98166,19.0975,3.83641,14,13
3.83187,14.6793,-0.795088,48,6
5.03271,19.2657,4.5971,25,14
3.91805,14.988,-0.270408,89,7
7.52444,28.7633,7.96645,11,15
0.1228,0.46709,-0.12941,15,0
4.06675,15.4576,0.278994,8,8
0.164723,0.625661,-0.149367,24,1
4.29637,16.3187,0.884373,20,9
1.90068,7.21419,-1.45015,21,2
4.66338,17.6877,1.60035,37,10
2.21631,8.40025,-1.376,30,3
4.66614,17.6731,2.24435,28,11
2.64624,10.0227,-1.2728,17,4
4.52728,17.1351,2.80706,13,12
3.20543,12.1235,-1.09712,28,5
5.82364,22.0105,4.42562,27,13
3.89791,14.7218,-0.798123,39,6
5.42427,20.4866,4.89269,36,14
4.06453,15.3402,-0.277005,100,7
7.49205,28.2564,7.8329,22,15
3.97579,14.9107,0.26936,10,8
0.167299,0.626994,-0.149817,24,1
4.38805,16.4453,0.892014,16,9
1.92054,7.19267,-1.4471,26,2
4.58109,17.1447,1.55259,26,10
2.23599,8.36232,-1.37099,30,3
4.74113,17.7189,2.25215,28,11
2.67176,9.98511,-1.26915,19,4
4.77057,17.8165,2.92126,7,12
3.25284,12.1397,-1.09956,26,5
4.79171,17.8704,3.59637,3,13
3.97311,14.8072,-0.803462,35,6
5.45784,20.3405,4.86209,39,14
3.99144,14.8651,-0.268662,100,7
7.60676,28.3098,7.85464,11,15
4.02,14.8781,0.269011,28,8
0.166834,0.61703,-0.147568,24,1
4.42299,16.347,0.887513,46,9
1.94541,7.19005,-1.44786,21,2
4.65718,17.2006,1.55904,26,10
2.25854,8.3358,-1.36786,22,3
4.77649,17.6169,2.24118,19,11
2.69673,9.93932,-1.26452,23,4
7.89014,29.0606,4.76937,10,12
3.30355,12.1591,-1.10235,26,5
4.85712,17.8772,3.60095,7,13
4.00385,14.7265,-0.799798,68,6
5.18962,19.0747,4.56381,28,14
4.0869,15.0112,-0.271559,100,7
7.61616,27.955,7.76354,10,15
0.13577,0.495612,-0.137692,14,0
4.07138,14.8621,0.268976,12,8
0.168987,0.616444,-0.147568,24,1
4.54026,16.551,0.899446,24,9
1.96967,7.1753,-1.44633,23,2
4.69433,17.0893,1.5505,45,10
2.28646,8.31794,-1.3663,18,3
4.81639,17.5216,2.23118,23,11
2.71298,9.86285,-1.25599,22,4
5.0369,18.2989,3.00605,6,12
3.35021,12.1628,-1.10374,28,5
4.89549,17.7608,3.5811,16,13
4.03868,14.6424,-0.79603,61,6
5.26883,19.0893,4.57191,24,14
4.08288,14.7925,-0.26786,100,7
7.68695,27.8314,7.73662,21,15
0.133364,0.480244,-0.133551,15,0
4.13385,14.876,0.2695,1,8
0.171768,0.617698,-0.148018,24,1
4.60839,16.5612,0.900911,12,9
1.98944,7.14947,-1.44252,21,2
4.73793,17.0152,1.54527,29,10
2.31389,8.3042,-1.36536,20,3
4.87897,17.4981,2.23045,47,11
2.74111,9.82416,-1.25233,23,4
5.03755,18.0424,2.96694,7,12
3.39532,12.1607,-1.10461,28,5
5.78264,20.6971,4.17719,23,13
4.06987,14.557,-0.792157,65,6
5.22833,18.688,4.48012,35,14
4.19152,14.972,-0.271385,89,7
7.78056,27.7733,7.72834,10,15
0.130852,0.464899,-0.12941,15,0
4.16298,14.7806,0.268034,7,8
0.173394,0.615219,-0.147568,24,1
2.00799,7.1198,-1.43794,23,2
4.78268,16.9468,1.54056,29,10
2.33534,8.26946,-1.36098,20,3
4.90278,17.3492,2.21363,23,11
2.77322,9.80689,-1.25135,17,4
5.7018,20.1498,3.31672,22,12
3.43123,12.1257,-1.10252,19,5
5.3756,18.9843,3.83526,7,13
4.14026,14.6119,-0.795925,58,6
5.44502,19.2039,4.60835,14,14
4.2443,14.9592,-0.27142,100,7
7.89647,27.8129,7.74697,21,15
0.132474,0.464439,-0.12941,15,0
4.22004,14.7852,0.268383,7,8
0.179822,0.6296,-0.151167,23,1
4.63937,16.2329,0.884792,12,9
2.02528,7.08632,-1.43259,23,2
4.844,16.9377,1.54126,26,10
2.35713,8.23657,-1.35691,22,3
4.91467,17.1621,2.19194,14,11
2.79705,9.7609,-1.24672,17,4
3.45432,12.0467,-1.09642,26,5
5.44291,18.9692,3.83602,3,13
4.20282,14.6377,-0.798123,65,6
5.5357,19.2672,4.62814,37,14
4.34678,15.1192,-0.274596,100,7
7.99457,27.7888,7.74801,10,15
0.134095,0.463974,-0.12941,15,0
4.36941,15.1085,0.274526,22,8
0.174976,0.604634,-0.145318,25,1
4.67989,16.1609,0.881756,4,9
2.04782,7.07167,-1.43107,26,2
4.93581,17.0335,1.55155,26,10
2.38091,8.21121,-1.3541,18,3
5.80372,20.0026,2.55731,23,11
2.82336,9.72439,-1.24331,23,4
10.2457,35.2661,5.81655,10,12
3.48579,11.9982,-1.09311,26,5
5.99631,20.626,4.17528,21,13
4.27007,14.6785,-0.801159,35,6
5.4515,18.7276,4.50307,3,14
4.33688,14.8889,-0.270687,89,7
0.144399,0.493167,-0.137692,14,0
4.35465,14.8628,0.270338,21,8
0.176537,0.602149,-0.144868,25,1
2.06918,7.05317,-1.42878,21,2
5.00197,17.0392,1.55364,16,10
2.404,8.1839,-1.35097,16,3
5.87687,19.9937,2.55877,29,11
2.83768,9.64782,-1.23478,24,4
11.5434,39.221,6.47545,6,12
3.51696,11.9496,-1.0898,26,5
5.64065,19.153,3.88106,3,13
4.39749,14.9222,-0.81529,39,6
5.50472,18.6674,4.49317,33,14
4.36959,14.8084,-0.2695,100,7
9.04726,30.6412,8.5607,27,15
0.151613,0.511181,-0.142868,14,0
4.54532,15.3153,0.278855,40,8
0.176419,0.594057,-0.143069,25,1
4.81593,16.2064,0.886048,20,9
2.08483,7.0158,-1.42267,21,2
5.13921,17.2832,1.57752,13,10
2.42917,8.1641,-1.34909,23,3
5.70985,19.1778,2.45689,10,11
2.87077,9.63595,-1.23454,19,4
5.60449,18.7999,3.1071,16,12
3.54841,11.9029,-1.08666,26,5
5.506,18.4578,3.74405,17,13
4.39985,14.7402,-0.806183,39,6
7.83025,26.2159,6.31663,34,14
4.41953,14.7873,-0.269395,100,7
9.11321,30.4725,8.52239,13,15
4.6145,15.3614,0.279971,26,8
0.178949,0.595335,-0.143519,25,1
5.00484,16.6398,0.910646,7,9
2.103,6.99192,-1.41924,21,2
5.24187,17.4168,1.59129,23,10
2.44597,8.12195,-1.34346,18,3
5.78144,19.1853,2.4603,5,11
2.89239,9.59217,-1.23015,26,4
5.69818,18.8852,3.12431,17,12
3.57002,11.8319,-1.08125,26,5
5.56037,18.4168,3.73948,19,13
4.46951,14.7944,-0.809951,71,6
5.61023,18.5586,4.47608,13,14
4.47723,14.8013,-0.269919,100,7
6.01576,19.875,5.56409,2,15
0.144974,0.476868,-0.133551,15,0
0.186133,0.611485,-0.147568,24,1
5.08093,16.6814,0.91389,11,9
2.12339,6.97139,-1.41657,21,2
5.27823,17.3184,1.58397,37,10
2.46509,8.08313,-1.33845,23,3
6.08766,19.9492,2.56096,23,11
2.92064,9.56493,-1.22796,24,4
6.42093,21.0151,3.48035,16,12
3.59383,11.7622,-1.07602,26,5
5.79108,18.9418,3.85014,19,13
4.67946,15.2963,-0.838317,32,6
7.93892,25.9347,6.26174,59,14
4.52771,14.7818,-0.269849,89,7
6.18021,20.1642,5.65106,4,15
0.154595,0.502208,-0.140798,14,0
4.78285,15.5276,0.283602,1,8
0.180231,0.58476,-0.141269,26,1
5.39988,17.5091,0.96026,12,9
2.14424,6.95268,-1.41428,23,2
5.33513,17.2884,1.58292,40,10
2.48863,8.05938,-1.33595,16,3
6.14963,19.9032,2.55779,35,11
2.9458,9.52812,-1.22454,20,4
6.49075,20.9812,3.47848,22,12
3.61544,11.6868,-1.07027,26,5
6.5573,21.1833,4.31038,26,13
4.6105,14.8849,-0.81665,45,6
8.32997,26.8766,6.49614,9,14
4.69418,15.1364,-0.276621,40,7
6.3393,20.4285,5.73129,15,15
0.152898,0.490599,-0.137692,14,0
5.13647,16.4711,0.301159,24,8
0.188076,0.60273,-0.145768,25,1
5.18238,16.5979,0.911274,7,9
2.1644,6.93204,-1.41161,23,2
5.60696,17.9467,1.64498,30,10
2.50849,8.02425,-1.33157,23,3
6.26234,20.0199,2.57559,18,11
2.96719,9.47989,-1.21967,24,4
6.55745,20.9377,3.47504,28,12
3.62643,11.5791,-1.06156,26,5
6.64178,21.194,4.31724,26,13
4.65825,14.8554,-0.815918,45,6
8.27205,26.3639,6.37916,35,14
4.92489,15.6866,-0.286987,86,7
6.29014,20.0229,5.62362,19,15
0.15461,0.490062,-0.137692,14,0
5.19152,16.4454,0.301019,35,8
0.186657,0.59092,-0.143069,25,1
5.23307,16.5569,0.910018,19,9
2.17734,6.88887,-1.40435,26,2
5.69179,17.9973,1.65143,43,10
2.53053,7.99661,-1.32844,22,3
5.69639,17.99,2.31698,25,11
2.98826,9.43163,-1.21479,20,4
6.04727,19.0749,3.16936,13,12
3.65118,11.5169,-1.05702,26,5
6.0099,18.9456,3.8635,15,13
4.70886,14.8352,-0.815708,45,6
8.36521,26.3386,6.38006,35,14
4.9663,15.6273,-0.286219,78,7
6.37579,20.0505,5.6376,21,15
0.152794,0.478478,-0.134586,15,0
4.96406,15.5357,0.284684,16,8
0.191092,0.59769,-0.144868,25,1
5.30239,16.5746,0.912006,12,9
2.19779,6.87001,-1.40206,23,2
5.67319,17.7231,1.62807,50,10
2.55481,7.97644,-1.32656,22,3
6.48071,20.2214,2.60727,67,11
3.01874,9.41358,-1.21382,20,4
6.13917,19.1327,3.1825,24,12
3.64814,11.3694,-1.04465,26,5
6.00217,18.6946,3.81656,7,13
4.74902,14.7826,-0.81372,55,6
6.88568,21.4207,5.19457,48,14
5.12,15.9183,-0.291874,100,7
6.4416,20.0152,5.63397,16,15
0.154463,0.477941,-0.134586,15,0
5.02563,15.5411,0.285103,21,8
0.197976,0.611852,-0.148468,24,1
5.24111,16.1978,0.892223,31,9
2.22357,6.8679,-1.40321,26,2
5.73379,17.6994,1.62772,16,10
2.57289,7.93741,-1.32156,22,3
5.79,17.8516,2.30431,34,11
3.03197,9.34256,-1.20602,20,4
6.17574,19.0296,3.16874,22,12
3.67734,11.3244,-1.04169,24,5
6.06255,18.6586,3.81351,8,13
4.79194,14.7393,-0.812254,39,6
8.66281,26.6298,6.46509,18,14
5.1208,15.7415,-0.288942,78,7
6.49121,19.9423,5.61948,26,15
0.159733,0.488416,-0.137692,14,0
5.37737,16.4424,0.301962,17,8
0.195156,0.596375,-0.144868,25,1
5.31068,16.2193,0.894422,24,9
2.24202,6.84331,-1.39977,26,2
5.83713,17.8061,1.6394,16,10
2.5912,7.90443,-1.31749,20,3
6.92074,21.0992,2.72646,6,11
3.05241,9.30039,-1.20188,27,4
6.2976,19.1768,3.1969,39,12
3.7069,11.2812,-1.0389,24,5
6.14093,18.6887,3.82381,7,13
6.72682,20.4477,4.96962,4,14
5.0069,15.2107,-0.279518,100,7
6.74811,20.4884,5.77995,30,15
0.151647,0.458537,-0.12941,15,0
5.31726,16.0685,0.295434,54,8
0.193561,0.58459,-0.142169,26,1
5.33585,16.1058,0.889188,10,9
2.26038,6.82279,-1.3971,26,2
5.90554,17.815,1.64201,27,10
2.6194,7.89721,-1.3178,27,3
6.96121,20.9751,2.71354,13,11
3.05921,9.21244,-1.19188,24,4
6.38942,19.2297,3.20941,48,12
3.75308,11.2953,-1.04134,27,5
6.20984,18.6784,3.8261,14,13
4.42942,13.3153,-0.735425,3,6
6.81847,20.4851,4.98447,38,14
5.02964,15.1021,-0.277842,100,7
6.77623,20.3346,5.74319,10,15
0.159376,0.476325,-0.134586,15,0
5.32951,15.919,0.293026,21,8
0.198695,0.59315,-0.144419,25,1
5.38062,16.053,0.887304,12,9
2.27358,6.78321,-1.39062,26,2
5.96896,17.798,1.64236,30,10
2.63752,7.85993,-1.31311,25,3
5.94066,17.6931,2.29163,24,11
3.09262,9.20547,-1.19237,24,4
6.46216,19.2241,3.21223,40,12
3.79248,11.2822,-1.04134,22,5
8.88302,26.4106,5.4163,15,13
4.9046,14.5737,-0.805869,35,6
6.87687,20.4224,4.97502,57,14
5.17874,15.3706,-0.283113,23,7
10.015,29.7074,8.40023,13,15
5.49281,16.2185,0.29889,38,8
0.202016,0.596145,-0.145318,25,1
5.88876,17.3677,0.961098,13,9
2.2922,6.76036,-1.38756,23,2
5.98112,17.6299,1.62877,27,10
2.65923,7.83384,-1.3103,28,3
6.94148,20.4372,2.65017,12,11
3.11579,9.1683,-1.18896,23,4
6.49807,19.1098,3.1969,37,12
3.82415,11.2462,-1.03925,20,5
8.78293,25.8144,5.30029,33,13
4.94515,14.5263,-0.804194,35,6
6.98644,20.5108,5.00246,47,14
5.26397,15.4451,-0.284823,100,7
10.0899,29.5881,8.37642,26,15
0.162698,0.475201,-0.134586,15,0
5.33683,15.5787,0.287441,19,8
0.203463,0.593592,-0.144868,25,1
5.98563,17.4528,0.966959,34,9
2.31578,6.75232,-1.38756,23,2
6.84064,19.9344,1.84387,32,10
2.6718,7.78154,-1.3031,25,3
6.49487,18.9053,2.45445,10,11
3.13874,9.13109,-1.18555,22,4
6.32573,18.3921,3.08051,37,12
3.8556,11.2102,-1.03715,20,5
8.89342,25.843,5.3125,7,13
4.98217,14.4693,-0.801996,35,6
7.09163,20.584,5.02631,48,14
5.43059,15.7537,-0.290862,100,7
6.93274,20.0999,5.69712,9,15
0.17447,0.503838,-0.142868,14,0
5.46646,15.7773,0.291455,78,8
0.200428,0.578149,-0.141269,13,1
6.27691,18.096,1.0038,6,9
2.33805,6.74048,-1.3868,26,2
6.0629,17.4692,1.61778,27,10
2.69441,7.7591,-1.30091,22,3
6.553,18.8601,2.45152,31,11
3.16798,9.11258,-1.18457,20,4
6.38795,18.3643,3.07957,28,12
3.879,11.1515,-1.03297,22,5
7.24506,20.8167,4.28443,7,13
5.0136,14.3971,-0.798961,35,6
7.13523,20.4781,5.00651,28,14
5.5336,15.8725,-0.29341,100,7
6.99268,20.0464,5.68884,4,15
0.159626,0.455821,-0.12941,15,0
5.6326,16.0752,0.297319,43,8
0.199866,0.570089,-0.13947,26,1
6.07427,17.3163,0.961726,5,9
2.35572,6.71561,-1.38337,21,2
6.9935,19.9257,1.84753,16,10
2.71952,7.74406,-1.29997,21,3
6.62011,18.8408,2.45201,31,11
3.19056,9.07524,-1.18116,23,4
6.44219,18.314,3.07488,40,12
3.90799,11.1097,-1.03036,22,5
9.32585,26.497,5.46019,7,13
5.04525,14.3268,-0.79603,35,6
9.50766,26.9834,6.60501,28,14
5.40214,15.3232,-0.283602,100,7
7.06647,20.0328,5.69195,19,15
0.180562,0.509892,-0.144939,14,0
5.69267,16.0667,0.297529,43,8
0.203157,0.573062,-0.140369,26,1
2.36996,6.68144,-1.37802,23,2
7.079,19.9462,1.85171,16,10
2.74191,7.72149,-1.29778,23,3
7.31455,20.5871,2.68259,39,11
3.21465,9.04778,-1.17896,20,4
6.47178,18.205,3.06017,28,12
3.92805,11.0434,-1.02547,22,5
7.20722,20.2514,4.17834,6,13
5.06307,14.2187,-0.791006,35,6
7.4575,20.9431,5.13248,35,14
5.56299,15.6141,-0.289326,100,7
7.16529,20.1003,5.71783,15,15
0.162725,0.454724,-0.12941,15,0
5.76817,16.1099,0.29868,45,8
0.212286,0.592565,-0.145318,25,1
6.20178,17.3114,0.963714,38,9
2.38614,6.65691,-1.37459,26,2
6.66755,18.5911,1.72795,14,10
2.76216,7.69748,-1.29528,23,3
7.51426,20.9289,2.73036,27,11
3.2386,9.02025,-1.17677,19,4
6.60758,18.3935,3.09553,27,12
3.94915,10.9872,-1.02147,24,5
7.43778,20.6819,4.27221,11,13
5.00064,13.8974,-0.774049,52,6
7.43322,20.6579,5.0686,100,14
5.57274,15.4789,-0.287162,86,7
7.51213,20.8543,5.93938,5,15
0.172115,0.475982,-0.135621,15,0
5.85013,16.1696,0.300146,35,8
0.212923,0.588193,-0.144419,25,1
6.31115,17.4249,0.971251,42,9
2.40687,6.64527,-1.37382,26,2
6.30082,17.3869,1.61796,13,10
2.77892,7.66413,-1.29121,25,3
7.62017,21.0047,2.74352,27,11
3.26397,8.9921,-1.17458,22,4
6.83426,18.8178,3.17093,45,12
3.97536,10.946,-1.01885,24,5
7.4909,20.6147,4.26344,18,13
4.99756,13.7456,-0.766513,45,6
5.74575,15.7863,-0.293235,100,7
7.69063,21.1184,6.0222,5,15
0.179082,0.489894,-0.139762,14,0
5.87425,16.0608,0.298506,19,8
0.208278,0.569146,-0.13992,26,1
6.36232,17.3765,0.969785,12,9
2.43207,6.64236,-1.37497,23,2
6.35943,17.3592,1.61744,40,10
2.79954,7.63769,-1.28839,22,3
7.16168,19.528,2.55389,11,11
3.2885,8.96202,-1.17214,15,4
4.00256,10.9021,-1.01606,24,5
9.41424,25.6286,5.30716,15,13
5.10477,13.8893,-0.775514,45,6
7.61089,20.6969,5.09109,30,14
5.81876,15.815,-0.294143,100,7
7.36722,20.0127,5.71421,10,15
0.184808,0.500139,-0.142868,14,0
5.91226,15.9915,0.297598,42,8
0.20553,0.555621,-0.13677,27,1
8.01602,21.6585,1.21032,7,9
2.44707,6.61173,-1.37039,23,2
6.35564,17.1631,1.60123,40,10
2.82068,7.61306,-1.28589,18,3
7.26086,19.5866,2.56486,17,11
3.30458,8.90954,-1.16678,13,4
7.34964,19.8049,3.34582,7,12
4.03296,10.8675,-1.01414,24,5
10.1399,27.3091,5.66245,17,13
5.06628,13.6374,-0.76243,35,6
7.34495,19.7606,4.86704,4,14
5.84954,15.7289,-0.292921,100,7
7.44175,19.9996,5.71783,10,15
0.175738,0.470535,-0.134586,15,0
5.70275,15.2608,0.284369,8,8
0.219071,0.585931,-0.144419,25,1
6.90193,18.4503,1.03238,13,9
2.46325,6.58476,-1.36657,26,2
6.45043,17.2341,1.60994,16,10
2.84586,7.59946,-1.28527,27,3
7.27277,19.4106,2.54512,23,11
3.3266,8.87378,-1.16361,15,4
7.86202,20.961,3.54574,4,12
4.05548,10.8123,-1.01031,24,5
12.0576,32.1297,6.67068,6,13
5.01486,13.356,-0.747672,39,6
12.0543,32.0868,7.91333,11,14
5.91356,15.7328,-0.293375,100,7
7.51423,19.9807,5.7199,5,15
0.17738,0.469918,-0.134586,15,0
6.16506,16.324,0.304579,36,8
0.21767,0.576048,-0.142169,26,1
6.94582,18.3719,1.02934,11,9
2.4765,6.55042,-1.36123,26,2
6.5747,17.3811,1.6258,16,10
2.85698,7.54884,-1.27838,22,3
7.31235,19.3108,2.53537,40,11
3.35545,8.85655,-1.16288,15,4
8.68363,22.908,3.8802,10,12
4.0706,10.7385,-1.00473,23,5
7.86223,20.7302,4.30961,26,13
5.05862,13.3309,-0.747253,45,6
7.70477,20.2936,5.01146,38,14
5.99826,15.7905,-0.294841,85,7
12.0856,31.7988,9.11509,7,15
0.177642,0.465686,-0.133551,15,0
5.95033,15.5905,0.291281,6,8
0.214118,0.560721,-0.13857,13,1
8.62374,22.5715,1.26632,5,9
2.49445,6.52889,-1.35856,26,2
6.9576,18.2011,1.70477,45,10
2.87415,7.51484,-1.27432,20,3
7.34283,19.1888,2.5227,16,11
3.37782,8.82254,-1.15995,15,4
8.748,22.837,3.87332,10,12
4.09309,10.6852,-1.00107,25,5
10.3304,26.9539,5.61093,8,13
5.13015,13.3784,-0.750916,39,6
7.91796,20.6378,5.10324,20,14
6.04833,15.7564,-0.294597,100,7
10.37,27.0008,7.75008,10,15
0.180656,0.468668,-0.134586,15,0
6.0263,15.6256,0.292328,9,8
0.213268,0.552698,-0.13677,13,1
7.09045,18.3658,1.03175,13,9
2.51439,6.51282,-1.35703,23,2
6.90694,17.8812,1.67705,17,10
2.89324,7.48633,-1.27119,21,3
7.57371,19.587,2.57851,36,11
3.40143,8.79218,-1.15752,15,4
8.27933,21.3897,3.63272,10,12
4.1203,10.6448,-0.99863,23,5
7.94295,20.51,4.27527,38,13
5.18836,13.3903,-0.752591,39,6
8.02025,20.6881,5.12259,20,14
6.06352,15.6327,-0.292677,100,7
7.70348,19.8505,5.70541,20,15
0.17528,0.450034,-0.12941,15,0
6.0888,15.625,0.292712,17,8
0.220859,0.566475,-0.140369,26,1
7.08702,18.1679,1.02202,38,9
2.53283,6.49303,-1.35474,26,2
6.85269,17.5581,1.64899,40,10
2.91001,7.45226,-1.26712,26,3
7.48673,19.1629,2.52611,16,11
3.41476,8.73588,-1.15167,15,4
7.97909,20.4021,3.46972,8,12
4.14799,10.6062,-0.996364,23,5
5.24017,13.3851,-0.753324,35,6
8.059,20.5747,5.10144,25,14
6.13848,15.6636,-0.293654,100,7
7.80799,19.9134,5.73129,17,15
0.183924,0.467396,-0.134586,15,0
6.25538,15.8883,0.298052,1,8
0.217121,0.551195,-0.13677,27,1
7.04255,17.8786,1.00705,21,9
2.54972,6.46954,-1.35169,23,2
6.93074,17.5767,1.653,30,10
2.93021,7.42736,-1.26462,23,3
7.55941,19.1514,2.52806,22,11
3.42992,8.68513,-1.14655,15,4
8.03726,20.3517,3.46565,20,12
4.16815,10.5491,-0.992355,23,5
8.08018,20.4394,4.27221,9,13
5.30301,13.4076,-0.755627,35,6
7.83391,19.7963,4.91518,18,14
6.16684,15.5836,-0.292537,100,7
7.65708,19.3396,5.57341,27,15
0.204109,0.513426,-0.148044,13,0
6.41811,16.1444,0.303253,36,8
0.22543,0.566769,-0.140819,26,1
7.07611,17.7815,1.00297,19,9
2.5643,6.44053,-1.34749,26,2
7.01713,17.6154,1.65892,38,10
2.95482,7.4176,-1.26462,26,3
7.65814,19.2148,2.53976,11,11
3.45429,8.66265,-1.14508,15,4
8.94712,22.4261,3.8242,26,12
4.18574,10.4863,-0.987823,23,5
8.13553,20.3815,4.26573,33,13
5.34819,13.3918,-0.755731,35,6
7.90241,19.7774,4.91698,18,14
6.37412,15.9445,-0.299728,100,7
7.74248,19.3576,5.58635,20,15
0.23104,0.57502,-0.143069,25,1
7.0182,17.4583,0.986114,13,9
2.58198,6.42289,-1.34559,26,2
7.52604,18.7122,1.76456,39,10
2.96816,7.37609,-1.2593,22,3
7.71924,19.1732,2.53781,11,11
3.4808,8.64133,-1.14387,15,4
8.05141,19.9781,3.41152,20,12
4.20635,10.4373,-0.984511,23,5
8.15817,20.2329,4.24054,18,13
5.37922,13.3341,-0.753533,35,6
8.16322,20.225,5.0353,39,14
6.43123,15.9259,-0.299797,100,7
7.83606,19.3949,5.60499,11,15
0.188727,0.465477,-0.134586,15,0
6.58928,16.2437,0.305976,19,8
0.228649,0.563376,-0.140369,26,1
7.2617,17.8834,1.01155,9,9
2.59848,6.39928,-1.34253,23,2
7.13611,17.5653,1.65875,14,10
2.98645,7.34738,-1.25617,23,3
9.04094,22.2317,2.9468,8,11
3.49972,8.60155,-1.14021,15,4
4.22322,10.3746,-0.979979,23,5
10.7762,26.459,5.55331,4,13
5.38804,13.2228,-0.7483,35,6
8.20361,20.1224,5.01686,19,14
6.517,15.9774,-0.301194,100,7
8.0818,19.8039,5.73129,17,15
0.197672,0.482693,-0.139762,14,0
7.25171,17.6991,0.333865,50,8
0.219527,0.535527,-0.133621,28,1
2.61559,6.37746,-1.33986,26,2
7.15352,17.4334,1.64864,10,10
3.00833,7.32778,-1.2546,25,3
8.03844,19.5706,2.59777,42,11
3.51765,8.5599,-1.13631,15,4
9.19124,22.355,3.82826,23,12
4.25942,10.3598,-0.979979,19,5
8.51358,20.6965,4.35006,23,13
5.40376,13.13,-0.744113,35,6
8.25897,20.0576,5.00786,23,14
6.63823,16.1135,-0.304195,61,7
8.1023,19.6577,5.69712,26,15
0.184588,0.446296,-0.12941,15,0
6.67882,16.1401,0.304894,21,8
0.225122,0.543761,-0.13587,13,1
7.84191,18.932,1.07393,11,9
2.62957,6.34834,-1.33566,26,2
7.58122,18.2937,1.73248,24,10
3.02935,7.30628,-1.25273,25,3
8.1166,19.5662,2.60094,36,11
3.53077,8.50723,-1.13095,23,4
8.25638,19.8836,3.40996,20,12
4.27644,10.2988,-0.975621,21,5
8.32743,20.0448,4.21917,18,13
5.44956,13.1111,-0.744113,35,6
8.29524,19.9477,4.98761,33,14
6.71364,16.1364,-0.305068,76,7
8.11297,19.4901,5.65675,19,15
0.193591,0.463475,-0.134586,15,0
6.83228,16.3491,0.309292,11,8
0.237543,0.568142,-0.142169,26,1
2.64868,6.33188,-1.33414,23,2
7.18275,17.1625,1.62772,3,10
3.04721,7.27744,-1.2496,25,3
8.00152,19.1002,2.54268,11,11
3.55891,8.49119,-1.13046,15,4
9.2684,22.1026,3.79604,11,12
4.2908,10.2324,-0.970741,23,5
8.38822,19.9939,4.21459,24,13
5.46128,13.0109,-0.739507,35,6
8.35049,19.8845,4.97907,23,14
6.87683,16.3673,-0.309885,76,7
8.19517,19.4955,5.66658,21,15
0.187699,0.444997,-0.12941,15,0
6.88542,16.316,0.309117,7,8
0.23346,0.552947,-0.13857,27,1
7.60705,18.0084,1.02453,13,9
2.66771,6.31536,-1.33261,23,2
7.2116,17.0639,1.62075,13,10
3.06182,7.24129,-1.24522,25,3
8.15322,19.2732,2.56949,11,11
3.58389,8.46775,-1.129,15,4
8.35802,19.7382,3.39494,9,12
4.31095,10.1807,-0.967254,23,5
8.47098,19.9952,4.22108,24,13
5.48016,12.9293,-0.735948,35,6
8.44191,19.9072,4.99211,28,14
6.89876,16.2604,-0.308314,83,7
8.22921,19.3868,5.64329,26,15
0.196822,0.462112,-0.134586,15,0
6.91959,16.2385,0.308105,54,8
0.229275,0.537788,-0.134971,14,1
7.67143,17.9854,1.02474,9,9
2.68512,6.29517,-1.33032,26,2
7.24608,16.98,1.61517,27,10
3.07855,7.21058,-1.24178,23,3
8.14326,19.0639,2.54536,17,11
3.59938,8.42234,-1.12461,15,4
8.42455,19.7034,3.394,13,12
4.31905,10.1014,-0.961154,22,5
8.7384,20.4276,4.31877,28,13
5.47889,12.8017,-0.729773,32,6
8.52133,19.9009,4.99796,38,14
7.06258,16.4862,-0.313061,91,7
8.30976,19.3881,5.65209,26,15
0.203013,0.472071,-0.137692,14,0
7.14457,16.6055,0.31554,20,8
0.234233,0.544144,-0.13677,27,1
8.61344,20.0002,1.14124,36,9
2.70242,6.27494,-1.32803,26,2
7.28087,16.8979,1.60977,20,10
3.09744,7.18527,-1.23927,25,3
8.73647,20.2567,2.70867,26,11
3.61617,8.38056,-1.12071,16,4
8.50189,19.6938,3.39744,20,12
4.3456,10.0662,-0.959236,22,5
8.72636,20.2041,4.27794,19,13
5.48393,12.6909,-0.724539,39,6
8.59075,19.8711,4.99796,14,14
7.14627,16.522,-0.314213,90,7
8.41191,19.4388,5.67538,19,15
0.212353,0.489079,-0.142868,14,0
7.09971,16.3438,0.311037,9,8
0.236131,0.543323,-0.13677,13,1
8.77161,20.1733,1.15286,12,9
2.71804,6.25107,-1.32498,23,2
9.11297,20.9484,1.99866,38,10
3.12171,7.17261,-1.23896,25,3
8.90065,20.4408,2.73743,41,11
3.63669,8.34786,-1.11803,15,4
4.35936,9.99721,-0.954181,22,5
5.47469,12.549,-0.717526,35,6
8.65226,19.8231,4.99346,23,14
7.19911,16.4859,-0.314004,100,7
8.49519,19.4447,5.68574,16,15
0.20173,0.459991,-0.134586,15,0
7.55508,17.2273,0.32835,38,8
0.245856,0.560341,-0.141269,26,1
7.74776,17.6499,1.01019,11,9
2.73146,6.21949,-1.3204,28,2
9.94708,22.6386,2.16338,22,10
3.13844,7.13942,-1.23521,25,3
10.9203,24.8419,3.33191,10,11
3.65701,8.31513,-1.11535,15,4
4.37657,9.94182,-0.950346,22,5
5.47716,12.4301,-0.711874,35,6
11.1311,25.2495,6.37061,35,14
7.25581,16.4589,-0.313969,100,7
11.764,26.6726,7.81116,27,15
0.214284,0.484014,-0.141833,14,0
7.49669,16.9252,0.323114,66,8
0.254224,0.573689,-0.144868,12,1
8.66543,19.5547,1.12093,15,9
2.74997,6.20274,-1.31887,26,2
8.68099,19.5714,1.87315,24,10
3.15293,7.10494,-1.23114,26,3
10.1913,22.9547,3.08378,17,11
3.67796,8.28417,-1.11291,17,4
12.114,27.2726,4.72651,7,12
4.39992,9.90099,-0.947906,22,5
9.22012,20.7379,4.4115,20,13
5.50671,12.3799,-0.710094,35,6
11.2274,25.2409,6.37781,8,14
7.14247,16.0498,-0.306639,100,7
11.4925,25.8125,7.57097,10,15
0.204857,0.458607,-0.134586,15,0
7.56583,16.9295,0.323672,48,8
0.24658,0.551495,-0.13947,13,1
7.86527,17.5913,1.00987,28,9
2.77293,6.19896,-1.32002,26,2
8.75399,19.5606,1.87489,4,10
3.17244,7.08544,-1.22958,27,3
9.10041,20.3157,2.73329,48,11
3.69405,8.24656,-1.1095,15,4
9.13049,20.3733,3.53605,24,12
4.41969,9.85725,-0.945117,22,5
9.10322,20.2935,4.32335,11,13
5.55019,12.3671,-0.710408,35,6
11.2951,25.168,6.36881,61,14
7.37503,16.4255,-0.314283,90,7
11.5748,25.7672,7.5689,10,15
0.222251,0.49315,-0.144939,14,0
7.72714,17.1376,0.32814,24,8
0.242798,0.538239,-0.13632,13,1
8.13861,18.0334,1.03688,12,9
2.78782,6.17721,-1.31735,23,2
9.66904,21.4146,2.05566,35,10
3.18778,7.05687,-1.22645,27,3
9.14239,20.2293,2.72573,13,11
3.70891,8.20287,-1.10536,15,4
11.1808,24.7166,4.29663,24,12
4.44579,9.82802,-0.943722,22,5
9.18423,20.2936,4.32984,28,13
5.59364,12.354,-0.710722,35,6
11.3427,25.0397,6.34632,8,14
7.46535,16.4725,-0.315679,97,7
11.628,25.6457,7.54509,10,15
0.207974,0.457202,-0.134586,15,0
7.76538,17.0632,0.327233,88,8
0.245483,0.539162,-0.13677,27,1
8.22137,18.0485,1.03939,6,9
2.79797,6.14243,-1.312,23,2
12.0514,26.4444,2.54251,29,10
3.20912,7.03852,-1.22519,26,3
9.20059,20.1702,2.72207,13,11
3.7334,8.18085,-1.10414,15,4
11.3441,24.8463,4.32604,33,12
4.46848,9.78707,-0.941282,22,5
11.8343,25.908,5.53651,24,13
5.62511,12.309,-0.709257,35,6
11.3101,24.7376,6.27973,8,14
7.46291,16.3155,-0.313166,99,7
11.8107,25.8087,7.60514,25,15
0.207956,0.452962,-0.133551,15,0
7.73308,16.8361,0.323393,12,8
0.254687,0.554239,-0.140819,26,1
8.28433,18.0197,1.03939,21,9
2.80709,6.10586,-1.30628,26,2
9.6776,21.0406,2.0262,4,10
3.22376,7.00574,-1.22144,27,3
9.51334,20.6645,2.79325,21,11
3.75197,8.14613,-1.10121,16,4
11.5093,24.977,4.35576,27,12
4.4801,9.72256,-0.936576,22,5
11.9509,25.9236,5.54873,16,13
5.64797,12.2458,-0.706745,35,6
11.8593,25.7013,6.53483,46,14
7.57178,16.4019,-0.31533,100,7
12.0481,26.0865,7.69935,21,15
7.6522,16.5079,0.317599,11,8
0.250061,0.539203,-0.13722,13,1
9.00199,19.402,1.12093,34,9
2.82095,6.08,-1.30284,23,2
9.73925,20.9814,2.02376,34,10
3.23655,6.96936,-1.21706,26,3
9.62555,20.7176,2.80494,7,11
3.77369,8.11858,-1.09926,15,4
9.63729,20.7239,3.61989,8,12
4.50057,9.67795,-0.933787,22,5
11.7324,25.2178,5.40638,15,13
5.67635,12.1952,-0.704965,35,6
11.4908,24.6757,6.28423,59,14
7.15607,15.3603,-0.295783,15,7
12.1114,25.9848,7.68175,10,15
0.220933,0.472499,-0.139762,14,0
7.79875,16.6713,0.321264,42,8
0.251942,0.538327,-0.13722,27,1
2.84216,6.07012,-1.30284,26,2
9.47775,20.2328,1.95473,18,10
3.25415,6.94371,-1.21456,27,3
9.9186,21.1547,2.8688,15,11
3.7902,8.08019,-1.09585,19,4
11.4736,24.449,4.27754,37,12
4.51823,9.62352,-0.930126,22,5
11.727,24.9776,5.36364,41,13
5.68408,12.1012,-0.700674,35,6
11.6572,24.8065,6.32787,43,14
7.19008,15.2936,-0.294981,46,7
11.7284,24.9354,7.38359,29,15
0.219364,0.464698,-0.137692,14,0
8.26407,17.5065,0.337914,17,8
0.250491,0.530396,-0.135421,13,1
9.10566,19.2719,1.11706,15,9
2.86606,6.06321,-1.30361,23,2
9.52628,20.1439,1.9495,9,10
3.27535,6.92281,-1.21299,25,3
9.97966,21.0931,2.86515,15,11
3.80564,8.04,-1.09219,16,4
11.5343,24.357,4.26847,17,12
4.54838,9.60048,-0.929429,22,5
12.1699,25.676,5.52316,16,13
5.69758,12.0153,-0.696906,35,6
12.2826,25.8905,6.61581,28,14
7.27171,15.328,-0.296132,31,7
11.7441,24.7442,7.33907,9,15
0.224308,0.470906,-0.139762,14,0
8.38238,17.5898,0.340113,12,8
0.264174,0.554101,-0.141719,13,1
9.11959,19.1282,1.11057,1,9
2.87622,6.03013,-1.29865,21,2
9.55278,20.0188,1.94061,36,10
3.29524,6.90242,-1.21143,23,3
10.1621,21.2767,2.89513,38,11
3.81797,7.99018,-1.08732,15,4
11.6389,24.3576,4.27567,20,12
4.57241,9.56478,-0.927511,20,5
12.0325,25.1587,5.42088,15,13
5.7257,11.9665,-0.695231,32,6
13.932,29.1045,7.44948,11,14
7.69989,16.0853,-0.311281,68,7
11.7804,24.5985,7.30801,28,15
0.209213,0.435296,-0.12941,15,0
8.2215,17.1059,0.331282,4,8
0.262632,0.546197,-0.13992,13,1
9.81922,20.4119,1.18708,29,9
2.89129,6.00767,-1.29597,26,2
9.73323,20.2151,1.96292,46,10
3.31126,6.87721,-1.20893,23,3
10.2516,21.2822,2.90049,31,11
3.8341,7.95602,-1.08439,22,4
9.61342,19.9396,3.50601,24,12
4.57894,9.49312,-0.922108,20,5
10.1413,21.0251,4.53744,21,13
5.72975,11.8737,-0.690939,35,6
14.042,29.0862,7.45668,11,14
7.71164,15.9665,-0.309501,83,7
11.8746,24.5747,7.31319,23,15
8.29164,17.0987,0.3317,44,8
0.266238,0.548783,-0.140819,26,1
9.89556,20.3972,1.18813,42,9
2.91035,5.99628,-1.29559,26,2
9.8359,20.2562,1.97007,4,10
3.32402,6.84251,-1.20486,25,3
10.3223,21.2392,2.89952,23,11
3.85577,7.93009,-1.08269,17,4
9.67518,19.8987,3.50445,36,12
4.60255,9.46176,-0.920539,20,5
10.1356,20.8271,4.50233,39,13
5.75368,11.8177,-0.688846,35,6
14.2015,29.1562,7.48727,11,14
7.74966,15.9103,-0.308908,83,7
11.9898,24.6046,7.3339,23,15
0.212171,0.433862,-0.12941,15,0
8.30788,16.9885,0.330095,10,8
0.259493,0.530393,-0.13632,13,1
10.1493,20.7357,1.2099,10,9
2.93471,5.99314,-1.29712,23,2
9.79698,19.9981,1.94828,22,10
3.33801,6.81371,-1.20173,26,3
10.4853,21.3938,2.92535,39,11
3.8768,7.90656,-1.08122,24,4
9.70109,19.7762,3.4888,12,12
4.61273,9.39914,-0.916007,20,5
10.3162,21.0208,4.55156,13,13
5.76027,11.7323,-0.684973,35,6
12.3831,25.2101,6.48444,27,14
7.76722,15.806,-0.307407,83,7
12.1677,24.7498,7.3898,34,15
0.22736,0.460839,-0.137692,14,0
8.38868,16.9956,0.330828,26,8
0.26316,0.532933,-0.13722,13,1
10.0882,20.4208,1.19368,16,9
2.94518,5.96174,-1.29254,26,2
9.7043,19.6352,1.91621,48,10
3.35858,6.79258,-1.20017,27,3
10.5135,21.2538,2.91146,15,11
3.88903,7.8585,-1.07659,23,4
9.90585,20.0078,3.53605,22,12
4.63932,9.37048,-0.914787,18,5
10.2502,20.6943,4.48897,28,13
5.79171,11.6878,-0.683612,35,6
12.4113,25.0354,6.45115,45,14
7.70338,15.532,-0.302625,91,7
12.4438,25.0789,7.50161,25,15
8.44795,16.9662,0.330828,24,8
0.265019,0.532011,-0.13722,13,1
2.96247,5.94439,-1.29101,21,2
9.83945,19.7349,1.92928,35,10
3.37521,6.76667,-1.19766,26,3
10.491,21.0233,2.88489,22,11
3.90668,7.82534,-1.07391,26,4
9.99417,20.0102,3.54262,22,12
4.6453,9.30075,-0.909557,20,5
10.2645,20.5425,4.46379,13,13
5.80389,11.6103,-0.680263,32,6
15.9338,31.8608,8.22421,12,14
7.6457,15.2814,-0.298262,85,7
14.8158,29.5994,8.86921,14,15
0.234039,0.466146,-0.139762,14,0
8.5529,17.0278,0.332608,12,8
0.27125,0.539789,-0.13947,26,1
10.3498,20.5962,1.20802,35,9
2.97703,5.92174,-1.28834,19,2
9.74534,19.3765,1.89755,17,10
3.39349,6.74426,-1.19579,27,3
10.218,20.2986,2.79032,28,11
3.93219,7.80811,-1.07343,26,4
10.4887,20.8273,3.69342,9,12
4.66608,9.26135,-0.907291,20,5
10.3158,20.4662,4.45501,20,13
5.8129,11.5276,-0.676599,35,6
12.606,24.9881,6.46149,9,14
7.57384,15.0132,-0.293515,85,7
14.8495,29.4225,8.83091,21,15
0.226937,0.448092,-0.134586,15,0
8.76201,17.3008,0.338507,10,8
0.272157,0.537148,-0.13902,13,1
10.3656,20.4494,1.20153,21,9
2.99235,5.9008,-1.28605,19,2
10.1383,19.9838,1.96048,9,10
3.41047,6.7224,-1.19391,26,3
10.3491,20.3903,2.80763,14,11
3.94638,7.77201,-1.07026,24,4
14.131,27.8177,4.94177,7,12
4.68845,9.22547,-0.905374,20,5
10.453,20.5684,4.48478,28,13
5.82938,11.4655,-0.674087,35,6
7.6253,14.9849,-0.29348,85,7
15.0406,29.5444,8.88319,14,15
0.228421,0.447337,-0.134586,15,0
8.70591,17.0422,0.334039,42,8
0.26871,0.525783,-0.13632,13,1
10.506,20.5483,1.20948,49,9
3.01012,5.88735,-1.28529,23,2
10.6201,20.7624,2.04032,60,10
3.42402,6.69111,-1.19047,25,3
10.2519,20.0254,2.76229,56,11
3.96263,7.73699,-1.06733,23,4
13.0282,25.4264,4.52502,3,12
4.70699,9.18246,-0.902759,20,5
13.0843,25.525,5.57544,20,13
5.84294,11.3936,-0.671052,35,6
14.8396,28.9243,7.50527,11,14
7.70038,15.0026,-0.294352,85,7
15.2822,29.7615,8.96446,7,15
0.230059,0.446497,-0.134586,15,0
8.6829,16.8517,0.330898,20,8
0.272329,0.528306,-0.13722,13,1
10.6335,20.6198,1.21587,38,9
3.02178,5.85709,-1.28109,26,2
10.7747,20.8756,2.05531,45,10
3.43855,6.65921,-1.18702,27,3
10.3072,19.9612,2.75839,14,11
3.97686,7.69842,-1.06392,22,4
12.9609,25.079,4.47121,15,12
4.7198,9.1288,-0.899099,20,5
14.7508,28.518,6.24098,10,13
5.85987,11.3242,-0.668226,35,6
14.9607,28.8991,7.51292,33,14
7.76649,15.0023,-0.294876,85,7
15.4784,29.8864,9.01829,7,15
0.24587,0.473118,-0.142868,14,0
8.76583,16.8605,0.3317,14,8
0.274263,0.527305,-0.13722,13,1
10.6649,20.5046,1.21126,36,9
3.03132,5.82561,-1.27651,26,2
10.854,20.8503,2.05653,20,10
3.46359,6.65067,-1.18765,26,3
10.2464,19.6663,2.72281,13,11
3.99403,7.66266,-1.06099,22,4
10.2462,19.6576,3.51102,24,12
4.73045,9.07164,-0.895089,20,5
13.3592,25.6082,5.61436,16,13
5.88089,11.2682,-0.666132,35,6
15.6685,30.0093,7.8157,11,14
7.80586,14.9503,-0.294387,85,7
12.8949,24.6866,7.46279,10,15
0.234965,0.448302,-0.135621,15,0
8.93123,17.0404,0.335819,21,8
0.28144,0.536748,-0.13992,13,1
9.58224,18.267,1.08105,6,9
3.04617,5.80456,-1.27422,26,2
10.8961,20.754,2.05077,25,10
3.47461,6.61817,-1.1839,26,3
10.2847,19.5813,2.71574,40,11
4.01388,7.63884,-1.05953,22,4
13.1825,25.0771,4.48717,15,12
4.75837,9.04802,-0.894392,22,5
13.3417,25.3692,5.57162,45,13
5.88381,11.1833,-0.662259,35,6
7.82725,14.8646,-0.293235,85,7
12.9756,24.6312,7.45968,10,15
0.23645,0.44752,-0.135621,15,0
9.4878,17.9496,0.354389,58,8
0.279668,0.528871,-0.13812,13,1
10.5145,19.8753,1.1784,56,9
3.06448,5.79269,-1.27384,23,2
10.9164,20.6262,2.04171,10,10
3.48845,6.58854,-1.18077,22,3
10.3149,19.4733,2.70574,13,11
4.03308,7.61075,-1.05758,23,4
10.7218,20.2244,3.62553,12,12
4.77995,9.01635,-0.892823,20,5
13.2895,25.0571,5.51324,20,13
5.89379,11.108,-0.659014,35,6
15.5343,29.2651,7.64924,11,14
7.81813,14.7224,-0.290967,69,7
13.0723,24.6062,7.46589,10,15
0.245278,0.460332,-0.139762,14,0
9.36604,17.5705,0.347547,14,8
0.279679,0.524453,-0.13722,13,1
10.5161,19.7116,1.17086,17,9
3.07729,5.7681,-1.27079,23,2
10.6103,19.8796,1.97146,50,10
3.48724,6.53101,-1.17263,28,3
11.074,20.7311,2.88587,15,11
4.05027,7.57911,-1.05514,24,4
10.8138,20.2269,3.63272,25,12
4.80388,8.98555,-0.891429,20,5
13.3213,24.9067,5.49034,20,13
5.91557,11.0556,-0.65713,35,6
15.057,28.1283,7.3658,43,14
7.81849,14.5998,-0.289082,78,7
15.2619,28.4872,8.65957,14,15
0.239568,0.445859,-0.135621,15,0
9.64223,17.9376,0.355471,47,8
0.286123,0.532055,-0.13947,26,1
10.4922,19.5024,1.1606,14,9
3.09276,5.74868,-1.26888,19,2
10.6834,19.8495,1.97216,37,10
3.51376,6.52576,-1.17388,26,3
10.574,19.6298,2.73767,27,11
4.06634,7.54571,-1.05246,26,4
10.6996,19.8465,3.57109,6,12
4.81158,8.92488,-0.887071,19,5
14.4268,26.7487,5.90745,18,13
5.92757,10.9857,-0.6542,35,6
15.1754,28.1133,7.3757,43,14
7.82855,14.4967,-0.287581,86,7
15.3769,28.4627,8.66837,7,15
0.230079,0.424637,-0.12941,15,0
9.69716,17.8897,0.355191,20,8
0.283333,0.522487,-0.13722,13,1
10.1411,18.6932,1.11455,1,9
3.10438,5.72232,-1.26545,23,2
11.1822,20.6036,2.05095,20,10
3.5318,6.50477,-1.17232,25,3
10.667,19.6381,2.74401,34,11
4.08413,7.51577,-1.05027,28,4
10.7792,19.8281,3.57453,23,12
4.8408,8.90453,-0.886723,19,5
13.4076,24.6527,5.45485,7,13
5.94393,10.9246,-0.651792,35,6
15.2968,28.1029,7.38694,32,14
7.83703,14.3921,-0.286045,86,7
15.5464,28.5378,8.70771,7,15
0.244528,0.447566,-0.136656,14,0
9.75956,17.8558,0.355191,29,8
0.298244,0.545433,-0.143519,12,1
3.1168,5.69767,-1.26239,23,2
10.7586,19.6591,1.96066,4,10
3.55449,6.49241,-1.17232,25,3
10.5105,19.1899,2.68649,32,11
4.1027,7.48754,-1.04832,27,4
4.85462,8.85613,-0.883585,19,5
13.4105,24.4542,5.42127,7,13
5.96857,10.8793,-0.650327,35,6
15.6189,28.4577,7.49447,22,14
7.83332,14.2665,-0.28409,86,7
15.6412,28.4749,8.70512,14,15
0.25541,0.46363,-0.141833,14,0
10.1133,18.3505,0.365733,28,8
0.286974,0.520496,-0.13722,13,1
3.13856,5.69019,-1.26316,26,2
10.83,19.6266,1.96118,27,10
3.56949,6.46612,-1.16982,25,3
10.6542,19.2921,2.70599,13,11
4.11537,7.44885,-1.04491,33,4
10.9556,19.8215,3.58704,48,12
4.87008,8.81123,-0.880796,19,5
14.5398,26.2955,5.84066,31,13
5.99008,10.8287,-0.648547,35,6
14.9906,27.0884,7.14759,52,14
7.81818,14.1218,-0.281752,86,7
17.2522,31.1494,9.54111,8,15
0.24577,0.44247,-0.135621,15,0
10.1113,18.1962,0.363359,24,8
0.29447,0.529711,-0.13992,13,1
10.348,18.6069,1.1158,5,9
3.15841,5.6792,-1.26316,26,2
12.0173,21.5996,2.16251,22,10
3.58243,6.43636,-1.16669,25,3
10.5747,18.9911,2.66894,6,11
4.13459,7.4223,-1.0432,23,4
11.1459,20.0006,3.62646,23,12
4.88335,8.76285,-0.877658,19,5
14.6411,26.2617,5.84448,22,13
5.99476,10.7484,-0.644988,35,6
14.9806,26.8487,7.09811,52,14
7.7875,13.9513,-0.278889,86,7
15.7897,28.2756,8.67768,7,15
0.269968,0.482062,-0.148044,13,0
10.0076,17.8625,0.35739,24,8
0.288695,0.515081,-0.13632,27,1
10.3963,18.5411,1.11402,16,9
3.18013,5.67156,-1.26392,21,2
10.8849,19.4046,1.94654,18,10
3.60198,6.41865,-1.16575,26,3
11.2385,20.0187,2.81884,21,11
4.14201,7.37493,-1.03857,22,4
4.89634,8.71449,-0.874521,19,5
14.7596,26.2584,5.85517,27,13
6.01169,10.6908,-0.64279,35,6
15.059,26.7691,7.09091,41,14
7.80576,13.87,-0.277807,88,7
15.985,28.392,8.73048,28,15
0.260251,0.46093,-0.141833,14,0
10.3492,18.3219,0.367303,66,8
0.296244,0.524249,-0.13902,13,1
10.8733,19.242,1.1583,28,9
3.18735,5.63821,-1.25896,23,2
10.9271,19.3214,1.942,49,10
3.62047,6.39916,-1.1645,23,3
17.225,30.4328,4.2937,14,11
4.1547,7.34043,-1.03565,22,4
4.91691,8.68,-0.872778,19,5
14.8434,26.193,5.85211,18,13
6.03321,10.642,-0.641116,35,6
15.1448,26.7139,7.08956,41,14
7.8152,13.7796,-0.276516,80,7
16.0963,28.3691,8.7398,7,15
0.257957,0.453349,-0.139762,14,0
10.487,18.4231,0.370026,35,8
0.294123,0.51649,-0.13722,13,1
10.9717,19.2666,1.16196,19,9
3.19534,5.60885,-1.25476,23,2
12.241,21.4782,2.16286,5,10
3.6358,6.37682,-1.16262,23,3
11.7355,20.5745,2.90829,15,11
4.17509,7.31971,-1.03467,22,4
11.3977,19.9742,3.64242,23,12
4.91604,8.61174,-0.867548,19,5
17.8247,31.2121,6.98666,6,13
6.05459,10.5976,-0.63965,35,6
16.1284,28.2304,7.50617,44,14
7.87475,13.778,-0.277005,80,7
17.4799,30.5712,9.43602,24,15
0.259458,0.452491,-0.139762,14,0
10.5421,18.3778,0.369816,26,8
0.299714,0.522273,-0.13902,13,1
11.0378,19.2264,1.16186,26,9
3.21196,5.59482,-1.254,26,2
11.0917,19.3124,1.94845,36,10
3.64906,6.35103,-1.16012,22,3
11.7779,20.4907,2.90195,38,11
4.19567,7.29649,-1.03345,23,4
11.3748,19.7734,3.61301,8,12
4.95004,8.60144,-0.868246,19,5
15.5378,26.9992,6.05513,14,13
6.06978,10.5429,-0.637557,35,6
15.9215,27.6437,7.3649,10,14
7.90582,13.7209,-0.276411,64,7
17.5605,30.4648,9.42205,33,15
0.290128,0.501707,-0.155291,12,0
10.3049,17.8198,0.35931,9,8
0.30739,0.531344,-0.141719,13,1
11.1839,19.3244,1.17013,21,9
3.22655,5.57281,-1.25171,26,2
11.1923,19.3233,1.95368,4,10
3.6624,6.32052,-1.15699,22,3
11.8295,20.4151,2.89708,15,11
4.21016,7.26291,-1.03077,24,4
11.4626,19.766,3.61896,29,12
4.97403,8.57377,-0.8672,19,5
11.7125,20.1807,4.53553,18,13
6.07628,10.4653,-0.634207,29,6
15.917,27.4031,7.31631,10,14
7.92655,13.6466,-0.275469,72,7
17.7658,30.5737,9.47485,16,15
0.272419,0.467312,-0.144939,14,0
10.351,17.7491,0.358647,11,8
0.295587,0.506649,-0.135421,13,1
11.1003,19.0264,1.15443,27,9
3.244,5.55812,-1.25094,23,2
13.0037,22.2711,2.25629,18,10
3.67946,6.29917,-1.15543,20,3
11.3744,19.465,2.76814,28,11
4.22273,7.22344,-1.02736,27,4
11.5564,19.7685,3.62678,55,12
4.99388,8.53915,-0.865457,19,5
15.8238,27.0467,6.091,25,13
6.08251,10.3923,-0.631067,29,6
16.0263,27.3709,7.32261,10,14
7.92362,13.5325,-0.273724,81,7
21.532,36.7592,11.415,26,15
0.256431,0.436378,-0.135621,15,0
10.8201,18.4129,0.372783,35,8
0.295291,0.502306,-0.134521,14,1
11.0452,18.781,1.14187,18,9
3.25044,5.52477,-1.24598,26,2
13.7787,23.4103,2.37656,26,10
3.69432,6.27672,-1.15355,20,3
11.4157,19.3878,2.76253,7,11
4.2396,7.19742,-1.02565,23,4
11.5431,19.5885,3.60112,46,12
5.01252,8.50279,-0.863539,19,5
17.2105,29.1943,6.58749,23,13
6.10172,10.3463,-0.629497,26,6
17.1984,29.1505,7.8139,11,14
7.95353,13.4755,-0.27313,65,7
22.1297,37.4789,11.6624,27,15
0.265751,0.448824,-0.139762,14,0
10.8843,18.3751,0.372783,38,8
0.305983,0.516361,-0.13857,13,1
11.3049,19.0776,1.16217,16,9
3.25873,5.49707,-1.24217,26,2
13.154,22.1803,2.25611,24,10
3.70814,6.2502,-1.15104,21,3
15.3273,25.8244,3.68728,12,11
4.26166,7.17746,-1.02492,28,4
16.0646,27.0559,4.98369,23,12
5.02441,8.45871,-0.86075,19,5
17.7004,29.7873,6.73518,24,13
6.11841,10.2923,-0.627508,29,6
17.2382,28.9864,7.78601,45,14
7.95932,13.3837,-0.271804,89,7
19.4378,32.672,10.1866,9,15
0.271276,0.454529,-0.141833,14,0
10.9052,18.2719,0.371422,19,8
0.313688,0.525383,-0.141269,13,1
11.5732,19.3758,1.18279,40,9
3.27387,5.47892,-1.24064,26,2
13.9071,23.2647,2.37133,26,10
3.71263,6.21074,-1.14604,21,3
18.3043,30.6086,4.37901,14,11
4.28442,7.16158,-1.02468,30,4
16.163,27.0065,4.98494,19,12
5.03856,8.41548,-0.858135,19,5
16.9469,28.3051,6.41271,5,13
6.12788,10.2308,-0.624996,37,6
17.2912,28.8572,7.76666,34,14
7.97001,13.2959,-0.270582,81,7
19.5736,32.6404,10.198,19,15
0.262903,0.437025,-0.136656,14,0
10.9329,18.1667,0.370096,38,8
0.30154,0.500856,-0.134971,14,1
11.2114,18.6147,1.13883,10,9
3.29196,5.46578,-1.24026,23,2
13.9769,23.1972,2.36942,26,10
3.72823,6.18524,-1.14385,22,3
17.9121,29.7049,4.25909,13,11
4.29936,7.12713,-1.022,20,4
18.1062,30.0032,5.5503,19,12
5.04937,8.36714,-0.854998,19,5
16.7533,27.7503,6.3009,26,13
6.14159,10.169,-0.622589,37,6
17.3757,28.7586,7.75721,11,14
7.98559,13.2118,-0.269465,81,7
18.9334,31.312,9.80458,8,15
0.250404,0.412978,-0.12941,15,0
11.0004,18.1353,0.370235,26,8
0.315418,0.519792,-0.140369,13,1
11.3239,18.654,1.14365,19,9
3.30491,5.44419,-1.23797,23,2
14.1023,23.2215,2.37691,26,10
3.7457,6.16544,-1.1426,23,3
18.6291,30.6515,4.40411,28,11
4.30152,7.07477,-1.01663,22,4
16.9513,27.869,5.16641,25,12
5.06923,8.33414,-0.853429,19,5
16.9296,27.8225,6.33066,32,13
6.16043,10.1202,-0.620914,37,6
19.2882,31.6737,8.56164,12,14
7.99005,13.1155,-0.268069,82,7
19.1743,31.4619,9.87239,27,15
10.9041,17.8357,0.364895,29,8
0.31113,0.508713,-0.13767,13,1
11.7695,19.2362,1.18185,19,9
3.31467,5.41754,-1.23453,21,2
13.3563,21.8212,2.23833,23,10
3.7672,6.15233,-1.1426,25,3
17.333,28.296,4.07434,13,11
4.31375,7.0394,-1.01371,23,4
17.2797,28.1869,5.23649,4,12
5.09036,8.30022,-0.85186,19,5
16.9066,27.5674,6.28601,21,13
6.17483,10.0646,-0.61882,33,6
19.3273,31.49,8.53014,12,14
7.98032,12.9972,-0.266219,90,7
19.2516,31.3421,9.85583,18,15
0.283755,0.460517,-0.144939,14,0
10.9033,17.6954,0.362801,24,8
0.306768,0.497671,-0.134971,14,1
12.0598,19.5571,1.20415,15,9
3.3242,5.38865,-1.23072,26,2
12.2507,19.8511,2.04084,10,10
3.76274,6.09478,-1.13446,25,3
15.466,25.0513,3.61489,34,11
4.33308,7.01585,-1.01249,20,4
17.2087,27.8525,5.18549,12,12
5.09731,8.24681,-0.8482,17,5
17.4855,28.2784,6.4627,22,13
6.19591,10.0164,-0.61725,30,6
18.1854,29.3873,7.97856,47,14
7.97724,12.8911,-0.264613,90,7
19.0843,30.8279,9.71503,35,15
0.269055,0.433265,-0.136656,14,0
10.9987,17.7046,0.363813,56,8
0.316819,0.509784,-0.13857,13,1
11.6432,18.7274,1.15568,36,9
3.34403,5.37868,-1.2311,26,2
12.3136,19.798,2.03979,5,10
3.7986,6.10509,-1.13884,27,3
15.3385,24.6423,3.56395,22,11
4.35877,6.99992,-1.01249,20,4
17.2616,27.7104,5.17079,34,12
5.11237,8.20698,-0.845934,19,5
17.1813,27.5707,6.31463,26,13
6.2076,9.95741,-0.614948,37,6
17.9135,28.7234,7.81525,57,14
8.00855,12.8363,-0.26409,82,7
19.2626,30.8626,9.74816,26,15
0.276714,0.442149,-0.139762,14,0
11.0541,17.6559,0.363603,29,8
0.320666,0.511978,-0.13947,13,1
3.35861,5.36032,-1.22957,26,2
12.3477,19.6992,2.03404,53,10
3.81464,6.08342,-1.13728,26,3
15.4539,24.6357,3.57077,22,11
4.37262,6.96785,-1.01005,22,4
17.4507,27.7972,5.19832,21,12
5.12616,8.16546,-0.843493,19,5
17.2826,27.5188,6.31654,43,13
6.21575,9.89341,-0.612331,37,6
18.0614,28.7366,7.83595,46,14
8.02351,12.7609,-0.263112,92,7
23.2264,36.9258,11.6888,13,15
0.309174,0.4902,-0.155291,12,0
11.0665,17.5394,0.361998,40,8
0.316209,0.500969,-0.13677,13,1
12.9541,20.5151,1.27155,9,9
3.38045,5.35354,-1.23072,21,2
13.5911,21.5156,2.22648,11,10
3.82952,6.06005,-1.1354,26,3
15.5504,24.5984,3.57321,22,11
4.38418,6.93241,-1.00713,23,4
19.8331,31.3486,5.87537,5,12
5.1493,8.1391,-0.842622,17,5
17.6904,27.9511,6.42988,45,13
6.22888,9.8379,-0.610237,37,6
18.0886,28.5581,7.80445,46,14
8.0284,12.6703,-0.261821,92,7
23.1711,36.554,11.5966,13,15
0.28394,0.446728,-0.141833,14,0
11.0504,17.3792,0.359485,27,8
0.308543,0.485063,-0.132721,28,1
12.734,20.0114,1.24308,9,9
3.38752,5.32349,-1.22652,19,2
13.2456,20.8075,2.15798,5,10
3.84004,6.02998,-1.13227,26,3
15.6895,24.6276,3.5854,23,11
4.40408,6.91037,-1.00615,23,4
18.4386,28.9206,5.43234,23,12
5.16161,8.09588,-0.840007,17,5
17.809,27.9222,6.43751,11,13
6.23095,9.76559,-0.607097,37,6
18.38,28.7954,7.88678,46,14
7.99833,12.5259,-0.259413,83,7
24.1763,37.847,12.0335,14,15
10.9902,17.1519,0.355575,40,8
0.321803,0.50203,-0.13767,13,1
12.4629,19.4428,1.21032,15,9
3.39866,5.30007,-1.22385,21,2
14.891,23.2129,2.41282,20,10
3.85147,6.00158,-1.12946,26,3
16.2762,25.3528,3.69922,36,11
4.41638,6.87658,-1.00347,19,4
18.5056,28.8144,5.4239,18,12
5.17369,8.05266,-0.837392,17,5
18.937,29.4635,6.80806,6,13
6.26176,9.73874,-0.606783,37,6
18.5184,28.7901,7.90298,46,14
8.00304,12.4421,-0.258226,93,7
25.8362,40.1515,12.7934,17,15
0.261908,0.40578,-0.12941,15,0
11.0752,17.1591,0.356483,31,8
0.321352,0.497686,-0.13677,13,1
12.7962,19.8102,1.23597,9,9
3.41395,5.28322,-1.2227,21,2
14.7232,22.776,2.37273,52,10
3.86813,5.9838,-1.12852,26,3
16.2858,25.1837,3.6824,24,11
4.43485,6.85523,-1.0025,17,4
20.5476,31.7496,5.98988,11,12
5.19094,8.01783,-0.835649,17,5
20.1955,31.1936,7.22327,28,13
6.28208,9.69948,-0.605632,30,6
18.6053,28.7154,7.89938,11,14
8.0127,12.3621,-0.257144,93,7
19.8182,30.5641,9.76058,17,15
0.288525,0.44378,-0.141833,14,0
11.1863,17.1991,0.358123,29,8
0.318836,0.490027,-0.134971,14,1
12.7868,19.6449,1.22843,7,9
3.42931,5.26858,-1.22194,21,2
14.916,22.9073,2.39155,53,10
3.88037,5.95702,-1.12602,26,3
15.6844,24.0689,3.52739,22,11
4.44574,6.81975,-0.999572,19,4
20.6378,31.6463,5.98393,11,12
5.20008,7.97387,-0.83286,17,5
19.4483,29.8108,6.91873,52,13
6.27769,9.61895,-0.601968,37,6
19.0208,29.1333,8.03255,11,14
8.01425,12.2704,-0.255817,93,7
27.0268,41.3642,13.2396,18,15
0.290072,0.44277,-0.141833,14,0
11.2759,17.2051,0.359066,31,8
0.320544,0.488911,-0.134971,28,1
13.127,20.0143,1.25439,1,9
3.4466,5.25494,-1.22156,21,2
14.9981,22.8585,2.3919,39,10
3.89572,5.93518,-1.12445,25,3
15.8184,24.0904,3.5386,11,11
4.45971,6.78926,-0.997379,16,4
19.2305,29.2645,5.54623,24,12
5.21804,7.94069,-0.831291,19,5
19.604,29.8215,6.93705,13,13
6.29038,9.56527,-0.599979,33,6
19.0313,28.9284,7.99431,58,14
8.02186,12.1889,-0.2547,93,7
0.278844,0.422408,-0.135621,15,0
11.2697,17.0655,0.356972,24,8
0.322249,0.48779,-0.134971,14,1
13.4765,20.3916,1.28097,52,9
3.45085,5.22158,-1.2166,21,2
15.1492,22.914,2.40323,33,10
3.90115,5.89848,-1.12007,26,3
16.6144,25.1111,3.69703,24,11
4.479,6.76703,-0.996404,19,4
19.4089,29.3125,5.56813,9,12
5.23582,7.90747,-0.829723,17,5
19.7914,29.8789,6.96644,33,13
6.30498,9.51495,-0.5982,33,6
19.1731,28.9235,8.01141,58,14
8.01905,12.0925,-0.253269,94,7
19.4964,29.389,9.45,16,15
0.267478,0.40213,-0.12941,15,0
11.2738,16.9428,0.355226,24,8
0.334748,0.502884,-0.13947,13,1
13.7601,20.6636,1.30107,22,9
3.46797,5.20787,-1.21622,21,2
15.788,23.7,2.49143,35,10
3.91405,5.87332,-1.11788,25,3
15.9862,23.9794,3.5386,11,11
4.49599,6.74145,-0.994941,26,4
19.635,29.4303,5.60348,20,12
5.2457,7.86263,-0.826934,19,5
19.5218,29.2495,6.83554,57,13
6.32151,9.46797,-0.59663,33,6
19.5727,29.3036,8.13558,59,14
8.02788,12.0146,-0.252222,94,7
19.513,29.1923,9.40859,33,15
0.290391,0.43329,-0.139762,14,0
11.2205,16.7356,0.351701,38,8
0.33216,0.495238,-0.13767,13,1
13.6652,20.3667,1.28537,50,9
3.48065,5.18758,-1.21431,23,2
15.8629,23.6332,2.49021,42,10
3.92572,5.8465,-1.11538,25,3
16.7826,24.9846,3.69557,12,11
4.50731,6.70759,-0.99226,20,4
19.7541,29.3861,5.60818,35,12
5.25892,7.8202,-0.824493,17,5
19.6183,29.1731,6.83363,31,13
6.33669,9.41933,-0.594955,33,6
19.6879,29.2545,8.14098,23,14
8.03849,11.94,-0.251245,86,7
19.6925,29.2393,9.44586,33,15
0.324418,0.480247,-0.155291,12,0
11.2094,16.5936,0.349537,22,8
0.331704,0.490847,-0.13677,27,1
13.8403,20.4728,1.29511,24,9
3.49415,5.16666,-1.2124,21,2
15.8891,23.4858,2.4808,14,10
3.93494,5.81408,-1.11194,26,3
15.1296,22.3547,3.31436,40,11
4.52179,6.67866,-0.99031,19,4
19.8654,29.3301,5.61068,5,12
5.28172,7.7952,-0.823796,19,5
19.6303,28.9612,6.80081,50,13
6.35548,9.3729,-0.59349,33,6
20.6362,30.4224,8.48695,12,14
8.05094,11.8689,-0.250337,86,7
25.3798,37.4014,12.1112,15,15
0.297832,0.437589,-0.141833,14,0
11.2172,16.4747,0.347896,23,8
0.324724,0.476743,-0.133171,14,1
13.9534,20.478,1.29866,36,9
3.50995,5.15119,-1.21164,21,2
14.8511,21.7871,2.30684,6,10
3.9541,5.79867,-1.11162,27,3
15.2069,22.2926,3.31338,10,11
4.5261,6.63253,-0.985923,23,4
19.9561,29.2326,5.60599,20,12
5.29991,7.76355,-0.822402,16,5
19.6582,28.7855,6.77563,31,13
6.37576,9.33252,-0.592338,37,6
20.7577,30.3727,8.49325,50,14
8.05037,11.7749,-0.248976,70,7
25.3466,37.0594,12.0304,14,15
0.312468,0.455665,-0.148044,13,0
11.1276,16.2211,0.343359,23,8
0.335208,0.488461,-0.13677,13,1
13.9853,20.3716,1.295,22,9
3.5168,5.12272,-1.20782,21,2
15.2564,22.2148,2.35774,6,10
3.97096,5.77995,-1.11068,25,3
20.2386,29.4474,4.3873,14,11
4.54135,6.60524,-0.984217,27,4
20.0491,29.1498,5.60348,40,12
5.31004,7.72038,-0.819787,17,5
19.7341,28.6811,6.76723,43,13
6.39584,9.29211,-0.591187,33,6
25.4821,37.0075,10.3734,17,14
8.05399,11.6924,-0.247824,61,7
25.4802,36.977,12.0325,14,15
0.300879,0.435499,-0.141833,14,0
11.0182,15.942,0.338263,34,8
0.334694,0.484082,-0.13587,13,1
3.52125,5.09103,-1.20324,26,2
16.1342,23.3181,2.4808,21,10
3.98437,5.75631,-1.10881,25,3
18.1761,26.2496,3.92029,12,11
4.55984,6.58525,-0.983486,26,4
20.005,28.8801,5.56437,43,12
5.31426,7.66904,-0.816301,17,5
19.7189,28.4459,6.72793,49,13
6.41344,9.24839,-0.589826,33,6
8.05397,11.6097,-0.246637,78,7
26.0542,37.543,12.2447,15,15
0.302322,0.434499,-0.141833,14,0
11.0082,15.8151,0.336343,27,8
0.344093,0.494164,-0.13902,26,1
13.6784,19.644,1.25449,3,9
3.53363,5.07289,-1.20172,26,2
16.0816,23.0781,2.46093,27,10
3.99553,5.73172,-1.10662,25,3
18.2744,26.2055,3.92273,25,11
4.57484,6.56032,-0.982023,23,4
20.1606,28.8995,5.58096,19,12
5.32826,7.63504,-0.814558,17,5
19.9367,28.5574,6.7699,6,13
6.42235,9.19596,-0.587838,33,6
25.9959,37.2227,10.4818,17,14
8.07295,11.5551,-0.246044,70,7
26.0812,37.3171,12.1992,15,15
0.310413,0.442986,-0.144939,14,0
11.0376,15.7458,0.335645,23,8
0.346848,0.494616,-0.13947,13,1
14.5039,20.6753,1.32358,38,9
3.54367,5.05149,-1.19943,19,2
16.3205,23.2562,2.48568,7,10
4.0043,5.70389,-1.1038,25,3
18.368,26.1545,3.92419,12,11
4.58972,6.53294,-0.980317,23,4
20.2727,28.8451,5.58409,14,12
5.35488,7.6164,-0.814558,17,5
19.9997,28.4462,6.75922,12,13
6.42868,9.14031,-0.585639,30,6
26.1683,37.1923,10.4989,17,14
8.07986,11.4794,-0.245032,70,7
26.0133,36.9447,12.107,15,15
11.0786,15.6875,0.335226,23,8
0.341826,0.483852,-0.13677,13,1
14.5564,20.5968,1.3218,17,9
3.56896,5.04809,-1.20172,21,2
16.3527,23.1214,2.47766,35,10
4.0229,5.68595,-1.10318,22,3
18.833,26.6185,4.00365,13,11
4.60677,6.50878,-0.979098,24,4
22.6984,32.0582,6.2214,12,12
5.37222,7.58465,-0.813163,17,5
29.561,41.7196,9.93886,13,13
6.43788,9.08247,-0.583441,33,6
29.6838,41.8619,11.8477,21,14
8.08749,11.4055,-0.244054,88,7
26.207,36.945,12.1371,15,15
0.306855,0.431309,-0.141833,14,0
11.07,15.554,0.333236,22,8
0.327774,0.460371,-0.130472,14,1
14.8311,20.8232,1.3398,2,9
3.57061,5.01321,-1.19637,21,2
18.2646,25.6345,2.75377,24,10
4.04845,5.67991,-1.10474,20,3
18.345,25.7282,3.87983,12,11
4.62137,6.47892,-0.977149,20,4
22.8261,31.9893,6.22422,12,12
5.38725,7.54707,-0.811246,16,5
26.8264,37.5814,8.97527,20,13
6.45214,9.03556,-0.581871,37,6
8.08739,11.3172,-0.242798,79,7
26.4433,36.9902,12.1836,15,15
0.294926,0.411341,-0.135621,15,0
11.0706,15.4405,0.331631,22,8
0.343008,0.478227,-0.13587,13,1
14.1469,19.7165,1.27176,1,9
3.59011,5.00169,-1.19675,21,2
18.2016,25.3489,2.73024,16,10
4.05657,5.64739,-1.1013,22,3
18.8956,26.3057,3.97684,26,11
4.63816,6.45469,-0.97593,19,4
22.8846,31.8356,6.20982,18,12
5.39611,7.50396,-0.808631,16,5
26.9444,37.4558,8.96879,40,13
6.46888,8.98915,-0.580406,37,6
26.9848,37.4842,10.6631,18,14
8.10348,11.2564,-0.2421,79,7
27.358,37.9887,12.5439,16,15
