x, y, z, intensity, ring
1.28967,-0.414892,0.203758,19,32765
1.31654,-0.428135,0.208397,18,32765
1.31516,-0.432299,0.208475,19,32765
1.3137,-0.436591,0.208741,20,32765
1.30287,-0.437803,0.207248,20,32765
1.32014,-0.448403,0.210391,19,32765
1.32801,-0.45596,0.211846,19,32765
1.31716,-0.457096,0.210378,19,32765
1.29698,-0.454931,0.207341,19,32765
1.30478,-0.462513,0.208875,19,32765
1.28466,-0.460047,0.205922,20,32765
1.30177,-0.470877,0.208989,20,32765
1.28169,-0.468254,0.205933,19,32765
1.2616,-0.465573,0.202997,18,32765
1.26935,-0.473164,0.204338,19,32765
1.2678,-0.47729,0.204382,19,32765
1.27548,-0.48494,0.20585,18,32765
1.25543,-0.481982,0.202918,18,32765
1.26309,-0.489645,0.204327,21,32765
1.23386,-0.48295,0.19985,19,32765
1.26904,-0.50154,0.205928,19,32765
1.26738,-0.505694,0.205995,19,32765
1.24738,-0.502448,0.202963,19,32765
1.24572,-0.506472,0.203143,18,32765
1.24405,-0.510549,0.203164,19,32765
0,-0,0,0,32765
0,-0,0,0,32765
0,-0,0,0,32765
0,-0,0,0,32765
0,-0,0,0,32765
0,-0,0,0,32765
0,-0,0,0,32765
1.52846,-0.674948,0.253666,12,32765
1.50818,-0.671874,0.250743,13,32765
1.31657,-0.591708,0.219398,13,32765
1.3236,-0.600068,0.221152,14,32765
1.32158,-0.604417,0.221395,13,32765
1.45421,-0.670901,0.244033,12,32765
1.19202,-0.554732,0.200677,12,32765
0,-0,0,0,32765
0,-0,0,0,32765
0,-0,0,0,32765
0,-0,0,0,32765
0,-0,0,0,32765
0,-0,0,0,32765
0,-0,0,0,32765
0,-0,0,0,32765
0,-0,0,0,32765
0,-0,0,0,32765
0,-0,0,0,32765
1.32678,-0.682928,0.231011,13,32765
1.22791,-0.637337,0.214558,19,32765
0,-0,0,0,32765
0,-0,0,0,32765
0,-0,0,0,32765
0,-0,0,0,32765
0,-0,0,0,32765
0,-0,0,0,32765
0,-0,0,0,32765
0,-0,0,14,32765
0,-0,0,0,32765
0,-0,0,0,32765
0,-0,0,15,32765
0,-0,0,16,32765
0,-0,0,0,32765
0,-0,0,0,32765
1.43296,-0.836738,0.26247,13,32765
1.24286,-0.731269,0.228363,14,32765
1.32538,-0.785724,0.244154,14,32765
1.28879,-0.769854,0.238191,16,32765
1.31161,-0.789333,0.243156,16,32765
1.27517,-0.773179,0.237126,15,32765
1.29784,-0.792794,0.242277,16,32765
1.32882,-0.817778,0.248733,15,32765
1.25892,-0.780544,0.236348,12,32765
1.3987,-0.87354,0.26356,12,32765
0,-0,0,11,32765
0,-0,0,0,32765
0,-0,0,0,32765
0,-0,0,0,32765
0,-0,0,0,32765
0,-0,0,0,32765
0,-0,0,0,32765
0,-0,0,0,32765
0,-0,0,0,32765
0,-0,0,0,32765
0,-0,0,0,32765
0,-0,0,0,32765
0,-0,0,0,32765
0,-0,0,0,32765
0,-0,0,0,32765
0,-0,0,0,32765
0,-0,0,0,32765
0,-0,0,0,32765
0,-0,0,0,32765
0,-0,0,0,32765
0,-0,0,0,32765
0,-0,0,0,32765
0,-0,0,0,32765
0,-0,0,0,32765
0,-0,0,0,32765
1.32909,-0.427768,0.196546,20,32765
1.32771,-0.431967,0.196725,20,32765
1.34513,-0.44236,0.199595,21,32765
1.32485,-0.440508,0.197072,20,32765
1.32337,-0.444914,0.19707,20,32765
1.32189,-0.449228,0.197231,19,32765
1.32041,-0.453586,0.197194,19,32765
1.33761,-0.464441,0.200016,19,32765
1.31737,-0.46234,0.197165,20,32765
1.32516,-0.470002,0.198606,21,32765
1.31431,-0.470936,0.19724,20,32765
1.29416,-0.468401,0.194524,20,32765
1.30197,-0.475947,0.195852,19,32765
1.3004,-0.480185,0.195902,19,32765
1.30812,-0.487917,0.197145,20,32765
1.29725,-0.488685,0.195793,19,32765
1.29565,-0.492924,0.195769,20,32765
1.28479,-0.493576,0.194423,20,32765
1.29242,-0.501349,0.195737,20,32765
1.29077,-0.505569,0.195734,20,32765
1.29829,-0.513456,0.197247,20,32765
1.28739,-0.514042,0.195916,20,32765
1.29489,-0.521958,0.197268,20,32765
1.27483,-0.51868,0.194654,19,32765
1.26396,-0.519097,0.193275,19,32765
0,-0,0,0,32765
0,-0,0,0,32765
0,-0,0,0,32765
0,-0,0,0,32765
0,-0,0,0,32765
0,-0,0,0,32765
0,-0,0,0,32765
1.49416,-0.660333,0.23227,14,32765
1.40156,-0.624887,0.218267,13,32765
1.35433,-0.609181,0.211417,13,32765
1.34328,-0.609499,0.210263,12,32765
1.37723,-0.630401,0.216161,13,32765
1.34817,-0.622506,0.211966,14,32765
1.47168,-0.685468,0.232155,12,32765
0,-0,0,0,32765
0,-0,0,0,32765
0,-0,0,0,32765
0,-0,0,0,32765
0,-0,0,0,32765
0,-0,0,0,32765
0,-0,0,0,32765
0,-0,0,0,32765
0,-0,0,0,32765
0,-0,0,0,32765
0,-0,0,0,32765
1.24922,-0.643615,0.204005,15,32765
1.26453,-0.65697,0.207266,21,32765
0,-0,0,0,32765
0,-0,0,0,32765
0,-0,0,0,32765
0,-0,0,0,32765
0,-0,0,0,32765
0,-0,0,0,32765
0,-0,0,0,32765
1.18572,-0.656671,0.199363,13,32765
0,-0,0,0,32765
0,-0,0,0,32765
0,-0,0,13,32765
0,-0,0,13,32765
0,-0,0,0,32765
0,-0,0,0,32765
0,-0,0,0,32765
1.28693,-0.758009,0.222121,14,32765
1.30141,-0.772345,0.22521,14,32765
1.37518,-0.822349,0.238776,13,32765
0,-0,0,0,32765
1.4542,-0.882696,0.254088,12,32765
1.46808,-0.89778,0.257541,12,32765
0,-0,0,0,32765
0,-0,0,0,32765
0,-0,0,0,32765
1.30538,-0.822091,0.231821,15,32765
0,-0,0,0,32765
0,-0,0,0,32765
0,-0,0,0,32765
0,-0,0,0,32765
0,-0,0,0,32765
0,-0,0,0,32765
0,-0,0,0,32765
0,-0,0,0,32765
0,-0,0,0,32765
0,-0,0,0,32765
0,-0,0,0,32765
0,-0,0,0,32765
0,-0,0,0,32765
0,-0,0,0,32765
0,-0,0,0,32765
0,-0,0,0,32765
0,-0,0,0,32765
0,-0,0,0,32765
0,-0,0,0,32765
0,-0,0,0,32765
0,-0,0,0,32765
0,-0,0,0,32765
0,-0,0,0,32765
0,-0,0,0,32765
1.32297,-0.421227,0.179737,18,32765
1.33098,-0.428426,0.18176,20,32765
1.33897,-0.435747,0.18352,20,32765
1.30924,-0.430731,0.180203,19,32765
1.30773,-0.435035,0.180784,19,32765
1.30623,-0.439315,0.181255,19,32765
1.31414,-0.446717,0.182955,18,32765
1.30328,-0.447689,0.182058,18,32765
1.32988,-0.461605,0.186381,19,32765
1.31897,-0.462626,0.185448,19,32765
1.28003,-0.453646,0.18066,19,32765
1.29714,-0.464528,0.183676,19,32765
1.2676,-0.458668,0.180069,19,32765
1.26602,-0.462874,0.180415,19,32765
1.29235,-0.47733,0.184658,19,32765
1.28144,-0.4781,0.18369,18,32765
1.29838,-0.489241,0.186676,19,32765
1.25968,-0.479393,0.181598,19,32765
1.28581,-0.494195,0.185888,19,32765
1.27489,-0.494873,0.184845,18,32765
1.28245,-0.502659,0.186432,19,32765
1.28996,-0.510506,0.188106,19,32765
1.26982,-0.507411,0.185688,19,32765
1.26812,-0.511551,0.185956,19,32765
1.28474,-0.523207,0.188948,18,32765
1.25545,-0.516187,0.185166,17,32765
0,-0,0,0,32765
0,-0,0,0,32765
0,-0,0,0,32765
0,-0,0,0,32765
0,-0,0,0,32765
0,-0,0,0,32765
0,-0,0,0,32765
1.5581,-0.689587,0.234964,13,32765
1.32964,-0.593824,0.200844,13,32765
1.35474,-0.61034,0.205331,13,32765
1.35271,-0.614737,0.205588,12,32765
1.32365,-0.606801,0.201615,13,32765
1.27663,-0.590384,0.195114,13,32765
1.3554,-0.632353,0.207657,12,32765
0,-0,0,0,32765
0,-0,0,40,32765
0,-0,0,0,32765
0,-0,0,0,32765
0,-0,0,0,32765
0,-0,0,0,32765
0,-0,0,0,32765
0,-0,0,0,32765
0,-0,0,0,32765
0,-0,0,0,32765
0,-0,0,0,32765
1.20558,-0.622129,0.190896,16,32765
1.23855,-0.644475,0.196854,21,32765
1.24512,-0.653238,0.198365,20,32765
1.19908,-0.634282,0.191791,19,32765
1.22317,-0.652214,0.196122,19,32765
1.1861,-0.637496,0.190716,19,32765
1.2014,-0.650738,0.193873,18,32765
1.2079,-0.659392,0.195665,18,32765
1.20573,-0.663335,0.19569,17,32765
1.18621,-0.657611,0.193265,17,32765
1.19262,-0.666386,0.194874,17,32765
1.15588,-0.650838,0.189633,17,32765
1.21395,-0.688832,0.199864,17,32765
1.16867,-0.668276,0.192907,15,32765
1.1407,-0.657248,0.189048,15,32765
1.22409,-0.710699,0.203488,16,32765
1.13625,-0.664733,0.189647,14,32765
1.2022,-0.708683,0.201435,14,32765
1.17429,-0.697484,0.197359,13,32765
1.17195,-0.701294,0.197785,13,32765
1.09331,-0.65914,0.185213,12,32765
1.28563,-0.780882,0.218596,12,32765
1.20708,-0.738521,0.206023,12,32765
1.3562,-0.835918,0.232501,12,32765
0,-0,0,0,32765
0,-0,0,0,32765
0,-0,0,0,32765
0,-0,0,0,32765
0,-0,0,0,32765
0,-0,0,0,32765
0,-0,0,0,32765
0,-0,0,0,32765
0,-0,0,0,32765
0,-0,0,0,32765
0,-0,0,0,32765
0,-0,0,0,32765
0,-0,0,0,32765
0,-0,0,0,32765
0,-0,0,0,32765
0,-0,0,0,32765
0,-0,0,0,32765
0,-0,0,0,32765
0,-0,0,0,32765
0,-0,0,0,32765
0,-0,0,0,32765
0,-0,0,0,32765
0,-0,0,0,32765
0,-0,0,0,32765
0,-0,0,0,32765
0,-0,0,0,32765
1.31498,-0.418985,0.165444,21,32765
1.35136,-0.435304,0.170956,21,32765
1.33102,-0.433479,0.169034,20,32765
1.32013,-0.434637,0.168399,20,32765
1.32803,-0.442119,0.170193,21,32765
1.3077,-0.44014,0.16825,20,32765
1.31561,-0.44756,0.169857,19,32765
1.34228,-0.461445,0.17392,20,32765
1.33137,-0.462483,0.173097,20,32765
1.30172,-0.456936,0.169815,20,32765
1.30017,-0.461152,0.170296,20,32765
1.31728,-0.472119,0.173131,20,32765
1.30634,-0.473071,0.172271,19,32765
1.28607,-0.470593,0.170162,19,32765
1.31241,-0.485143,0.174129,20,32765
1.30146,-0.485978,0.17326,20,32765
1.30912,-0.493703,0.174825,21,32765
1.27964,-0.487402,0.171364,19,32765
1.28725,-0.495173,0.172891,20,32765
1.27631,-0.495857,0.171942,20,32765
1.31159,-0.514532,0.177179,20,32765
1.27295,-0.50422,0.172517,20,32765
1.28045,-0.512114,0.174039,20,32765
1.27873,-0.516296,0.174309,20,32765
1.24942,-0.509285,0.170837,17,32765
1.25685,-0.517233,0.17236,18,32765
0,-0,0,0,32765
0,-0,0,0,32765
0,-0,0,0,32765
0,-0,0,0,32765
0,-0,0,0,32765
0,-0,0,0,32765
0,-0,0,0,32765
1.39657,-0.618703,0.195985,13,32765
1.4488,-0.647685,0.203655,14,32765
1.35622,-0.611614,0.191316,14,32765
1.38127,-0.628344,0.195405,14,32765
1.35213,-0.620484,0.191715,14,32765
1.28701,-0.595793,0.183129,13,32765
1.27599,-0.595917,0.182014,12,32765
1.30087,-0.612888,0.186005,12,32765
0,-0,0,0,32765
0,-0,0,0,32765
0,-0,0,0,32765
0,-0,0,0,32765
0,-0,0,0,32765
0,-0,0,0,32765
0,-0,0,0,32765
0,-0,0,0,32765
0,-0,0,0,32765
0,-0,0,0,32765
1.22445,-0.632579,0.180705,17,32765
1.2926,-0.673358,0.191507,23,32765
1.29908,-0.682321,0.19293,24,32765
1.30547,-0.691343,0.194681,24,32765
1.28566,-0.686321,0.192206,23,32765
1.29208,-0.695264,0.193729,23,32765
1.28978,-0.699423,0.194108,23,32765
1.28743,-0.703628,0.194521,23,32765
1.27643,-0.703056,0.193233,24,32765
1.28276,-0.711977,0.194971,23,32765
1.27169,-0.711413,0.193865,22,32765
1.26066,-0.710691,0.192991,21,32765
1.22379,-0.695255,0.188032,20,32765
1.23866,-0.709156,0.190819,20,32765
1.21052,-0.698331,0.187264,19,32765
1.21675,-0.707301,0.188817,18,32765
1.2058,-0.706288,0.187901,18,32765
1.229,-0.725378,0.192289,18,32765
1.22657,-0.729437,0.192508,17,32765
1.16461,-0.697772,0.183574,17,32765
1.18771,-0.716951,0.18795,17,32765
1.17683,-0.715701,0.186938,16,32765
1.18292,-0.724655,0.188646,15,32765
1.18889,-0.733728,0.190471,15,32765
1.19491,-0.742755,0.192132,15,32765
0,-0,0,0,32765
0,-0,0,0,32765
0,-0,0,0,32765
0,-0,0,0,32765
0,-0,0,0,32765
0,-0,0,0,32765
0,-0,0,0,32765
0,-0,0,0,32765
0,-0,0,0,32765
0,-0,0,0,32765
0,-0,0,0,32765
0,-0,0,0,32765
0,-0,0,0,32765
0,-0,0,0,32765
0,-0,0,0,32765
0,-0,0,0,32765
0,-0,0,0,32765
0,-0,0,0,32765
0,-0,0,0,32765
0,-0,0,0,32765
0,-0,0,0,32765
0,-0,0,0,32765
0,-0,0,0,32765
0,-0,0,0,32765
0,-0,0,0,32765
1.3238,-0.421824,0.172077,20,32765
1.3603,-0.438163,0.176651,20,32765
1.32117,-0.430281,0.171386,19,32765
1.30097,-0.428322,0.168587,19,32765
1.32785,-0.44203,0.171801,20,32765
1.32643,-0.446309,0.171744,20,32765
1.3156,-0.447386,0.170424,20,32765
1.32357,-0.454846,0.171375,19,32765
1.32211,-0.459091,0.171323,20,32765
1.31126,-0.460114,0.169955,20,32765
1.30041,-0.46109,0.16858,19,32765
1.28956,-0.46202,0.167255,19,32765
1.28802,-0.466284,0.167303,19,32765
1.25852,-0.460271,0.163612,18,32765
1.29425,-0.478175,0.168387,19,32765
1.2927,-0.482383,0.168304,20,32765
1.28182,-0.483091,0.16723,20,32765
1.29879,-0.494349,0.169606,19,32765
1.26009,-0.484338,0.164902,18,32765
1.2585,-0.488476,0.164841,19,32765
1.25689,-0.492587,0.164906,19,32765
1.26449,-0.500349,0.166175,19,32765
1.26282,-0.504562,0.166147,19,32765
0,-0,0,0,32765
0,-0,0,0,32765
0,-0,0,0,32765
0,-0,0,0,32765
0,-0,0,0,32765
0,-0,0,0,32765
0,-0,0,0,32765
0,-0,0,0,32765
0,-0,0,0,32765
0,-0,0,0,32765
1.49755,-0.662543,0.202169,14,32765
1.42283,-0.635107,0.192591,13,32765
1.32121,-0.594856,0.179338,13,32765
1.35541,-0.615538,0.184342,12,32765
1.42553,-0.653016,0.194527,13,32765
1.23418,-0.570279,0.168781,12,32765
1.25921,-0.586965,0.172806,12,32765
0,-0,0,0,32765
0,-0,0,0,32765
0,-0,0,0,32765
0,-0,0,0,32765
0,-0,0,0,32765
0,-0,0,0,32765
0,-0,0,0,32765
0,-0,0,0,32765
0,-0,0,0,32765
0,-0,0,0,32765
1.32493,-0.677533,0.188447,12,32765
1.29615,-0.668309,0.185069,14,32765
1.27623,-0.663543,0.182916,24,32765
1.29155,-0.676994,0.185678,22,32765
1.24537,-0.658145,0.17974,23,32765
1.26063,-0.671616,0.182597,23,32765
1.26709,-0.680469,0.184231,23,32765
1.24733,-0.675227,0.182007,22,32765
0,-0,0,0,32765
0,-0,0,0,32765
0,-0,0,0,32765
0,-0,0,0,32765
0,-0,0,0,32765
0,-0,0,0,32765
0,-0,0,0,32765
0,-0,0,0,32765
0,-0,0,0,32765
1.18971,-0.69596,0.179824,13,32765
1.25568,-0.740177,0.190558,13,32765
1.18497,-0.70383,0.180445,12,32765
1.2677,-0.758618,0.193732,12,32765
1.17177,-0.706417,0.179794,12,32765
1.32196,-0.802879,0.203472,11,32765
0,-0,0,0,32765
0,-0,0,0,32765
0,-0,0,0,32765
0,-0,0,0,32765
0,-0,0,0,32765
0,-0,0,0,32765
0,-0,0,0,32765
0,-0,0,0,32765
1.17268,-0.760379,0.18639,12,32765
1.22,-0.796664,0.194514,12,32765
0,-0,0,0,32765
0,-0,0,0,32765
0,-0,0,0,32765
0,-0,0,0,32765
0,-0,0,0,32765
0,-0,0,0,32765
0,-0,0,0,32765
0,-0,0,0,32765
0,-0,0,0,32765
0,-0,0,0,32765
0,-0,0,0,32765
0,-0,0,0,32765
0,-0,0,0,32765
0,-0,0,0,32765
0,-0,0,0,32765
0,-0,0,0,32765
0,-0,0,0,32765
0,-0,0,0,32765
1.35359,-0.431661,0.162373,21,32765
1.32389,-0.426785,0.158634,20,32765
1.34143,-0.437245,0.160536,21,32765
1.34006,-0.441566,0.160175,21,32765
1.33864,-0.446007,0.159721,20,32765
1.3372,-0.450328,0.159664,19,32765
1.34516,-0.457844,0.160684,20,32765
1.34371,-0.462182,0.160414,21,32765
1.32345,-0.459975,0.158119,20,32765
1.33133,-0.467589,0.159085,21,32765
1.30172,-0.461986,0.155563,20,32765
1.30956,-0.469629,0.156569,20,32765
1.30799,-0.473968,0.156617,20,32765
1.2971,-0.47484,0.155444,20,32765
1.32349,-0.489458,0.158724,21,32765
1.33121,-0.497246,0.159757,20,32765
1.30167,-0.491066,0.156545,20,32765
1.30006,-0.495335,0.156497,20,32765
1.29842,-0.49958,0.156644,20,32765
1.28751,-0.500253,0.155463,20,32765
1.30436,-0.511725,0.157767,20,32765
1.28419,-0.508678,0.155587,20,32765
1.28249,-0.512965,0.155559,19,32765
0,-0,0,0,32765
0,-0,0,0,32765
0,-0,0,0,32765
0,-0,0,0,32765
0,-0,0,0,32765
0,-0,0,0,32765
0,-0,0,0,32765
0,-0,0,0,32765
0,-0,0,0,32765
0,-0,0,0,32765
1.46261,-0.647831,0.182201,14,32765
1.533,-0.68508,0.191496,14,32765
1.36772,-0.616517,0.17135,14,32765
1.35666,-0.616831,0.170307,14,32765
1.35459,-0.621258,0.170643,14,32765
1.34351,-0.62154,0.169624,14,32765
1.35939,-0.634423,0.172256,13,32765
1.46507,-0.689703,0.186459,12,32765
0,-0,0,0,32765
0,-0,0,0,32765
0,-0,0,0,32765
0,-0,0,0,32765
0,-0,0,0,32765
0,-0,0,0,32765
0,-0,0,0,32765
0,-0,0,0,32765
0,-0,0,0,32765
1.26421,-0.647311,0.166282,12,32765
1.37672,-0.710762,0.181814,14,32765
1.28616,-0.669568,0.170527,24,32765
1.31027,-0.687696,0.174275,25,32765
1.26401,-0.668868,0.16881,19,32765
1.22668,-0.654384,0.164438,15,32765
1.23321,-0.663143,0.165969,14,32765
1.1873,-0.643579,0.160387,13,32765
0,-0,0,0,32765
0,-0,0,0,32765
0,-0,0,0,32765
0,-0,0,0,32765
0,-0,0,0,32765
0,-0,0,0,32765
0,-0,0,0,32765
0,-0,0,0,32765
0,-0,0,0,32765
1.33632,-0.782812,0.187245,14,32765
1.3422,-0.792287,0.188857,16,32765
1.27127,-0.756145,0.17951,16,32765
1.32834,-0.796028,0.188265,17,32765
1.33419,-0.805472,0.189887,16,32765
1.27215,-0.773725,0.18164,14,32765
1.2865,-0.788213,0.184474,13,32765
0,-0,0,0,32765
0,-0,0,0,32765
0,-0,0,0,32765
0,-0,0,0,32765
0,-0,0,0,32765
0,-0,0,0,32765
0,-0,0,0,32765
1.24017,-0.805336,0.18306,22,32765
1.23754,-0.809329,0.183256,22,32765
1.23487,-0.813321,0.18359,22,32765
0,-0,0,0,32765
0,-0,0,0,32765
0,-0,0,0,32765
0,-0,0,0,32765
0,-0,0,0,32765
0,-0,0,0,32765
0,-0,0,0,32765
0,-0,0,0,32765
0,-0,0,0,32765
0,-0,0,0,32765
0,-0,0,0,32765
0,-0,0,0,32765
0,-0,0,0,32765
0,-0,0,0,32765
0,-0,0,0,32765
0,-0,0,0,32765
0,-0,0,0,32765
1.31894,-0.416136,0.139029,19,32765
1.32697,-0.423493,0.140692,19,32765
1.32553,-0.427772,0.14134,20,32765
1.31467,-0.42884,0.14089,20,32765
1.36051,-0.448549,0.146309,20,32765
1.32127,-0.440331,0.142712,18,32765
1.31033,-0.441436,0.142346,19,32765
1.33707,-0.455371,0.145845,20,32765
1.30733,-0.450024,0.143063,19,32765
1.3058,-0.454299,0.143478,20,32765
1.3043,-0.458516,0.143791,20,32765
1.31212,-0.466045,0.145406,20,32765
1.31055,-0.47033,0.145776,19,32765
1.28091,-0.464503,0.142857,19,32765
1.28864,-0.472196,0.144381,20,32765
1.28702,-0.4765,0.144662,19,32765
1.25746,-0.47026,0.141947,19,32765
1.29308,-0.488438,0.146521,19,32765
1.28217,-0.489085,0.145717,19,32765
1.27125,-0.489681,0.145066,19,32765
1.28813,-0.501063,0.147469,19,32765
1.26794,-0.498007,0.14568,19,32765
1.28476,-0.509489,0.148018,19,32765
0,-0,0,51,32765
0,-0,0,0,32765
0,-0,0,0,32765
0,-0,0,0,32765
0,-0,0,0,32765
0,-0,0,0,32765
0,-0,0,0,32765
0,-0,0,0,32765
0,-0,0,14,32765
0,-0,0,0,32765
0,-0,0,0,32765
0,-0,0,0,32765
1.45165,-0.649778,0.174682,13,32765
1.28639,-0.580902,0.155417,13,32765
1.36586,-0.622222,0.165406,13,32765
1.29152,-0.593486,0.156967,13,32765
1.41576,-0.656283,0.172643,13,32765
1.44055,-0.673634,0.176173,12,32765
1.35738,-0.64021,0.166563,12,32765
0,-0,0,0,32765
0,-0,0,0,32765
0,-0,0,0,32765
0,-0,0,0,32765
0,-0,0,0,32765
0,-0,0,0,32765
0,-0,0,0,32765
0,-0,0,0,32765
0,-0,0,0,32765
0,-0,0,0,32765
1.25319,-0.648405,0.159614,13,32765
1.26865,-0.661693,0.162128,24,32765
1.26638,-0.665939,0.162503,24,32765
0,-0,0,0,32765
0,-0,0,0,32765
0,-0,0,0,32765
0,-0,0,0,32765
0,-0,0,0,32765
0,-0,0,0,32765
0,-0,0,0,32765
0,-0,0,0,32765
0,-0,0,0,32765
0,-0,0,12,32765
1.29265,-0.741088,0.172786,12,32765
0,-0,0,0,32765
1.33916,-0.779506,0.18064,12,32765
1.31087,-0.768759,0.177549,14,32765
1.27407,-0.752874,0.173291,15,32765
1.29712,-0.772312,0.177262,16,32765
1.31152,-0.78684,0.180004,16,32765
1.32583,-0.801476,0.182794,15,32765
1.34012,-0.816114,0.18559,15,32765
1.31199,-0.80491,0.182488,14,32765
1.19952,-0.741266,0.167578,15,32765
1.13806,-0.708367,0.159789,16,32765
1.16093,-0.727895,0.163707,17,32765
1.1837,-0.747543,0.167707,19,32765
1.19796,-0.762045,0.170533,20,32765
1.20379,-0.771249,0.172218,21,32765
1.22625,-0.791278,0.176303,23,32765
1.24857,-0.811484,0.180467,22,32765
0,-0,0,0,32765
0,-0,0,0,32765
0,-0,0,0,32765
0,-0,0,0,32765
0,-0,0,0,32765
0,-0,0,0,32765
0,-0,0,0,32765
0,-0,0,0,32765
0,-0,0,0,32765
0,-0,0,0,32765
0,-0,0,0,32765
0,-0,0,0,32765
0,-0,0,0,32765
0,-0,0,54,32765
0,-0,0,0,32765
0,-0,0,0,32765
0,-0,0,0,32765
0,-0,0,0,32765
1.33899,-0.42293,0.127796,20,32765
1.34701,-0.430367,0.129375,20,32765
1.3266,-0.428594,0.128203,20,32765
1.32519,-0.432758,0.128767,20,32765
1.3427,-0.443176,0.130953,20,32765
1.33178,-0.444338,0.130502,20,32765
1.33026,-0.44866,0.131165,20,32765
1.34758,-0.459474,0.133457,20,32765
1.30839,-0.450907,0.130023,20,32765
1.30686,-0.455193,0.130439,20,32765
1.34291,-0.472641,0.134515,20,32765
1.32256,-0.470303,0.133219,20,32765
1.32098,-0.47463,0.133592,20,32765
1.33809,-0.485812,0.135701,21,32765
1.31771,-0.483425,0.134296,20,32765
1.29739,-0.480914,0.132675,20,32765
1.3144,-0.492147,0.135033,20,32765
1.29412,-0.489422,0.133487,20,32765
1.3018,-0.497176,0.134701,19,32765
1.29084,-0.497836,0.13415,20,32765
1.28916,-0.502081,0.134436,20,32765
1.306,-0.513591,0.136714,19,32765
1.27653,-0.506856,0.134016,19,32765
0,-0,0,0,32765
0,-0,0,0,32765
0,-0,0,0,32765
0,-0,0,0,32765
0,-0,0,0,32765
0,-0,0,0,32765
0,-0,0,0,32765
0,-0,0,0,32765
0,-0,0,0,32765
0,-0,0,0,32765
0,-0,0,0,32765
0,-0,0,0,32765
1.46184,-0.655213,0.16069,14,32765
1.3871,-0.62722,0.153122,14,32765
1.3488,-0.615277,0.149257,14,32765
1.34674,-0.619695,0.149596,14,32765
1.30854,-0.607405,0.145865,13,32765
1.4146,-0.662406,0.158164,12,32765
1.28643,-0.607581,0.144345,12,32765
1.38314,-0.658998,0.15573,12,32765
0,-0,0,0,32765
0,-0,0,0,32765
0,-0,0,0,32765
0,-0,0,0,32765
0,-0,0,0,32765
0,-0,0,0,32765
0,-0,0,0,32765
0,-0,0,0,32765
0,-0,0,0,32765
1.35124,-0.700146,0.157658,13,32765
1.25192,-0.653917,0.146585,21,32765
1.32008,-0.695193,0.155235,27,32765
0,-0,0,0,32765
0,-0,0,0,32765
0,-0,0,0,32765
0,-0,0,0,32765
0,-0,0,0,32765
0,-0,0,0,32765
0,-0,0,0,32765
0,-0,0,0,32765
0,-0,0,0,32765
1.21826,-0.694091,0.148961,20,32765
1.26764,-0.727867,0.155581,22,32765
1.27378,-0.737012,0.157176,24,32765
1.2885,-0.75118,0.159665,26,32765
1.29459,-0.760388,0.161109,27,32765
1.29201,-0.764669,0.161499,27,32765
1.28942,-0.768932,0.161978,27,32765
1.27828,-0.768103,0.161305,26,32765
1.28416,-0.777512,0.162819,27,32765
1.29854,-0.792046,0.165416,28,32765
1.28741,-0.791089,0.164749,27,32765
1.29325,-0.800469,0.16626,27,32765
1.28218,-0.799349,0.165705,26,32765
1.28793,-0.808817,0.167203,26,32765
1.26844,-0.802351,0.165492,25,32765
1.24899,-0.795797,0.163767,23,32765
1.2129,-0.778345,0.159868,19,32765
1.17692,-0.760683,0.155935,16,32765
1.10774,-0.721132,0.14759,13,32765
0,-0,0,0,32765
0,-0,0,0,32765
0,-0,0,0,32765
0,-0,0,0,32765
0,-0,0,0,32765
0,-0,0,0,32765
0,-0,0,0,32765
0,-0,0,0,32765
0,-0,0,0,32765
0,-0,0,0,32765
0,-0,0,0,32765
0,-0,0,0,32765
0,-0,0,0,32765
0,-0,0,0,32765
0,-0,0,0,32765
0,-0,0,0,32765
0,-0,0,0,32765
0,-0,0,0,32765
1.32908,-0.419585,0.132311,19,32765
1.3467,-0.429977,0.133846,20,32765
1.33582,-0.431409,0.132523,20,32765
1.33445,-0.435717,0.132236,19,32765
1.35198,-0.446199,0.134018,18,32765
1.3128,-0.437929,0.129919,19,32765
1.34913,-0.454883,0.133511,20,32765
1.30996,-0.446433,0.129617,19,32765
1.31792,-0.453908,0.13057,20,32765
1.30705,-0.454916,0.129495,20,32765
1.33374,-0.469058,0.132385,20,32765
1.27592,-0.453409,0.126647,19,32765
1.29316,-0.464359,0.128497,19,32765
1.29162,-0.46864,0.128458,19,32765
1.29004,-0.472963,0.128464,19,32765
1.28845,-0.477245,0.128564,20,32765
1.2589,-0.471018,0.125715,20,32765
1.28529,-0.485704,0.128579,19,32765
1.2651,-0.482752,0.126801,19,32765
1.26353,-0.486836,0.126793,19,32765
0,-0,0,0,32765
0,-0,0,0,32765
0,-0,0,0,32765
0,-0,0,0,32765
0,-0,0,0,32765
0,-0,0,0,32765
0,-0,0,0,32765
0,-0,0,0,32765
0,-0,0,0,32765
0,-0,0,0,32765
0,-0,0,0,32765
0,-0,0,0,32765
0,-0,0,0,32765
0,-0,0,0,32765
1.6472,-0.730264,0.171893,12,32765
1.42665,-0.638169,0.149411,13,32765
1.4608,-0.659242,0.153541,13,32765
1.4042,-0.639346,0.148138,14,32765
1.34779,-0.619076,0.142482,14,32765
1.30956,-0.606794,0.139135,13,32765
1.31656,-0.615289,0.140325,13,32765
1.31451,-0.619582,0.140644,12,32765
1.35736,-0.645325,0.145716,12,32765
0,-0,0,0,32765
0,-0,0,0,32765
0,-0,0,0,32765
0,-0,0,0,32765
0,-0,0,0,32765
0,-0,0,0,32765
0,-0,0,0,32765
0,-0,0,0,32765
0,-0,0,0,32765
1.40533,-0.726902,0.157328,12,32765
1.27934,-0.667142,0.143898,15,32765
1.29473,-0.680596,0.146147,26,32765
1.29242,-0.684901,0.146461,26,32765
1.42175,-0.759473,0.161928,13,32765
1.29652,-0.698175,0.148268,13,32765
1.21547,-0.659725,0.139664,14,32765
1.20452,-0.65897,0.138861,15,32765
1.21972,-0.672568,0.141168,16,32765
1.20008,-0.666874,0.139568,19,32765
1.19782,-0.670846,0.139944,21,32765
1.2389,-0.699223,0.145344,23,32765
1.24517,-0.708247,0.146734,24,32765
1.27731,-0.732147,0.151162,26,32765
1.27484,-0.736365,0.151482,26,32765
1.27235,-0.740626,0.151677,27,32765
1.27844,-0.749838,0.153083,27,32765
1.25877,-0.743946,0.151424,26,32765
1.27334,-0.758305,0.153867,27,32765
1.25373,-0.752275,0.152086,26,32765
1.25969,-0.761604,0.153429,26,32765
1.26564,-0.770906,0.154828,25,32765
1.24613,-0.764594,0.153172,25,32765
0,-0,0,0,32765
0,-0,0,0,32765
0,-0,0,0,32765
0,-0,0,0,32765
0,-0,0,0,32765
0,-0,0,0,32765
0,-0,0,0,32765
0,-0,0,0,32765
0,-0,0,0,32765
0,-0,0,0,32765
0,-0,0,0,32765
0,-0,0,0,32765
0,-0,0,0,32765
0,-0,0,0,32765
0,-0,0,0,32765
0,-0,0,0,32765
0,-0,0,0,32765
0,-0,0,0,32765
0,-0,0,0,32765
0,-0,0,0,32765
0,-0,0,0,32765
0,-0,0,0,32765
0,-0,0,0,32765
0,-0,0,0,32765
0,-0,0,0,32765
0,-0,0,0,32765
1.33956,-0.423396,0.120017,20,32765
1.34769,-0.430809,0.120513,21,32765
1.34628,-0.435313,0.12013,20,32765
1.33542,-0.436567,0.118997,20,32765
1.32457,-0.437693,0.118062,19,32765
1.34209,-0.448259,0.11939,20,32765
1.33121,-0.449405,0.118405,20,32765
1.31089,-0.447316,0.116567,20,32765
1.32827,-0.458057,0.118265,21,32765
1.33619,-0.465659,0.118959,21,32765
1.32527,-0.466684,0.118216,20,32765
1.33313,-0.474361,0.118904,21,32765
1.34093,-0.48215,0.119729,21,32765
1.31123,-0.476389,0.117178,20,32765
1.31898,-0.484221,0.118022,20,32765
1.31735,-0.488607,0.118124,20,32765
1.31574,-0.492951,0.118068,20,32765
1.3141,-0.497272,0.118141,21,32765
1.29386,-0.494407,0.116553,20,32765
1.28296,-0.495006,0.115706,18,32765
0,-0,0,0,32765
0,-0,0,0,32765
0,-0,0,0,32765
0,-0,0,0,32765
0,-0,0,0,32765
0,-0,0,0,32765
0,-0,0,0,32765
0,-0,0,0,32765
0,-0,0,0,32765
0,-0,0,0,32765
0,-0,0,0,32765
0,-0,0,0,32765
0,-0,0,0,32765
0,-0,0,0,32765
1.86675,-0.828837,0.175459,13,32765
1.47297,-0.659882,0.138976,14,32765
1.44352,-0.652428,0.136723,15,32765
1.35066,-0.615898,0.128431,14,32765
1.35764,-0.624553,0.129373,13,32765
1.38263,-0.641632,0.132466,13,32765
1.29027,-0.603928,0.124034,13,32765
1.31528,-0.620902,0.126956,13,32765
1.33117,-0.633853,0.128947,12,32765
0,-0,0,0,32765
0,-0,0,0,32765
0,-0,0,0,32765
0,-0,0,0,32765
0,-0,0,0,32765
0,-0,0,0,32765
0,-0,0,0,32765
0,-0,0,0,32765
0,-0,0,0,32765
0,-0,0,0,32765
1.2977,-0.677809,0.132112,12,32765
1.24256,-0.654232,0.126974,21,32765
1.32831,-0.705065,0.136302,28,32765
1.33471,-0.714141,0.137695,29,32765
1.32351,-0.713877,0.137131,29,32765
1.3386,-0.727754,0.139402,30,32765
1.32742,-0.727405,0.138714,29,32765
1.33368,-0.736626,0.13995,29,32765
1.33122,-0.740976,0.140412,30,32765
1.32871,-0.745392,0.14083,29,32765
1.31754,-0.744858,0.140261,29,32765
1.32367,-0.754162,0.141582,29,32765
1.31249,-0.753586,0.141019,28,32765
1.30995,-0.757928,0.141349,29,32765
1.31598,-0.767331,0.142481,29,32765
1.30482,-0.76662,0.14194,28,32765
1.30222,-0.770946,0.142351,28,32765
1.2996,-0.77528,0.142742,28,32765
1.29699,-0.779581,0.143037,27,32765
1.2688,-0.768444,0.140525,24,32765
1.23223,-0.75187,0.137107,19,32765
1.17885,-0.724584,0.131833,16,32765
0,-0,0,0,32765
0,-0,0,0,32765
0,-0,0,0,32765
0,-0,0,0,32765
0,-0,0,0,32765
0,-0,0,0,32765
0,-0,0,0,32765
0,-0,0,0,32765
0,-0,0,0,32765
0,-0,0,0,32765
0,-0,0,0,32765
0,-0,0,0,32765
0,-0,0,0,32765
0,-0,0,0,32765
0,-0,0,0,32765
0,-0,0,0,32765
0,-0,0,0,32765
0,-0,0,0,32765
0,-0,0,0,32765
0,-0,0,0,32765
0,-0,0,0,32765
0,-0,0,0,32765
0,-0,0,0,32765
0,-0,0,0,32765
0,-0,0,0,32765
0,-0,0,0,32765
1.3327,-0.416921,0.100403,19,32765
1.31228,-0.415217,0.0995338,19,32765
1.33938,-0.42858,0.102346,19,32765
1.33794,-0.432931,0.102892,19,32765
1.33646,-0.437327,0.103481,19,32765
1.32552,-0.43858,0.103188,19,32765
1.28623,-0.430185,0.100793,19,32765
1.31315,-0.443862,0.103528,19,32765
1.33056,-0.45456,0.105264,19,32765
1.34787,-0.46545,0.107241,19,32765
1.27095,-0.443651,0.101829,19,32765
1.28828,-0.454453,0.103523,19,32765
1.29613,-0.462043,0.104754,19,32765
1.29457,-0.466278,0.10519,19,32765
1.31175,-0.477343,0.107017,19,32765
1.31014,-0.481623,0.107525,19,32765
1.2992,-0.482433,0.106968,20,32765
1.31621,-0.493775,0.108937,19,32765
1.26791,-0.48053,0.105379,20,32765
1.27556,-0.488342,0.106611,18,32765
0,-0,0,0,32765
0,-0,0,0,32765
0,-0,0,0,32765
0,-0,0,0,32765
0,-0,0,0,32765
0,-0,0,0,32765
0,-0,0,0,32765
0,-0,0,0,32765
0,-0,0,0,32765
0,-0,0,0,32765
0,-0,0,0,32765
0,-0,0,0,32765
0,-0,0,0,32765
0,-0,0,0,32765
0,-0,0,0,32765
0,-0,0,0,32765
1.39106,-0.624661,0.125063,13,32765
1.34351,-0.608836,0.121221,13,32765
1.33237,-0.609199,0.12065,13,32765
1.30317,-0.601091,0.118533,13,32765
1.20173,-0.559182,0.109868,13,32765
1.31717,-0.618128,0.120767,13,32765
1.26104,-0.596919,0.116007,13,32765
1.36696,-0.652594,0.126206,12,32765
0,-0,0,0,32765
0,-0,0,0,32765
0,-0,0,0,32765
0,-0,0,0,32765
0,-0,0,0,32765
0,-0,0,0,32765
0,-0,0,0,32765
0,-0,0,0,32765
0,-0,0,0,32765
0,-0,0,0,32765
0,-0,0,0,32765
1.216,-0.641644,0.118511,18,32765
1.29297,-0.687823,0.12657,28,32765
1.29941,-0.696875,0.127652,28,32765
1.29707,-0.701142,0.128116,28,32765
1.29473,-0.705368,0.128544,29,32765
1.30112,-0.714385,0.129724,29,32765
1.29876,-0.718618,0.130018,28,32765
1.30504,-0.727767,0.131286,29,32765
1.29391,-0.727189,0.130778,29,32765
1.29144,-0.731471,0.131248,28,32765
1.28898,-0.735749,0.131578,29,32765
1.27785,-0.735036,0.131257,28,32765
1.28397,-0.744268,0.132599,28,32765
1.29009,-0.753474,0.133944,28,32765
1.2704,-0.747629,0.132447,27,32765
1.25932,-0.746712,0.132005,26,32765
0,-0,0,0,32765
0,-0,0,0,32765
0,-0,0,0,32765
0,-0,0,0,32765
0,-0,0,0,32765
0,-0,0,0,32765
0,-0,0,0,32765
0,-0,0,0,32765
0,-0,0,0,32765
0,-0,0,0,32765
0,-0,0,0,32765
0,-0,0,0,32765
0,-0,0,0,32765
0,-0,0,0,32765
0,-0,0,0,32765
0,-0,0,0,32765
0,-0,0,0,32765
0,-0,0,0,32765
0,-0,0,0,32765
0,-0,0,0,32765
0,-0,0,0,32765
0,-0,0,0,32765
0,-0,0,0,32765
0,-0,0,0,32765
0,-0,0,0,32765
0,-0,0,0,32765
0,-0,0,0,32765
0,-0,0,0,32765
0,-0,0,0,32765
0,-0,0,0,32765
1.34289,-0.420734,0.0878617,20,32765
1.36051,-0.431119,0.0896948,20,32765
1.35906,-0.435527,0.0903534,20,32765
1.3576,-0.43995,0.0909078,20,32765
1.33714,-0.438203,0.0902257,19,32765
1.31671,-0.436322,0.0893843,19,32765
1.34365,-0.450067,0.0918921,20,32765
1.33272,-0.451156,0.091764,20,32765
1.32179,-0.452249,0.0913587,20,32765
1.32969,-0.45987,0.0924894,20,32765
1.33752,-0.467602,0.0937637,21,32765
1.31714,-0.465349,0.0926329,20,32765
1.29677,-0.462985,0.0917861,20,32765
1.31399,-0.474001,0.0935595,20,32765
1.32178,-0.481736,0.0945326,20,32765
1.31079,-0.48261,0.0943707,20,32765
1.29984,-0.483423,0.093909,20,32765
1.3262,-0.4983,0.096369,20,32765
1.29651,-0.492142,0.0946455,16,32765
1.27619,-0.48935,0.0937419,14,32765
0,-0,0,0,32765
0,-0,0,0,32765
0,-0,0,0,32765
0,-0,0,0,32765
0,-0,0,0,32765
0,-0,0,0,32765
0,-0,0,0,32765
0,-0,0,0,32765
0,-0,0,0,32765
0,-0,0,0,32765
0,-0,0,0,32765
0,-0,0,0,32765
0,-0,0,0,32765
0,-0,0,0,32765
0,-0,0,0,32765
0,-0,0,0,32765
1.75552,-0.789641,0.139646,16,32765
1.42584,-0.647231,0.113859,14,32765
1.3783,-0.631259,0.11049,14,32765
1.349,-0.623286,0.108667,14,32765
1.31072,-0.610934,0.106176,14,32765
1.32676,-0.623689,0.107802,13,32765
1.30664,-0.619558,0.106547,13,32765
1.30456,-0.623872,0.106792,13,32765
1.30245,-0.628202,0.107129,12,32765
1.11199,-0.540962,0.0918981,11,32765
0,-0,0,0,32765
0,-0,0,0,32765
0,-0,0,0,32765
0,-0,0,0,32765
0,-0,0,0,32765
0,-0,0,0,32765
0,-0,0,0,32765
0,-0,0,0,32765
0,-0,0,0,32765
1.26934,-0.670992,0.110166,13,32765
1.25826,-0.670557,0.109722,21,32765
1.32624,-0.712544,0.116087,29,32765
1.33261,-0.721655,0.117333,30,32765
1.3302,-0.726007,0.117775,30,32765
1.33653,-0.735159,0.11887,30,32765
1.3341,-0.739517,0.119172,30,32765
1.3229,-0.739078,0.118796,30,32765
1.32041,-0.743448,0.119171,30,32765
1.30922,-0.742908,0.118864,29,32765
1.29806,-0.742305,0.11841,27,32765
1.27827,-0.736643,0.117394,23,32765
1.18095,-0.685824,0.109089,18,32765
1.18727,-0.694714,0.110304,15,32765
1.22787,-0.723954,0.114582,12,32765
0,-0,0,0,32765
0,-0,0,0,32765
0,-0,0,0,32765
0,-0,0,0,32765
0,-0,0,0,32765
0,-0,0,0,32765
0,-0,0,0,32765
0,-0,0,0,32765
0,-0,0,0,32765
0,-0,0,0,32765
0,-0,0,0,32765
0,-0,0,0,32765
0,-0,0,0,32765
0,-0,0,0,32765
0,-0,0,0,32765
0,-0,0,0,32765
0,-0,0,0,32765
0,-0,0,0,32765
0,-0,0,0,32765
0,-0,0,0,32765
0,-0,0,0,32765
0,-0,0,24,32765
0,-0,0,0,32765
0,-0,0,0,32765
0,-0,0,0,32765
0,-0,0,0,32765
0,-0,0,0,32765
0,-0,0,0,32765
0,-0,0,0,32765
0,-0,0,0,32765
0,-0,0,0,32765
1.33309,-0.417472,0.0926675,18,32765
1.34125,-0.424862,0.0929861,19,32765
1.3494,-0.432248,0.0931671,19,32765
1.33852,-0.433508,0.0923699,19,32765
1.31816,-0.43161,0.0909059,19,32765
1.32622,-0.43908,0.0914136,19,32765
1.31532,-0.440258,0.0905683,19,32765
1.30444,-0.441346,0.0897282,20,32765
1.31245,-0.448803,0.0903415,19,32765
1.32041,-0.456331,0.0909951,19,32765
1.30005,-0.454133,0.0896051,19,32765
1.30796,-0.461729,0.0902812,19,32765
1.31584,-0.469367,0.0909435,18,32765
1.29552,-0.466885,0.089666,20,32765
1.31275,-0.477911,0.0910548,19,32765
1.30181,-0.47879,0.0902304,19,32765
1.29087,-0.479571,0.089787,19,32765
1.31731,-0.494345,0.0917716,19,32765
0,-0,0,0,32765
0,-0,0,0,32765
0,-0,0,0,32765
0,-0,0,0,32765
0,-0,0,0,32765
0,-0,0,0,32765
0,-0,0,0,32765
0,-0,0,0,32765
0,-0,0,0,32765
0,-0,0,0,32765
0,-0,0,0,32765
0,-0,0,0,32765
0,-0,0,0,32765
0,-0,0,0,32765
0,-0,0,0,32765
0,-0,0,0,32765
0,-0,0,0,32765
1.78664,-0.795001,0.132224,17,32765
1.82038,-0.817274,0.135259,18,32765
1.5359,-0.695675,0.114638,14,32765
1.4428,-0.659335,0.10823,13,32765
1.34997,-0.622344,0.101809,14,32765
1.43832,-0.668938,0.108943,14,32765
1.2464,-0.584694,0.0949388,12,32765
1.27146,-0.601653,0.0974675,13,32765
1.34147,-0.640255,0.10316,13,32765
1.19549,-0.575462,0.0924186,12,32765
1.22943,-0.59689,0.0955462,11,32765
0,-0,0,0,32765
0,-0,0,0,32765
0,-0,0,0,32765
0,-0,0,0,32765
0,-0,0,0,32765
0,-0,0,0,32765
0,-0,0,0,32765
0,-0,0,0,32765
0,-0,0,0,32765
0,-0,0,0,32765
1.29438,-0.688507,0.106913,13,32765
1.29208,-0.692749,0.107318,26,32765
1.30731,-0.706488,0.109218,29,32765
1.29618,-0.706033,0.10873,29,32765
1.30252,-0.715152,0.109952,29,32765
1.3001,-0.71948,0.110369,30,32765
0,-0,0,0,32765
0,-0,0,0,32765
0,-0,0,0,32765
0,-0,0,0,32765
0,-0,0,0,32765
0,-0,0,0,32765
0,-0,0,0,32765
0,-0,0,0,32765
0,-0,0,0,32765
0,-0,0,0,32765
0,-0,0,0,32765
0,-0,0,11,32765
0,-0,0,11,32765
0,-0,0,0,32765
0,-0,0,0,32765
0,-0,0,0,32765
0,-0,0,0,32765
0,-0,0,0,32765
0,-0,0,0,32765
0,-0,0,0,32765
0,-0,0,0,32765
0,-0,0,0,32765
0,-0,0,0,32765
0,-0,0,0,32765
0,-0,0,0,32765
0,-0,0,0,32765
0,-0,0,0,32765
0,-0,0,0,32765
0,-0,0,0,32765
0,-0,0,0,32765
0,-0,0,0,32765
0,-0,0,0,32765
1.16517,-0.820779,0.116657,15,32765
0,-0,0,0,32765
0,-0,0,0,32765
0,-0,0,0,32765
0,-0,0,0,32765
0,-0,0,0,32765
0,-0,0,0,32765
1.36226,-0.427272,0.0812039,19,32765
1.36086,-0.431754,0.080856,20,32765
1.35948,-0.436169,0.0803745,19,32765
1.34858,-0.437465,0.0796707,20,32765
1.33769,-0.438707,0.0789541,20,32765
1.34572,-0.446256,0.079366,20,32765
1.34426,-0.450675,0.07917,20,32765
1.32387,-0.448656,0.0778641,20,32765
1.3602,-0.465897,0.080051,21,32765
1.34923,-0.467064,0.0794993,20,32765
1.3571,-0.47485,0.0799618,20,32765
1.32729,-0.469336,0.0783237,20,32765
1.31633,-0.470334,0.0777815,20,32765
1.34296,-0.484799,0.0794713,21,32765
1.32262,-0.482319,0.0784503,20,32765
1.31166,-0.483233,0.0777192,19,32765
1.32877,-0.494495,0.0790418,19,32765
1.39255,-0.523477,0.0829734,14,32765
0,-0,0,0,32765
0,-0,0,0,32765
0,-0,0,0,32765
0,-0,0,0,32765
0,-0,0,0,32765
0,-0,0,0,32765
0,-0,0,0,32765
0,-0,0,0,32765
0,-0,0,0,32765
0,-0,0,0,32765
0,-0,0,0,32765
0,-0,0,0,32765
0,-0,0,0,32765
0,-0,0,0,32765
0,-0,0,0,32765
0,-0,0,0,32765
0,-0,0,0,32765
0,-0,0,0,32765
1.96656,-0.884533,0.125798,12,32765
1.80905,-0.820911,0.116303,13,32765
1.45227,-0.664896,0.0938887,15,32765
1.40472,-0.648785,0.0913576,15,32765
1.37537,-0.640854,0.0898775,15,32765
1.36418,-0.641142,0.0897082,15,32765
1.32592,-0.628597,0.0878174,14,32765
1.3148,-0.628707,0.0873801,14,32765
1.24974,-0.602711,0.0835427,13,32765
1.37336,-0.66803,0.0923468,12,32765
0,-0,0,0,32765
0,-0,0,0,32765
0,-0,0,0,32765
0,-0,0,0,32765
0,-0,0,0,32765
0,-0,0,0,32765
0,-0,0,0,32765
0,-0,0,0,32765
0,-0,0,0,32765
0,-0,0,0,32765
1.28585,-0.685303,0.0924947,12,32765
1.2396,-0.665912,0.0897172,14,32765
1.29002,-0.698514,0.09397,24,32765
1.33148,-0.726687,0.0974182,30,32765
1.32901,-0.731133,0.0979164,28,32765
1.29162,-0.716202,0.0957558,15,32765
0,-0,0,0,32765
0,-0,0,0,32765
0,-0,0,0,32765
0,-0,0,0,32765
0,-0,0,0,32765
0,-0,0,0,32765
0,-0,0,15,32765
0,-0,0,15,32765
0,-0,0,15,32765
0,-0,0,15,32765
0,-0,0,16,32765
0,-0,0,16,32765
0,-0,0,15,32765
0,-0,0,0,32765
0,-0,0,0,32765
0,-0,0,0,32765
0,-0,0,0,32765
0,-0,0,0,32765
0,-0,0,0,32765
0,-0,0,0,32765
0,-0,0,0,32765
0,-0,0,0,32765
0,-0,0,0,32765
0,-0,0,0,32765
1.21937,-0.814388,0.104011,19,32765
1.23321,-0.829515,0.105771,18,32765
0,-0,0,0,32765
0,-0,0,0,32765
0,-0,0,0,32765
0,-0,0,0,32765
0,-0,0,0,32765
1.20863,-0.847486,0.106704,16,32765
1.24663,-0.880111,0.110512,17,32765
0,-0,0,0,32765
0,-0,0,0,32765
0,-0,0,0,32765
0,-0,0,0,32765
0,-0,0,0,32765
0,-0,0,0,32765
0,-0,0,0,32765
0,-0,0,0,32765
0,-0,0,0,32765
0,-0,0,0,32765
1.3491,-0.438463,0.0639123,17,32765
1.31914,-0.433582,0.0631122,18,32765
1.31768,-0.437923,0.0634843,19,32765
1.33519,-0.448495,0.0649886,19,32765
1.32425,-0.449612,0.0649802,19,32765
1.31331,-0.450649,0.0650597,20,32765
1.3401,-0.464829,0.0668006,19,32765
1.31967,-0.462685,0.0662724,19,32765
1.3087,-0.4637,0.0661686,19,32765
1.30716,-0.467965,0.0667145,19,32765
1.31497,-0.475677,0.0677241,20,32765
1.2946,-0.473189,0.0671978,19,32765
1.28363,-0.47404,0.0670019,18,32765
0,-0,0,0,32765
0,-0,0,0,32765
0,-0,0,0,32765
0,-0,0,0,32765
0,-0,0,0,32765
0,-0,0,0,32765
0,-0,0,0,32765
0,-0,0,0,32765
0,-0,0,0,32765
0,-0,0,0,32765
0,-0,0,0,32765
0,-0,0,0,32765
0,-0,0,0,32765
0,-0,0,0,32765
0,-0,0,0,32765
0,-0,0,0,32765
0,-0,0,0,32765
0,-0,0,0,32765
0,-0,0,0,32765
0,-0,0,0,32765
0,-0,0,0,32765
0,-0,0,0,32765
0,-0,0,0,32765
1.40429,-0.650552,0.0851683,13,32765
1.34782,-0.629864,0.0821635,14,32765
1.35469,-0.638669,0.0830934,14,32765
1.3886,-0.660337,0.0857522,14,32765
1.30534,-0.626113,0.0810365,13,32765
1.39307,-0.67399,0.0871097,13,32765
1.2203,-0.595461,0.0767002,12,32765
1.0033,-0.493726,0.0634449,11,32765
0,-0,0,0,32765
0,-0,0,0,32765
0,-0,0,0,32765
0,-0,0,0,32765
0,-0,0,0,32765
0,-0,0,0,32765
0,-0,0,0,32765
0,-0,0,0,32765
0,-0,0,0,32765
0,-0,0,0,32765
0,-0,0,0,32765
1.2019,-0.652415,0.0817671,20,32765
1.28725,-0.704373,0.0880397,28,32765
1.2936,-0.713485,0.0890555,27,32765
1.24757,-0.693547,0.0863402,14,32765
0,-0,0,0,32765
0,-0,0,0,32765
0,-0,0,0,32765
0,-0,0,0,32765
0,-0,0,0,32765
0,-0,0,0,32765
0,-0,0,0,32765
0,-0,0,0,32765
0,-0,0,0,32765
0,-0,0,0,32765
0,-0,0,0,32765
0,-0,0,0,32765
0,-0,0,0,32765
0,-0,0,11,32765
0,-0,0,12,32765
0,-0,0,11,32765
0,-0,0,0,32765
0,-0,0,0,32765
0,-0,0,0,32765
0,-0,0,0,32765
0,-0,0,0,32765
0,-0,0,0,32765
1.12429,-0.741531,0.0927597,13,32765
1.17165,-0.778372,0.0973669,17,32765
1.23536,-0.826565,0.103818,19,32765
0,-0,0,0,32765
0,-0,0,0,32765
0,-0,0,0,32765
0,-0,0,0,32765
0,-0,0,0,32765
0,-0,0,0,32765
1.2159,-0.854296,0.10893,16,32765
1.23753,-0.875426,0.111978,17,32765
1.22651,-0.873639,0.111899,16,32765
0,-0,0,0,32765
0,-0,0,0,32765
0,-0,0,0,32765
0,-0,0,0,32765
0,-0,0,0,32765
0,-0,0,0,32765
0,-0,0,0,32765
0,-0,0,0,32765
0,-0,0,0,32765
0,-0,0,0,32765
0,-0,0,0,32765
0,-0,0,0,32765
0,-0,0,0,32765
1.24742,-0.428846,0.0493656,13,32765
1.27429,-0.442837,0.0508083,16,32765
1.32936,-0.466963,0.0534828,19,32765
1.33721,-0.474699,0.0542403,20,32765
1.33562,-0.479065,0.0547987,19,32765
1.3434,-0.486888,0.0557264,20,32765
1.32299,-0.484489,0.0553984,17,32765
1.41506,-0.523579,0.059649,11,32765
0,-0,0,0,32765
0,-0,0,0,32765
0,-0,0,0,32765
0,-0,0,0,32765
0,-0,0,0,32765
0,-0,0,0,32765
0,-0,0,0,32765
0,-0,0,0,32765
0,-0,0,0,32765
0,-0,0,0,32765
0,-0,0,0,32765
0,-0,0,0,32765
0,-0,0,0,32765
0,-0,0,0,32765
0,-0,0,0,32765
0,-0,0,0,32765
0,-0,0,0,32765
0,-0,0,0,32765
0,-0,0,0,32765
0,-0,0,0,32765
0,-0,0,0,32765
0,-0,0,0,32765
0,-0,0,0,32765
1.4407,-0.668768,0.0724359,14,32765
1.42034,-0.665102,0.0718336,14,32765
1.43613,-0.678439,0.0731508,15,32765
1.37972,-0.657455,0.0708316,14,32765
1.35049,-0.649092,0.0697496,15,32765
1.38422,-0.671079,0.072092,15,32765
1.33707,-0.653781,0.0700464,15,32765
1.27215,-0.627319,0.0671116,13,32765
1.37733,-0.68499,0.0731876,13,32765
0,-0,0,0,32765
0,-0,0,0,32765
0,-0,0,0,32765
0,-0,0,0,32765
0,-0,0,0,32765
0,-0,0,0,32765
0,-0,0,0,32765
0,-0,0,0,32765
0,-0,0,0,32765
0,-0,0,0,32765
1.29845,-0.706322,0.0744543,12,32765
1.26101,-0.69149,0.072741,16,32765
1.31111,-0.724691,0.0761955,27,32765
1.30866,-0.729071,0.0765043,28,32765
0,-0,0,0,32765
0,-0,0,0,32765
0,-0,0,0,32765
0,-0,0,0,32765
0,-0,0,0,32765
0,-0,0,0,32765
0,-0,0,0,32765
0,-0,0,0,32765
0,-0,0,0,32765
0,-0,0,0,32765
0,-0,0,0,32765
0,-0,0,0,32765
0,-0,0,0,32765
0,-0,0,12,32765
0,-0,0,12,32765
0,-0,0,12,32765
0,-0,0,0,32765
0,-0,0,0,32765
0,-0,0,0,32765
0,-0,0,0,32765
0,-0,0,0,32765
1.22686,-0.805117,0.0866638,19,32765
1.23245,-0.814713,0.0878443,20,32765
1.18816,-0.791137,0.0853691,17,32765
0,-0,0,0,32765
0,-0,0,0,32765
0,-0,0,0,32765
0,-0,0,0,32765
0,-0,0,0,32765
0,-0,0,0,32765
0,-0,0,0,32765
1.24839,-0.879152,0.0975499,17,32765
1.25366,-0.888888,0.0990553,17,32765
1.21823,-0.869756,0.0971371,13,32765
0,-0,0,0,32765
0,-0,0,0,32765
0,-0,0,0,32765
0,-0,0,0,32765
0,-0,0,0,32765
0,-0,0,0,32765
0,-0,0,0,32765
0,-0,0,0,32765
0,-0,0,0,32765
0,-0,0,0,32765
0,-0,0,0,32765
0,-0,0,0,32765
0,-0,0,0,32765
1.26649,-0.43495,0.0492438,13,32765
1.3028,-0.452259,0.05075,16,32765
1.29187,-0.453258,0.0503447,18,32765
1.29978,-0.460842,0.0508509,20,32765
1.28883,-0.461796,0.0505192,19,32765
1.2967,-0.469458,0.0508355,19,32765
0,-0,0,0,32765
0,-0,0,0,32765
0,-0,0,0,32765
0,-0,0,0,32765
0,-0,0,0,32765
0,-0,0,0,32765
0,-0,0,0,32765
0,-0,0,0,32765
0,-0,0,0,32765
0,-0,0,0,32765
0,-0,0,0,32765
0,-0,0,0,32765
0,-0,0,0,32765
0,-0,0,0,32765
0,-0,0,0,32765
0,-0,0,0,32765
0,-0,0,0,32765
0,-0,0,0,32765
0,-0,0,0,32765
0,-0,0,0,32765
0,-0,0,0,32765
0,-0,0,0,32765
0,-0,0,0,32765
0,-0,0,0,32765
0,-0,0,0,32765
0,-0,0,0,32765
1.56599,-0.731766,0.0713915,14,32765
1.40087,-0.660251,0.0642268,14,32765
1.35354,-0.643435,0.0626086,15,32765
1.34235,-0.643659,0.0624843,14,32765
1.32217,-0.639472,0.062083,15,32765
1.36489,-0.665795,0.0648438,13,32765
1.16541,-0.573346,0.0556246,13,32765
1.36038,-0.674897,0.0654554,13,32765
1.52788,-0.764325,0.0741535,12,32765
0,-0,0,0,32765
0,-0,0,0,32765
0,-0,0,0,32765
0,-0,0,0,32765
0,-0,0,0,32765
0,-0,0,0,32765
0,-0,0,0,32765
0,-0,0,0,32765
0,-0,0,0,32765
0,-0,0,0,32765
1.2794,-0.70007,0.0680415,13,32765
1.20707,-0.665722,0.0647851,18,32765
1.26597,-0.703644,0.068673,26,32765
1.28101,-0.717654,0.069901,26,32765
1.24385,-0.702202,0.0682296,15,32765
0,-0,0,0,32765
0,-0,0,0,32765
0,-0,0,0,32765
0,-0,0,0,32765
0,-0,0,0,32765
0,-0,0,0,32765
0,-0,0,0,32765
0,-0,0,13,32765
0,-0,0,0,32765
0,-0,0,0,32765
0,-0,0,13,32765
0,-0,0,0,32765
0,-0,0,0,32765
0,-0,0,0,32765
0,-0,0,0,32765
0,-0,0,0,32765
1.22729,-0.787067,0.0767747,12,32765
1.13244,-0.731438,0.071279,16,32765
1.22209,-0.79505,0.0774563,19,32765
0,-0,0,0,32765
0,-0,0,0,32765
0,-0,0,0,32765
0,-0,0,0,32765
0,-0,0,0,32765
0,-0,0,0,32765
0,-0,0,0,32765
0,-0,0,0,32765
1.16542,-0.807541,0.0780099,15,32765
1.24467,-0.868428,0.0838061,17,32765
1.24182,-0.872474,0.084054,17,32765
0,-0,0,0,32765
0,-0,0,0,32765
0,-0,0,0,32765
0,-0,0,0,32765
0,-0,0,0,32765
0,-0,0,0,32765
0,-0,0,0,32765
0,-0,0,0,32765
0,-0,0,0,32765
0,-0,0,0,32765
0,-0,0,0,32765
0,-0,0,0,32765
0,-0,0,0,32765
0,-0,0,0,32765
0,-0,0,0,32765
0,-0,0,0,32765
1.71833,-0.597714,0.0498089,11,32765
1.49001,-0.523839,0.0431983,12,32765
1.62956,-0.578943,0.0474741,12,32765
0,-0,0,0,32765
1.43774,-0.521588,0.0419702,12,32765
0,-0,0,0,32765
0,-0,0,0,32765
0,-0,0,0,32765
0,-0,0,0,32765
0,-0,0,0,32765
0,-0,0,0,32765
0,-0,0,0,32765
0,-0,0,0,32765
0,-0,0,0,32765
0,-0,0,0,32765
0,-0,0,0,32765
0,-0,0,0,32765
0,-0,0,0,32765
0,-0,0,0,32765
0,-0,0,0,32765
0,-0,0,0,32765
0,-0,0,0,32765
0,-0,0,0,32765
0,-0,0,0,32765
2.56176,-1.12704,0.0845633,15,32765
0,-0,0,0,32765
0,-0,0,0,32765
0,-0,0,0,32765
0,-0,0,0,32765
0,-0,0,0,32765
0,-0,0,0,32765
0,-0,0,12,32765
1.49117,-0.704356,0.0528786,14,32765
1.42565,-0.679206,0.0511142,15,32765
1.34226,-0.64504,0.0484968,15,32765
1.38503,-0.671362,0.0505835,14,32765
1.32887,-0.649666,0.0492457,14,32765
1.37149,-0.676234,0.051106,15,32765
1.36027,-0.676347,0.0511905,14,32765
1.46521,-0.734613,0.0557281,13,32765
0,-0,0,0,32765
0,-0,0,0,32765
0,-0,0,0,32765
0,-0,0,0,32765
0,-0,0,0,32765
0,-0,0,0,32765
0,-0,0,0,32765
0,-0,0,0,32765
0,-0,0,0,32765
0,-0,0,0,32765
0,-0,0,0,32765
1.3206,-0.730006,0.0567315,12,32765
1.31816,-0.734341,0.0573592,15,32765
1.22854,-0.689847,0.0538311,20,32765
1.29584,-0.733244,0.0571269,26,32765
0,-0,0,0,32765
0,-0,0,0,32765
0,-0,0,0,32765
0,-0,0,0,32765
0,-0,0,0,32765
0,-0,0,0,32765
0,-0,0,0,32765
0,-0,0,13,32765
0,-0,0,0,32765
0,-0,0,0,32765
0,-0,0,14,32765
0,-0,0,0,32765
0,-0,0,0,32765
0,-0,0,0,32765
0,-0,0,0,32765
1.23801,-0.790084,0.0631372,20,32765
1.23538,-0.794172,0.0635433,21,32765
1.24116,-0.803607,0.0642933,20,32765
1.21339,-0.791312,0.0633582,17,32765
0,-0,0,0,32765
0,-0,0,0,32765
0,-0,0,0,32765
0,-0,0,0,32765
0,-0,0,0,32765
0,-0,0,0,32765
0,-0,0,0,32765
1.19223,-0.822646,0.0658441,16,32765
1.23886,-0.86058,0.0688376,17,32765
1.24424,-0.870306,0.0695975,17,32765
1.26588,-0.891618,0.0712254,17,32765
0,-0,0,0,32765
0,-0,0,0,32765
0,-0,0,0,32765
0,-0,0,0,32765
0,-0,0,0,32765
0,-0,0,0,32765
0,-0,0,0,32765
0,-0,0,0,32765
0,-0,0,11,32765
0,-0,0,0,32765
0,-0,0,0,32765
0,-0,0,0,32765
0,-0,0,0,32765
0,-0,0,13,32765
0,-0,0,13,32765
0,-0,0,12,32765
0,-0,0,12,32765
0,-0,0,0,32765
0,-0,0,0,32765
0,-0,0,0,32765
0,-0,0,0,32765
0,-0,0,0,32765
0,-0,0,13,32765
0,-0,0,0,32765
0,-0,0,12,32765
0,-0,0,0,32765
0,-0,0,0,32765
1.49199,-0.576798,0.0356723,11,32765
0,-0,0,0,32765
1.53459,-0.605073,0.0376403,12,32765
0,-0,0,0,32765
1.32645,-0.53321,0.0334259,12,32765
0,-0,0,0,32765
0,-0,0,0,32765
1.44111,-0.596121,0.0378458,12,32765
1.3653,-0.570127,0.0362786,12,32765
1.4831,-0.625242,0.0397472,12,32765
1.83053,-0.778973,0.0497303,12,32765
1.80953,-0.777192,0.0497463,13,32765
0,-0,0,0,32765
3.02242,-1.32201,0.085227,12,32765
2.7802,-1.22714,0.0789972,15,32765
2.70302,-1.20385,0.077666,13,32765
2.60774,-1.172,0.0756738,13,32765
2.59461,-1.17671,0.0764169,14,32765
2.58153,-1.18128,0.0766843,14,32765
2.61376,-1.20683,0.0787595,15,32765
2.54627,-1.186,0.0774873,14,32765
2.57848,-1.21144,0.0796388,14,32765
1.40015,-0.663455,0.0435674,14,32765
1.47007,-0.702605,0.0462915,14,32765
1.37763,-0.664159,0.0439062,14,32765
1.24951,-0.607626,0.0402963,13,32765
1.23845,-0.607474,0.0400825,14,32765
1.26327,-0.624916,0.0414641,14,32765
1.25225,-0.624622,0.0415499,13,32765
1.33049,-0.669251,0.0445784,13,32765
1.25688,-0.637598,0.0426455,12,32765
1.56615,-0.801198,0.0533815,12,32765
1.22588,-0.632326,0.0423249,12,32765
0,-0,0,0,32765
0,-0,0,0,32765
0,-0,0,0,32765
0,-0,0,0,32765
0,-0,0,0,32765
0,-0,0,0,32765
0,-0,0,0,32765
0,-0,0,0,32765
0,-0,0,0,32765
0,-0,0,0,32765
0,-0,0,0,32765
1.25167,-0.710265,0.0494522,23,32765
1.25795,-0.719394,0.0502103,24,32765
1.21227,-0.698583,0.0488734,18,32765
0,-0,0,0,32765
0,-0,0,0,32765
0,-0,0,0,32765
0,-0,0,0,32765
0,-0,0,0,32765
0,-0,0,0,32765
0,-0,0,0,32765
0,-0,0,0,32765
0,-0,0,0,32765
0,-0,0,0,32765
0,-0,0,0,32765
1.14966,-0.72456,0.0538353,13,32765
1.19786,-0.760463,0.0568158,18,32765
1.22898,-0.785956,0.0590352,20,32765
1.20957,-0.77914,0.0589112,19,32765
1.19858,-0.777711,0.0590122,19,32765
0,-0,0,0,32765
0,-0,0,0,32765
0,-0,0,0,32765
0,-0,0,0,32765
0,-0,0,0,32765
0,-0,0,0,32765
0,-0,0,0,32765
0,-0,0,0,32765
1.21597,-0.84096,0.067879,17,32765
1.2214,-0.85059,0.0691426,17,32765
1.23498,-0.86597,0.0709298,17,32765
1.22393,-0.86424,0.0712511,16,32765
0,-0,0,0,32765
0,-0,0,0,32765
0,-0,0,0,32765
0,-0,0,0,32765
0,-0,0,0,32765
6.91595,-2.14145,0.0385031,23,32765
6.96622,-2.18174,0.0432663,23,32765
7.0354,-2.22831,0.0472431,23,32765
6.95186,-2.22691,0.0496074,23,32765
6.94443,-2.2499,0.0530064,29,32765
7.04151,-2.30695,0.0561829,22,32765
7.05287,-2.33634,0.0592924,19,32765
6.72281,-2.2513,0.0594779,20,32765
6.52584,-2.2095,0.0607195,20,32765
6.49958,-2.22449,0.0630385,18,32765
0,-0,0,12,32765
6.61677,-2.31384,0.0683132,16,32765
6.69389,-2.36573,0.0719245,13,32765
6.68608,-2.38762,0.0745375,12,32765
6.5747,-2.37228,0.0754438,16,32765
6.55736,-2.39072,0.0767237,17,32765
0,-0,0,16,32765
0,-0,0,17,32765
0,-0,0,15,32765
0,-0,0,13,32765
1.37237,-0.526453,0.0184528,13,32765
1.51044,-0.585261,0.0208887,13,32765
1.50847,-0.590298,0.0213527,13,32765
1.42279,-0.562272,0.0205212,13,32765
1.44878,-0.578091,0.0214576,13,32765
1.4932,-0.601616,0.0225017,12,32765
0,-0,0,0,32765
0,-0,0,0,32765
1.90272,-0.788875,0.0306187,12,32765
1.84471,-0.772095,0.0302331,13,32765
1.74996,-0.739447,0.0290554,14,32765
1.82103,-0.776723,0.0308788,14,32765
1.81841,-0.782814,0.0313985,14,32765
0,-0,0,0,32765
0,-0,0,0,32765
2.91685,-1.29045,0.0529342,12,32765
2.53818,-1.13307,0.0468348,12,32765
0,-0,0,11,32765
0,-0,0,0,32765
0,-0,0,11,32765
0,-0,0,12,32765
0,-0,0,0,32765
0,-0,0,12,32765
0,-0,0,11,32765
1.70419,-0.816428,0.0359362,12,32765
1.46735,-0.709088,0.0314781,14,32765
1.37505,-0.670262,0.0299968,15,32765
1.33686,-0.657305,0.0292959,15,32765
1.34359,-0.666232,0.0300364,14,32765
1.29666,-0.64832,0.0294298,13,32765
1.32124,-0.666188,0.0303948,14,32765
1.32786,-0.675221,0.031088,14,32765
1.26327,-0.64781,0.0297498,13,32765
1.30548,-0.675012,0.0312981,12,32765
0,-0,0,0,32765
0,-0,0,0,32765
0,-0,0,0,32765
0,-0,0,0,32765
0,-0,0,0,32765
0,-0,0,0,32765
0,-0,0,0,32765
0,-0,0,0,32765
0,-0,0,0,32765
0,-0,0,0,32765
0,-0,0,0,32765
1.19913,-0.682133,0.0344618,12,32765
1.21418,-0.69608,0.0353628,15,32765
1.24648,-0.720086,0.0367801,21,32765
1.27865,-0.744306,0.0383292,25,32765
0,-0,0,0,32765
0,-0,0,0,32765
0,-0,0,0,32765
0,-0,0,0,32765
0,-0,0,0,32765
0,-0,0,0,32765
0,-0,0,0,32765
0,-0,0,0,32765
0,-0,0,0,32765
0,-0,0,0,32765
1.2337,-0.779508,0.0441315,20,32765
1.23954,-0.788931,0.0450617,20,32765
1.22848,-0.787644,0.0453754,20,32765
1.20068,-0.775392,0.0451242,14,32765
0,-0,0,0,32765
0,-0,0,0,32765
0,-0,0,0,32765
0,-0,0,0,32765
0,-0,0,0,32765
0,-0,0,0,32765
0,-0,0,0,32765
0,-0,0,0,32765
0,-0,0,0,32765
1.2072,-0.837073,0.0536811,17,32765
1.22903,-0.858139,0.0555882,17,32765
1.27527,-0.896568,0.0587007,17,32765
1.25598,-0.889194,0.0587616,17,32765
0,-0,0,0,32765
0,-0,0,0,32765
0,-0,0,0,32765
0,-0,0,0,32765
0,-0,0,0,32765
7.17459,-2.21824,0.0689608,19,32765
7.21501,-2.25669,0.0678214,18,32765
7.15039,-2.26221,0.0660019,18,32765
7.04783,-2.25478,0.0636483,17,32765
6.95488,-2.24988,0.0617616,24,32765
7.01409,-2.29414,0.0624248,16,32765
7.07307,-2.33887,0.0625351,14,32765
6.82832,-2.28264,0.0599986,14,32765
6.51742,-2.20328,0.0563476,16,32765
6.51938,-2.22858,0.0570119,16,32765
6.55912,-2.26678,0.0574589,14,32765
6.6178,-2.31115,0.0582912,13,32765
6.69523,-2.36229,0.0586252,13,32765
6.77227,-2.41431,0.0596859,13,32765
6.64198,-2.39254,0.0591085,13,32765
6.58693,-2.39768,0.0596057,17,32765
6.57884,-2.4198,0.0594475,20,32765
0,-0,0,16,32765
0,-0,0,15,32765
0,-0,0,14,32765
1.30738,-0.500592,0.0125577,12,32765
1.46426,-0.566242,0.0142353,12,32765
1.47171,-0.574679,0.0146107,12,32765
1.40468,-0.553861,0.0141436,12,32765
1.48646,-0.591785,0.0152889,13,32765
0,-0,0,0,32765
0,-0,0,0,32765
0,-0,0,0,32765
0,-0,0,0,32765
0,-0,0,0,32765
1.74147,-0.734154,0.0201917,13,32765
1.87704,-0.798641,0.0222735,13,32765
1.8652,-0.80089,0.0225191,13,32765
1.85332,-0.803161,0.0228271,12,32765
2.84916,-1.24621,0.0363728,13,32765
2.87238,-1.26793,0.0374432,13,32765
2.79502,-1.24504,0.0367299,12,32765
3.11915,-1.40198,0.0421183,12,32765
2.88674,-1.30922,0.039737,12,32765
2.74598,-1.25638,0.0387634,12,32765
0,-0,0,0,32765
2.56526,-1.19453,0.0378371,12,32765
0,-0,0,0,32765
0,-0,0,0,32765
0,-0,0,0,32765
0,-0,0,0,32765
1.5107,-0.734545,0.0248895,14,32765
1.37355,-0.673614,0.0227456,15,32765
1.27267,-0.629485,0.0215783,14,32765
1.30631,-0.651646,0.0225638,13,32765
1.31302,-0.660553,0.0233011,14,32765
1.23052,-0.624284,0.0223079,14,32765
1.33521,-0.683089,0.0247287,14,32765
1.29738,-0.669171,0.0247036,13,32765
0,-0,0,0,32765
1.31056,-0.687141,0.0259576,12,32765
0,-0,0,0,32765
0,-0,0,0,32765
0,-0,0,0,32765
0,-0,0,0,32765
0,-0,0,0,32765
0,-0,0,0,32765
0,-0,0,0,32765
0,-0,0,0,32765
0,-0,0,0,32765
0,-0,0,0,32765
1.28426,-0.734895,0.0316689,13,32765
1.29047,-0.744142,0.0323666,16,32765
1.24476,-0.723301,0.0317823,23,32765
1.25959,-0.737532,0.0327653,24,32765
1.21407,-0.716318,0.0320245,19,32765
1.22026,-0.725472,0.0326218,12,32765
0,-0,0,0,32765
0,-0,0,0,32765
0,-0,0,0,32765
1.23609,-0.757205,0.0350497,12,32765
1.13146,-0.698309,0.0325535,16,32765
1.23952,-0.770632,0.0361905,20,32765
1.22849,-0.7694,0.036467,20,32765
1.20902,-0.762785,0.036332,20,32765
1.24869,-0.793553,0.0379893,19,32765
0,-0,0,0,32765
0,-0,0,0,32765
0,-0,0,0,32765
0,-0,0,0,32765
0,-0,0,0,32765
0,-0,0,0,32765
0,-0,0,0,32765
0,-0,0,0,32765
0,-0,0,0,32765
1.222,-0.83388,0.0418229,16,32765
1.22752,-0.843503,0.0424286,17,32765
1.21657,-0.841764,0.0423307,17,32765
1.20564,-0.83996,0.0424296,16,32765
1.22746,-0.861068,0.0435381,16,32765
0,-0,0,0,32765
0,-0,0,0,32765
0,-0,0,0,32765
0,-0,0,0,32765
0,-0,0,0,32765
0,-0,0,0,32765
5.53052,-1.71391,-0.00132001,16,32765
5.41035,-1.69618,-0.00248823,17,32765
5.42381,-1.71998,-0.00346572,17,32765
5.34205,-1.71307,-0.00453079,17,32765
5.30792,-1.72114,-0.00535255,17,32765
5.30231,-1.73835,-0.00529516,17,32765
5.26815,-1.74616,-0.00562234,17,32765
5.25294,-1.76017,-0.00594592,17,32765
5.19958,-1.76195,-0.00667426,17,32765
5.22194,-1.78932,-0.00624077,18,32765
5.18755,-1.79706,-0.00617717,17,32765
5.20055,-1.82054,-0.0059977,17,32765
5.19467,-1.83724,-0.00631588,17,32765
5.18864,-1.85419,-0.00606913,17,32765
5.1825,-1.87131,-0.00567416,17,32765
5.18558,-1.89214,-0.00495985,17,32765
5.17917,-1.90959,-0.00508069,17,32765
5.20094,-1.93719,-0.00436675,18,32765
5.02601,-1.89105,-0.0033532,17,32765
5.08519,-1.93246,-0.00350719,14,32765
1.43773,-0.551843,-0.000659879,13,32765
1.42656,-0.553009,-0.000505685,14,32765
1.42474,-0.557696,-0.00022902,14,32765
1.46008,-0.577114,-4.65854e-05,14,32765
1.43959,-0.574531,0.000247866,14,32765
0,-0,0,0,32765
0,-0,0,0,32765
0,-0,0,0,32765
0,-0,0,0,32765
0,-0,0,0,32765
1.75934,-0.743524,0.00246751,13,32765
1.77525,-0.757208,0.00294803,14,32765
1.80029,-0.774941,0.00333779,13,32765
2.82492,-1.22726,0.00588605,13,32765
2.87568,-1.26095,0.00724273,19,32765
2.82568,-1.25043,0.00783776,19,32765
2.87623,-1.28442,0.00824014,20,32765
2.84454,-1.28176,0.00913748,21,32765
2.8311,-1.28721,0.00979479,19,32765
2.83589,-1.30077,0.0107652,18,32765
2.83148,-1.31033,0.011483,17,32765
2.89052,-1.34939,0.0127163,18,32765
2.79548,-1.31652,0.0129468,17,32765
2.78199,-1.32164,0.0140354,17,32765
2.79555,-1.33966,0.0150823,16,32765
2.81803,-1.36211,0.0164595,15,32765
2.83146,-1.38023,0.0171211,16,32765
2.79086,-1.37218,0.0170657,14,32765
1.40654,-0.697476,0.00913373,15,32765
1.35944,-0.679884,0.00923729,15,32765
1.40176,-0.707004,0.0101647,15,32765
1.32805,-0.675493,0.0101159,15,32765
1.36134,-0.698246,0.0108793,15,32765
1.33236,-0.68898,0.0113188,14,32765
1.31231,-0.684184,0.0116307,14,32765
1.23918,-0.651393,0.0114325,13,32765
0,-0,0,0,32765
0,-0,0,0,32765
0,-0,0,0,32765
0,-0,0,0,32765
0,-0,0,0,32765
0,-0,0,0,32765
0,-0,0,0,32765
0,-0,0,0,32765
0,-0,0,0,32765
0,-0,0,0,32765
0,-0,0,0,32765
0,-0,0,0,32765
1.28733,-0.750016,0.0189365,12,32765
1.25033,-0.734047,0.0189672,14,32765
1.21344,-0.717849,0.0188266,18,32765
1.26256,-0.752621,0.0200123,21,32765
0,-0,0,0,32765
0,-0,0,0,32765
1.24645,-0.759945,0.0212779,22,32765
1.25245,-0.769288,0.0217804,22,32765
1.25837,-0.778724,0.0223801,21,32765
1.27276,-0.793434,0.0231514,22,32765
1.24473,-0.781676,0.0232213,20,32765
1.24212,-0.785793,0.023601,20,32765
1.23953,-0.789872,0.0239868,19,32765
0,-0,0,0,32765
0,-0,0,11,32765
6.15861,-4.00975,0.126143,17,32765
0,-0,0,12,32765
0,-0,0,11,32765
0,-0,0,0,32765
0,-0,0,0,32765
0,-0,0,0,32765
0,-0,0,0,32765
1.24594,-0.852591,0.0285658,17,32765
1.23492,-0.850968,0.0287035,17,32765
1.28145,-0.889148,0.0300503,17,32765
1.23758,-0.864647,0.0294842,17,32765
1.20206,-0.845637,0.0289424,16,32765
0,-0,0,0,32765
0,-0,0,0,32765
0,-0,0,0,32765
0,-0,0,0,32765
0,-0,0,0,32765
0,-0,0,0,32765
3.75614,-1.15467,-0.0550461,17,32765
3.85738,-1.19971,-0.0543384,17,32765
3.82486,-1.20327,-0.0520549,16,32765
4.00196,-1.2734,-0.0525406,18,32765
3.85497,-1.2407,-0.0485547,15,32765
4.07913,-1.32751,-0.0496813,17,32765
3.95132,-1.30018,-0.046736,16,32765
4.14638,-1.37923,-0.0468381,16,32765
4.14184,-1.39284,-0.045548,17,32765
4.08037,-1.38737,-0.0432206,16,32765
4.07571,-1.40107,-0.0413366,16,32765
4.08043,-1.41806,-0.0396435,16,32765
4.17944,-1.46819,-0.039822,15,32765
4.14629,-1.47204,-0.0375582,16,32765
4.2261,-1.51617,-0.0371399,16,32765
4.18353,-1.51638,-0.0347016,15,32765
4.30057,-1.57489,-0.0345621,16,32765
4.48297,-1.65836,-0.0346755,14,32765
4.45877,-1.66609,-0.0329979,16,32765
4.26613,-1.61023,-0.0300239,15,32765
4.33551,-1.65292,-0.0289434,15,32765
1.39974,-0.539121,-0.00895414,12,32765
1.37926,-0.536645,-0.00819215,13,32765
1.41465,-0.555977,-0.00805106,13,32765
1.46854,-0.582853,-0.0079013,13,32765
1.46659,-0.587745,-0.00738489,13,32765
1.79831,-0.727735,-0.00848738,12,32765
1.93476,-0.790405,-0.00866211,12,32765
1.88589,-0.7778,-0.00794446,12,32765
1.82788,-0.761065,-0.00702088,12,32765
1.8253,-0.767227,-0.00642482,12,32765
0,-0,-0,0,32765
0,-0,-0,0,32765
0,-0,-0,0,32765
2.88716,-1.25966,-0.00659096,13,32765
2.83711,-1.2493,-0.00600897,15,32765
2.8603,-1.27105,-0.00491049,16,32765
2.91082,-1.30507,-0.00410226,19,32765
2.82446,-1.27766,-0.0030949,18,32765
2.85649,-1.30386,-0.00211117,19,32765
2.82478,-1.30105,-0.0014146,19,32765
2.78405,-1.29383,-0.000488569,18,32765
2.87023,-1.34562,0.000303577,18,32765
2.72113,-1.28669,0.00144401,17,32765
2.77095,-1.32163,0.00168985,15,32765
2.75755,-1.32648,0.00258415,16,32765
2.76209,-1.34006,0.00374511,16,32765
2.86531,-1.40217,0.00372919,17,32765
2.70816,-1.33651,0.00423421,16,32765
1.42344,-0.70845,0.00297781,14,32765
1.51046,-0.758027,0.00345127,14,32765
1.32947,-0.672745,0.00344379,14,32765
1.32719,-0.677235,0.00392919,14,32765
1.28041,-0.65888,0.00418242,13,32765
1.39354,-0.723141,0.00499869,12,32765
1.28476,-0.672209,0.00520037,13,32765
1.30019,-0.685842,0.00578378,13,32765
1.2714,-0.676103,0.00608923,13,32765
0,-0,0,0,32765
0,-0,0,0,32765
0,-0,0,0,32765
0,-0,0,0,32765
0,-0,0,0,32765
0,-0,0,0,32765
0,-0,0,0,32765
0,-0,0,0,32765
0,-0,0,0,32765
0,-0,0,0,32765
0,-0,0,0,32765
0,-0,0,0,32765
0,-0,0,0,32765
1.17817,-0.699041,0.0126552,14,32765
1.21017,-0.723469,0.0135511,18,32765
1.22489,-0.737799,0.0143137,20,32765
1.25664,-0.762569,0.0153291,21,32765
1.21146,-0.740628,0.0153811,20,32765
1.25159,-0.770814,0.0165154,20,32765
1.25754,-0.780184,0.0172858,21,32765
1.22956,-0.768361,0.0176743,19,32765
1.19318,-0.751066,0.017803,19,32765
1.23295,-0.781714,0.0190996,18,32765
1.23876,-0.791193,0.0197559,18,32765
0,-0,0,0,32765
0,-0,0,15,32765
0,-0,0,14,32765
0,-0,0,12,32765
0,-0,0,0,32765
0,-0,0,0,32765
0,-0,0,0,32765
1.10151,-0.74501,0.0232427,14,32765
1.23958,-0.844227,0.0270441,18,32765
1.26155,-0.865203,0.0284305,17,32765
1.20115,-0.8295,0.027911,16,32765
1.21486,-0.844791,0.029215,16,32765
1.20388,-0.843023,0.029952,15,32765
1.21745,-0.858458,0.0311811,16,32765
0,-0,0,0,32765
0,-0,0,0,32765
0,-0,0,0,32765
0,-0,0,0,32765
0,-0,0,0,32765
3.03809,-0.9364,-0.0744418,18,32765
3.00639,-0.937502,-0.0719852,17,32765
3.0987,-0.977392,-0.0727454,18,32765
3.08598,-0.984522,-0.0709922,17,32765
3.07322,-0.991689,-0.0690894,18,32765
3.12702,-1.02033,-0.0690286,18,32765
3.16167,-1.04307,-0.0687137,18,32765
3.12986,-1.04383,-0.0663888,17,32765
3.19274,-1.07648,-0.0668003,18,32765
3.19861,-1.09041,-0.065662,18,32765
3.14769,-1.08489,-0.0632335,17,32765
3.24789,-1.13169,-0.0638959,19,32765
3.29124,-1.1592,-0.0641678,18,32765
3.24971,-1.15675,-0.061867,17,32765
3.32113,-1.19462,-0.0623667,17,32765
3.32662,-1.20893,-0.0608651,18,32765
3.32261,-1.21994,-0.0599716,18,32765
3.36548,-1.24823,-0.0597682,17,32765
3.41754,-1.28037,-0.0595898,18,32765
3.4507,-1.30587,-0.058956,18,32765
3.42767,-1.31023,-0.057363,19,32765
3.41386,-1.31833,-0.0562221,17,32765
3.41867,-1.33364,-0.0547801,18,32765
3.56295,-1.40397,-0.0562523,18,32765
3.47461,-1.38267,-0.0538212,17,32765
3.31226,-1.3309,-0.0502057,18,32765
3.09465,-1.25563,-0.0459701,17,32765
2.9702,-1.21661,-0.0434391,17,32765
2.92916,-1.21127,-0.0421025,16,32765
2.91585,-1.21727,-0.0408665,15,32765
2.93016,-1.23489,-0.0401656,14,32765
0,-0,-0,0,32765
0,-0,-0,0,32765
0,-0,-0,0,32765
2.88575,-1.26238,-0.0361473,13,32765
2.72594,-1.20354,-0.0337352,13,32765
2.87714,-1.28194,-0.0344935,13,32765
2.80904,-1.26279,-0.0328535,13,32765
2.70464,-1.22673,-0.0308237,13,32765
2.91868,-1.3358,-0.0322657,13,32765
2.71438,-1.25355,-0.0294016,13,32765
2.8551,-1.3304,-0.030041,14,32765
2.76917,-1.30173,-0.0284002,12,32765
2.84618,-1.34943,-0.0280237,13,32765
2.71534,-1.29859,-0.0265627,13,32765
2.76505,-1.33367,-0.0261871,14,32765
2.81453,-1.36919,-0.0255215,13,32765
2.77395,-1.36113,-0.0253494,14,32765
2.87692,-1.42364,-0.0255831,13,32765
2.7737,-1.38422,-0.0232448,13,32765
2.51003,-1.26309,-0.020592,11,32765
1.41788,-0.719435,-0.0112225,14,32765
1.38873,-0.710571,-0.0105013,15,32765
1.35964,-0.70156,-0.00988881,15,32765
1.33061,-0.692379,-0.00927446,14,32765
1.29284,-0.678294,-0.0084382,14,32765
1.32592,-0.701336,-0.00814601,15,32765
1.29709,-0.691664,-0.00754951,14,32765
1.28588,-0.691427,-0.00669615,13,32765
1.33633,-0.724287,-0.00656813,13,32765
1.2198,-0.666454,-0.00548588,11,32765
0,-0,-0,0,32765
0,-0,-0,0,32765
0,-0,-0,0,32765
0,-0,-0,0,32765
0,-0,-0,0,32765
0,-0,-0,0,32765
0,-0,-0,0,32765
0,-0,-0,0,32765
0,-0,-0,0,32765
0,-0,-0,0,32765
0,-0,-0,0,32765
1.19217,-0.714722,0.000360799,11,32765
1.28394,-0.775558,0.00098895,13,32765
1.27284,-0.774585,0.0016071,15,32765
1.21912,-0.747426,0.00212108,18,32765
1.25069,-0.772448,0.00277441,21,32765
1.23965,-0.771272,0.00340601,21,32765
1.2456,-0.78061,0.00417964,20,32765
1.25995,-0.795361,0.00488909,20,32765
1.17296,-0.745811,0.00519559,14,32765
0,-0,0,0,32765
0,-0,0,0,32765
0,-0,0,0,32765
0,-0,0,0,32765
0,-0,0,0,32765
0,-0,0,0,32765
0,-0,0,0,32765
1.21919,-0.82119,0.0111834,17,32765
1.22477,-0.830784,0.0120468,18,32765
1.21382,-0.829088,0.0127806,17,32765
1.21935,-0.838695,0.0136867,17,32765
1.24128,-0.859717,0.0147735,17,32765
1.23847,-0.863733,0.0157151,17,32765
1.19471,-0.839054,0.016124,16,32765
1.26543,-0.89491,0.017974,16,32765
0,-0,0,0,32765
0,-0,0,11,32765
0,-0,0,13,32765
0,-0,0,13,32765
0,-0,0,13,32765
3.33493,-1.02647,-0.0686493,17,32765
3.16928,-0.986784,-0.0659423,15,32765
3.21371,-1.01211,-0.0677807,16,32765
3.22947,-1.02858,-0.0681233,16,32765
3.19752,-1.02998,-0.0679876,16,32765
3.2036,-1.04362,-0.0682797,16,32765
3.13367,-1.03228,-0.067291,16,32765
3.26299,-1.08699,-0.0703414,17,32765
3.20257,-1.07853,-0.0686865,16,32765
3.18953,-1.08584,-0.0686619,16,32765
3.15765,-1.08639,-0.0676879,16,32765
3.12576,-1.08682,-0.0673364,17,32765
3.15046,-1.10711,-0.0669946,16,32765
3.05251,-1.08423,-0.064882,15,32765
3.21821,-1.15537,-0.0682876,16,32765
3.18612,-1.15595,-0.0672667,16,32765
3.19169,-1.16988,-0.0671233,16,32765
3.1972,-1.18386,-0.0669582,17,32765
3.07157,-1.14881,-0.0640126,15,32765
3.22672,-1.21915,-0.0669439,17,32765
3.22264,-1.22992,-0.0663126,16,32765
3.21849,-1.24076,-0.0660025,17,32765
3.1491,-1.22616,-0.0637848,16,32765
3.05198,-1.20003,-0.061314,16,32765
3.09444,-1.22862,-0.0617866,16,32765
3.19246,-1.27978,-0.0628135,16,32765
3.22524,-1.30546,-0.0631765,17,32765
3.12832,-1.27841,-0.060541,16,32765
3.14252,-1.2965,-0.0601345,16,32765
2.88889,-1.20341,-0.0548981,15,32765
2.79264,-1.17444,-0.052395,14,32765
2.77947,-1.17997,-0.051416,14,32765
2.80309,-1.20107,-0.0511929,14,32765
2.83581,-1.22624,-0.0512971,14,32765
2.82254,-1.23172,-0.0504806,13,32765
2.7818,-1.22508,-0.0486777,14,32765
2.87815,-1.27918,-0.0497034,13,32765
2.76433,-1.23984,-0.0467226,13,32765
2.85125,-1.29038,-0.0470581,13,32765
2.81049,-1.28342,-0.0457974,13,32765
2.77893,-1.28031,-0.0441453,12,32765
2.73841,-1.27266,-0.0431651,13,32765
2.80657,-1.31578,-0.0433048,12,32765
2.96485,-1.40216,-0.0450278,13,32765
2.7796,-1.32611,-0.041088,12,32765
2.70305,-1.30076,-0.0392043,12,32765
2.84268,-1.37954,-0.0403061,12,32765
2.78416,-1.36269,-0.0393334,13,32765
2.73476,-1.34989,-0.0373758,13,32765
2.89129,-1.43939,-0.0389373,12,32765
2.73444,-1.373,-0.0359707,12,32765
2.68517,-1.3597,-0.033954,12,32765
1.62968,-0.832256,-0.019879,13,32765
1.4224,-0.732446,-0.0170037,14,32765
1.34894,-0.700365,-0.0157263,14,32765
1.30229,-0.681704,-0.0148797,14,32765
1.34425,-0.709348,-0.0148391,15,32765
1.27123,-0.676311,-0.0135413,14,32765
1.31294,-0.704358,-0.0129209,14,32765
1.34579,-0.727725,-0.0125737,13,32765
1.18528,-0.646139,-0.0105906,12,32765
0,-0,-0,0,32765
0,-0,-0,0,32765
0,-0,-0,0,32765
0,-0,-0,0,32765
0,-0,-0,0,32765
0,-0,-0,0,32765
0,-0,-0,0,32765
0,-0,-0,0,32765
0,-0,-0,0,32765
0,-0,-0,0,32765
0,-0,-0,0,32765
0,-0,-0,0,32765
0,-0,-0,0,32765
0,-0,-0,0,32765
1.33914,-0.819505,-0.00443874,13,32765
1.22577,-0.755691,-0.00353303,16,32765
1.27424,-0.7914,-0.00335581,19,32765
1.26319,-0.790222,-0.00279991,19,32765
1.23519,-0.778393,-0.00229848,19,32765
1.2242,-0.77707,-0.00179632,16,32765
0,-0,-0,0,32765
0,-0,-0,0,32765
0,-0,-0,0,32765
0,-0,-0,0,32765
0,-0,0,0,32765
0,-0,0,0,32765
1.21431,-0.810592,0.00102365,14,32765
1.21994,-0.820144,0.00141078,17,32765
1.24209,-0.840954,0.00178032,17,32765
1.20631,-0.822441,0.00222036,17,32765
1.25311,-0.860301,0.00268317,17,32765
1.23387,-0.852968,0.00287166,16,32765
1.23933,-0.862636,0.00326727,17,32765
1.2529,-0.878141,0.00358472,16,32765
0,-0,0,0,32765
0,-0,0,0,32765
0,-0,0,0,32765
0,-0,0,15,32765
0,-0,0,15,32765
0,-0,0,15,32765
2.69345,-0.831273,-0.0819776,18,32765
2.7575,-0.860907,-0.0845648,17,32765
2.74512,-0.866892,-0.0849923,17,32765
2.64707,-0.845388,-0.0819903,17,32765
2.70133,-0.872532,-0.0841526,17,32765
2.69843,-0.881463,-0.0842262,17,32765
2.686,-0.887239,-0.0842958,17,32765
2.71145,-0.905734,-0.0853499,17,32765
2.68006,-0.905043,-0.0840944,17,32765
2.65813,-0.907426,-0.0836468,18,32765
2.72133,-0.938855,-0.0854158,17,32765
2.66162,-0.927993,-0.0838527,17,32765
2.72454,-0.960074,-0.0851086,16,32765
2.66479,-0.949135,-0.0832462,17,32765
2.68977,-0.968331,-0.0839601,17,32765
2.63015,-0.956879,-0.0818481,17,32765
2.66451,-0.979358,-0.0827298,17,32765
2.68001,-0.99511,-0.0830063,17,32765
2.69545,-1.01094,-0.0832396,17,32765
2.68271,-1.01643,-0.082627,17,32765
2.68864,-1.02898,-0.0823858,17,32765
2.75043,-1.06328,-0.0841208,18,32765
2.66306,-1.0398,-0.080809,18,32765
2.6782,-1.056,-0.0808594,17,32765
2.67467,-1.06492,-0.0804576,17,32765
2.7268,-1.09616,-0.0812651,17,32765
2.73237,-1.10907,-0.0812277,17,32765
2.65467,-1.08789,-0.0783265,17,32765
2.65102,-1.09679,-0.0776788,17,32765
2.69338,-1.12513,-0.0785996,18,32765
2.76325,-1.16535,-0.0800089,18,32765
2.71332,-1.15513,-0.0778858,17,32765
2.72782,-1.17211,-0.0776969,17,32765
2.71475,-1.17721,-0.0768896,18,32765
2.72912,-1.19432,-0.0767773,18,32765
2.75255,-1.21562,-0.0764122,18,32765
2.74842,-1.22498,-0.0757067,18,32765
2.73514,-1.23022,-0.0743765,17,32765
2.77652,-1.26012,-0.0744382,18,32765
2.69952,-1.23625,-0.0718494,17,32765
2.76797,-1.27889,-0.072579,18,32765
2.69123,-1.2543,-0.0702762,17,32765
2.75036,-1.29309,-0.0709458,18,32765
2.73697,-1.29808,-0.0699787,18,32765
2.72354,-1.30308,-0.0685745,17,32765
2.78218,-1.34266,-0.0693204,16,32765
2.71481,-1.32126,-0.0668023,16,32765
2.80011,-1.37443,-0.0688024,17,32765
2.78655,-1.3794,-0.0672304,17,32765
2.75501,-1.37549,-0.0659646,16,32765
2.83066,-1.42541,-0.066939,17,32765
2.87931,-1.46221,-0.0666701,18,32765
2.86539,-1.46754,-0.0651167,18,32765
2.88709,-1.49097,-0.0649547,17,32765
2.77565,-1.44528,-0.0616739,14,32765
1.41638,-0.743576,-0.0311666,14,32765
1.3874,-0.734246,-0.0300163,15,32765
1.34081,-0.715407,-0.0285135,14,32765
1.39997,-0.753233,-0.0286619,13,32765
1.27443,-0.691144,-0.0254792,14,32765
1.25453,-0.685886,-0.0245928,15,32765
1.33981,-0.738347,-0.0257591,14,32765
1.28489,-0.71371,-0.0242163,14,32765
1.34356,-0.752225,-0.0248545,13,32765
1.52391,-0.859907,-0.0276984,11,32765
0,-0,-0,0,32765
0,-0,-0,0,32765
0,-0,-0,0,32765
0,-0,-0,0,32765
0,-0,-0,0,32765
0,-0,-0,0,32765
0,-0,-0,0,32765
0,-0,-0,0,32765
0,-0,-0,0,32765
0,-0,-0,0,32765
0,-0,-0,0,32765
0,-0,-0,0,32765
0,-0,-0,0,32765
1.21122,-0.759996,-0.0160369,12,32765
1.28477,-0.812085,-0.0165813,13,32765
1.22306,-0.778702,-0.0153298,14,32765
1.19524,-0.766541,-0.0147174,16,32765
1.2095,-0.781344,-0.0144302,18,32765
1.24884,-0.812582,-0.014475,18,32765
0,-0,-0,0,32765
0,-0,-0,0,32765
1.23241,-0.819381,-0.013129,17,32765
1.23803,-0.828978,-0.0128506,17,32765
1.23531,-0.83304,-0.0124636,17,32765
1.24084,-0.84271,-0.0122048,18,32765
1.2216,-0.835447,-0.0115463,17,32765
1.26006,-0.867766,-0.0115606,17,32765
1.24903,-0.866142,-0.0112563,17,32765
1.25444,-0.875882,-0.0109472,18,32765
1.25158,-0.879968,-0.0106711,17,32765
0,-0,-0,0,32765
0,-0,-0,0,32765
0,-0,-0,0,32765
0,-0,-0,0,32765
0,-0,-0,0,32765
0,-0,-0,0,32765
2.38813,-0.731753,-0.106594,14,32765
2.25215,-0.69825,-0.0993608,14,32765
2.36436,-0.741301,-0.103245,14,32765
2.33346,-0.739793,-0.100736,15,32765
2.25494,-0.723075,-0.0963766,14,32765
2.3571,-0.764548,-0.0998164,15,32765
2.38308,-0.781716,-0.0998541,15,32765
2.41846,-0.802135,-0.100532,15,32765
2.38748,-0.800436,-0.0982496,15,32765
2.38488,-0.808237,-0.0974382,16,32765
2.35392,-0.806279,-0.0953303,15,32765
2.36071,-0.817348,-0.0948897,15,32765
2.39569,-0.838527,-0.0954956,15,32765
2.4023,-0.850031,-0.0944699,15,32765
2.45584,-0.878458,-0.0961139,15,32765
2.49992,-0.90368,-0.0968027,14,32765
2.41243,-0.881208,-0.09254,15,32765
2.43762,-0.899637,-0.0930506,15,32765
2.40658,-0.89722,-0.0908288,15,32765
2.50646,-0.944056,-0.0937961,16,32765
2.47528,-0.94181,-0.0920044,16,32765
2.47213,-0.950151,-0.0910992,16,32765
2.49693,-0.96923,-0.091378,16,32765
2.4565,-0.962955,-0.0891207,16,32765
2.444,-0.967477,-0.0879524,16,32765
2.54285,-1.01652,-0.0906035,16,32765
2.59502,-1.04761,-0.0916541,15,32765
2.42489,-0.988501,-0.0848178,15,32765
2.50475,-1.03089,-0.0870554,16,32765
2.55663,-1.06245,-0.0881242,17,32765
2.51621,-1.05558,-0.085832,15,32765
2.6231,-1.11084,-0.0888146,15,32765
2.60091,-1.11199,-0.0873098,15,32765
2.50539,-1.0812,-0.0833126,15,32765
2.58419,-1.12566,-0.0851681,16,32765
2.49806,-1.09816,-0.0814463,16,32765
2.4761,-1.09846,-0.0800161,16,32765
2.60013,-1.16399,-0.0833298,16,32765
2.61446,-1.18089,-0.083524,16,32765
2.61047,-1.18975,-0.0825339,16,32765
2.58831,-1.19022,-0.080758,16,32765
2.54803,-1.18213,-0.0787095,16,32765
2.61644,-1.22471,-0.0800989,16,32765
2.63939,-1.24644,-0.080065,17,32765
2.66225,-1.2683,-0.0798323,16,32765
2.57691,-1.23828,-0.0763626,16,32765
2.6267,-1.27313,-0.077213,16,32765
2.65832,-1.2996,-0.0772236,17,32765
2.64496,-1.30417,-0.0762099,16,32765
2.61367,-1.29985,-0.0744679,17,32765
2.65399,-1.33104,-0.0748341,17,32765
2.71195,-1.37159,-0.0754748,16,32765
2.68949,-1.37169,-0.0741221,18,32765
2.74708,-1.41281,-0.0748663,17,32765
2.65354,-1.37611,-0.0716259,16,32765
2.67556,-1.39884,-0.0711213,16,32765
1.53,-0.806478,-0.0400256,12,32765
1.43903,-0.764665,-0.0373096,14,32765
1.45412,-0.778878,-0.0371856,14,32765
1.31076,-0.707757,-0.0330641,14,32765
1.29962,-0.707356,-0.0323613,14,32765
1.32353,-0.726169,-0.0323669,13,32765
1.26859,-0.701605,-0.0305362,14,32765
1.30114,-0.725387,-0.0309318,13,32765
1.37714,-0.773861,-0.0321486,13,32765
1.24407,-0.704538,-0.0284841,12,32765
0,-0,-0,0,32765
0,-0,-0,0,32765
0,-0,-0,0,32765
0,-0,-0,0,32765
0,-0,-0,0,32765
0,-0,-0,0,32765
0,-0,-0,0,32765
0,-0,-0,0,32765
0,-0,-0,0,32765
0,-0,-0,0,32765
0,-0,-0,0,32765
0,-0,-0,0,32765
0,-0,-0,0,32765
0,-0,-0,0,32765
0,-0,-0,0,32765
0,-0,-0,0,32765
1.28683,-0.827398,-0.0192171,16,32765
1.26734,-0.820744,-0.0182457,18,32765
1.23952,-0.80851,-0.0171818,17,32765
1.19509,-0.785122,-0.0157984,14,32765
1.15914,-0.767001,-0.0146195,14,32765
1.23149,-0.820738,-0.0147652,17,32765
1.2288,-0.824783,-0.0139438,17,32765
1.20949,-0.817656,-0.0129421,17,32765
1.2399,-0.844093,-0.0124924,18,32765
1.22063,-0.836855,-0.0114475,16,32765
1.20144,-0.829475,-0.0104315,16,32765
1.2234,-0.850467,-0.00976363,17,32765
1.22059,-0.854508,-0.00881823,16,32765
0,-0,-0,0,32765
0,-0,-0,0,32765
0,-0,-0,0,32765
0,-0,-0,12,32765
0,-0,-0,13,32765
0,-0,-0,14,32765
2.05235,-0.630766,-0.111849,15,32765
2.00262,-0.62276,-0.108122,14,32765
1.99114,-0.626165,-0.106622,15,32765
1.98918,-0.63254,-0.105546,14,32765
2.08221,-0.669691,-0.109606,13,32765
2.0705,-0.673601,-0.108197,14,32765
2.05881,-0.67737,-0.106688,14,32765
1.99026,-0.662088,-0.102493,14,32765
2.07335,-0.6972,-0.105929,14,32765
2.05218,-0.697562,-0.104262,14,32765
2.13495,-0.733461,-0.107724,14,32765
2.10423,-0.730724,-0.105559,14,32765
2.09236,-0.73454,-0.104287,13,32765
2.08048,-0.738353,-0.102601,13,32765
2.11557,-0.758995,-0.103957,14,32765
2.09427,-0.759297,-0.102066,14,32765
2.17616,-0.79727,-0.105293,15,32765
2.16414,-0.801082,-0.104331,13,32765
2.13345,-0.797755,-0.101956,13,32765
2.20555,-0.833187,-0.104722,14,32765
2.10942,-0.804992,-0.0996501,14,32765
2.1813,-0.840867,-0.102377,14,32765
2.17851,-0.848146,-0.101718,14,32765
2.1664,-0.851765,-0.100493,15,32765
2.23786,-0.88851,-0.103181,15,32765
2.18852,-0.877478,-0.100153,15,32765
2.19481,-0.888686,-0.0997861,15,32765
2.21031,-0.903712,-0.0997651,15,32765
2.13339,-0.880663,-0.0958477,15,32765
2.23184,-0.930245,-0.0996599,15,32765
2.22873,-0.937768,-0.0987543,15,32765
2.21638,-0.941402,-0.0976762,16,32765
2.23152,-0.956913,-0.0977279,16,32765
2.23746,-0.96846,-0.097313,16,32765
2.18838,-0.956104,-0.0945618,16,32765
2.2309,-0.983644,-0.0956413,16,32765
2.20934,-0.983046,-0.0941111,15,32765
2.18779,-0.982338,-0.0926408,15,32765
2.1754,-0.98553,-0.0919273,15,32765
2.21752,-1.01369,-0.0930068,15,32765
2.25041,-1.03795,-0.0934848,16,32765
2.23785,-1.04134,-0.0923015,15,32765
2.26145,-1.06173,-0.0926838,16,32765
2.27589,-1.07802,-0.0926763,16,32765
2.19109,-1.04699,-0.0884951,15,32765
2.30462,-1.11078,-0.0923017,17,32765
2.30087,-1.11858,-0.0916404,16,32765
2.24325,-1.1,-0.088606,15,32765
2.29328,-1.13418,-0.0900769,16,32765
2.31624,-1.15542,-0.0902725,15,32765
2.24986,-1.13179,-0.0870592,15,32765
2.29061,-1.16202,-0.0878349,16,32765
2.29557,-1.17435,-0.0874428,16,32765
2.37154,-1.22339,-0.0896492,16,32765
2.37625,-1.23607,-0.0892496,17,32765
2.27478,-1.19294,-0.0845433,17,32765
2.36798,-1.252,-0.0870502,17,32765
2.2756,-1.21291,-0.0831626,16,32765
2.26278,-1.21574,-0.0819317,15,32765
2.22355,-1.20432,-0.0797787,13,32765
1.39488,-0.761543,-0.0496194,14,32765
1.33978,-0.737347,-0.0470867,14,32765
1.38973,-0.770977,-0.0483345,14,32765
1.36094,-0.761073,-0.0469532,14,32765
1.29742,-0.731324,-0.0442306,13,32765
1.295,-0.73565,-0.0435911,14,32765
1.31858,-0.754857,-0.0438674,13,32765
1.23815,-0.714302,-0.0407781,12,32765
1.33084,-0.773682,-0.0433356,13,32765
1.25925,-0.737737,-0.0405585,12,32765
0,-0,-0,0,32765
0,-0,-0,0,32765
0,-0,-0,0,32765
0,-0,-0,0,32765
0,-0,-0,0,32765
0,-0,-0,0,32765
0,-0,-0,0,32765
0,-0,-0,0,32765
0,-0,-0,0,32765
0,-0,-0,0,32765
0,-0,-0,0,32765
0,-0,-0,0,32765
0,-0,-0,0,32765
0,-0,-0,0,32765
1.27162,-0.83209,-0.031811,12,32765
1.28559,-0.847275,-0.0313636,13,32765
1.18283,-0.785183,-0.0281654,14,32765
1.2218,-0.816886,-0.0283603,15,32765
1.244,-0.837664,-0.0281053,17,32765
1.2164,-0.824965,-0.026723,17,32765
1.24674,-0.851482,-0.0266391,17,32765
1.26042,-0.86692,-0.0260826,18,32765
1.20828,-0.836886,-0.0241912,16,32765
1.25479,-0.875106,-0.0242714,17,32765
1.21099,-0.850529,-0.0225379,16,32765
0,-0,-0,0,32765
0,-0,-0,0,32765
0,-0,-0,0,32765
0,-0,-0,0,32765
0,-0,-0,0,32765
0,-0,-0,0,32765
2.11039,-0.6474,-0.106019,14,32765
2.19411,-0.6809,-0.110665,13,32765
2.2014,-0.691043,-0.111423,14,32765
2.05633,-0.652836,-0.104532,13,32765
2.08269,-0.66875,-0.106243,13,32765
2.04249,-0.66323,-0.104197,13,32765
2.13519,-0.70113,-0.10905,14,32765
2.24656,-0.746081,-0.114957,13,32765
2.11153,-0.708972,-0.108165,13,32765
2.16595,-0.735126,-0.111036,13,32765
2.04074,-0.700035,-0.104631,13,32765
2.19888,-0.762343,-0.112606,14,32765
2.08315,-0.730194,-0.10688,13,32765
2.10888,-0.74734,-0.108117,13,32765
2.11575,-0.757881,-0.108265,13,32765
2.16955,-0.785397,-0.110871,13,32765
2.12943,-0.778847,-0.108692,13,32765
2.08,-0.768597,-0.106173,13,32765
2.15234,-0.803374,-0.109642,14,32765
2.12165,-0.799913,-0.107908,14,32765
2.11896,-0.807045,-0.107576,14,32765
2.09764,-0.806915,-0.106325,13,32765
2.13218,-0.828425,-0.107842,14,32765
2.12011,-0.831939,-0.10678,13,32765
2.13588,-0.846454,-0.107337,14,32765
1.96613,-0.786788,-0.0984254,13,32765
2.09316,-0.845784,-0.104582,14,32765
2.14582,-0.875485,-0.106728,13,32765
2.09666,-0.863774,-0.104035,14,32765
2.13064,-0.886226,-0.105248,14,32765
2.13685,-0.897339,-0.105155,14,32765
2.12469,-0.900536,-0.103966,13,32765
2.17675,-0.931326,-0.106343,13,32765
2.15531,-0.930715,-0.104525,14,32765
2.1155,-0.922099,-0.102332,15,32765
2.13982,-0.941371,-0.102896,15,32765
2.10926,-0.936454,-0.100903,14,32765
2.26106,-1.01312,-0.10762,14,32765
2.13934,-0.967202,-0.101302,14,32765
2.24517,-1.02416,-0.10595,14,32765
2.12381,-0.977313,-0.099548,14,32765
2.09338,-0.971776,-0.0974928,13,32765
2.15347,-1.00847,-0.0997196,14,32765
2.13206,-1.00714,-0.0980186,14,32765
2.15577,-1.02716,-0.0984053,15,32765
2.15232,-1.03442,-0.0978208,15,32765
2.16684,-1.05038,-0.097916,14,32765
2.15429,-1.05343,-0.0964967,14,32765
2.23135,-1.10062,-0.0990742,13,32765
2.15601,-1.07268,-0.0951739,15,32765
2.19704,-1.10244,-0.0961003,14,32765
2.22008,-1.1234,-0.0963848,14,32765
2.23405,-1.14009,-0.0964879,13,32765
2.1236,-1.09278,-0.0909159,14,32765
2.22635,-1.15521,-0.0946452,14,32765
2.16052,-1.13025,-0.0910754,15,32765
2.20978,-1.16547,-0.092323,15,32765
2.29406,-1.21993,-0.0951186,15,32765
2.21954,-1.18985,-0.0911509,15,32765
2.23317,-1.20678,-0.0908272,15,32765
2.12384,-1.15687,-0.0857615,15,32765
1.5243,-0.836901,-0.0609393,13,32765
1.36409,-0.754932,-0.0541905,14,32765
1.3092,-0.73031,-0.0514982,14,32765
1.28933,-0.724918,-0.0502234,13,32765
1.38258,-0.783411,-0.0532823,13,32765
1.24114,-0.708684,-0.0472443,14,32765
1.2041,-0.692938,-0.0455473,13,32765
1.14992,-0.66688,-0.0431043,12,32765
1.16493,-0.680849,-0.0433024,11,32765
1.38658,-0.816635,-0.0509705,12,32765
0,-0,-0,0,32765
0,-0,-0,0,32765
0,-0,-0,0,32765
0,-0,-0,0,32765
0,-0,-0,0,32765
0,-0,-0,0,32765
0,-0,-0,0,32765
0,-0,-0,0,32765
0,-0,-0,0,32765
0,-0,-0,0,32765
0,-0,-0,0,32765
0,-0,-0,0,32765
0,-0,-0,0,32765
0,-0,-0,0,32765
0,-0,-0,0,32765
0,-0,-0,0,32765
0,-0,-0,0,32765
0,-0,-0,0,32765
0,-0,-0,0,32765
1.21421,-0.827798,-0.0365658,13,32765
1.25279,-0.859945,-0.0374492,15,32765
1.25002,-0.863994,-0.0370944,15,32765
1.20617,-0.839513,-0.0355979,16,32765
1.23612,-0.866486,-0.0360515,16,32765
1.18425,-0.835995,-0.0341315,15,32765
1.18156,-0.839811,-0.0338377,15,32765
1.18699,-0.849422,-0.0338316,14,32765
1.14375,-0.823954,-0.0323277,14,32765
1.14921,-0.833467,-0.0324046,12,32765
1.19499,-0.872518,-0.0334137,11,32765
1.85115,-0.569631,-0.111264,14,32765
1.81113,-0.563792,-0.10924,14,32765
1.79022,-0.563714,-0.108314,14,32765
1.78836,-0.569526,-0.108612,14,32765
1.87199,-0.602962,-0.114042,15,32765
1.83203,-0.596739,-0.111631,14,32765
1.8016,-0.59343,-0.1099,14,32765
1.7617,-0.586879,-0.107655,14,32765
1.88274,-0.634123,-0.115177,14,32765
1.7956,-0.611328,-0.109934,14,32765
1.77473,-0.610683,-0.108687,15,32765
1.735,-0.603396,-0.106168,14,32765
1.78002,-0.625887,-0.109113,14,32765
1.75905,-0.625314,-0.107779,15,32765
1.78511,-0.641441,-0.109224,14,32765
1.8111,-0.657684,-0.110712,14,32765
1.78081,-0.653372,-0.108773,15,32765
1.8348,-0.680112,-0.112095,14,32765
1.78582,-0.668653,-0.108937,14,32765
1.79294,-0.6781,-0.109249,14,32765
1.79066,-0.684143,-0.108967,14,32765
1.77907,-0.686516,-0.10814,14,32765
1.73956,-0.678,-0.105569,13,32765
1.77446,-0.698487,-0.107331,14,32765
1.82777,-0.726623,-0.110375,14,32765
1.82535,-0.732746,-0.109899,14,32765
1.85065,-0.750144,-0.111267,14,32765
1.82965,-0.748838,-0.109614,14,32765
1.87324,-0.77416,-0.112029,15,32765
1.84298,-0.768991,-0.109835,15,32765
1.83118,-0.771399,-0.108813,14,32765
1.86539,-0.793123,-0.110353,15,32765
1.81681,-0.779781,-0.107362,14,32765
1.87836,-0.813683,-0.110353,15,32765
1.84814,-0.808106,-0.108374,14,32765
1.91849,-0.846669,-0.111978,14,32765
1.87003,-0.832869,-0.108712,14,32765
1.81254,-0.81472,-0.10496,14,32765
1.86439,-0.845568,-0.107533,13,32765
1.83431,-0.839395,-0.105528,14,32765
1.85874,-0.858053,-0.10637,13,32765
1.84685,-0.860054,-0.105162,13,32765
1.95244,-0.917235,-0.110686,14,32765
1.8772,-0.889566,-0.105824,14,32765
1.90128,-0.908785,-0.10659,15,32765
1.84424,-0.889182,-0.103055,14,32765
1.88617,-0.917245,-0.104937,14,32765
1.89202,-0.928129,-0.104544,15,32765
1.90676,-0.943515,-0.104642,15,32765
1.85884,-0.927785,-0.101565,14,32765
1.90031,-0.956597,-0.103097,15,32765
1.93272,-0.981125,-0.104258,14,32765
1.95604,-1.00142,-0.105109,15,32765
1.92605,-0.994307,-0.102803,15,32765
1.94928,-1.0147,-0.10349,15,32765
1.96359,-1.03054,-0.103582,14,32765
1.98664,-1.05116,-0.104087,14,32765
1.99188,-1.06265,-0.103767,14,32765
2.02354,-1.08828,-0.104652,14,32765
2.03748,-1.10459,-0.104603,14,32765
2.03381,-1.11142,-0.103858,14,32765
2.01262,-1.10859,-0.102004,14,32765
2.00015,-1.11054,-0.100905,14,32765
1.98772,-1.11241,-0.0995381,14,32765
1.77516,-1.00132,-0.0882478,13,32765
1.44179,-0.819622,-0.0711044,13,32765
1.31774,-0.754869,-0.0643875,15,32765
1.34114,-0.774323,-0.0652378,14,32765
1.39038,-0.808969,-0.0671841,14,32765
1.34456,-0.788407,-0.0645759,15,32765
1.30752,-0.772598,-0.0622845,15,32765
1.32211,-0.787222,-0.0624809,14,32765
1.31946,-0.791689,-0.0620496,13,32765
1.26552,-0.7651,-0.0590385,13,32765
1.24592,-0.758904,-0.0578392,12,32765
0,-0,-0,0,32765
0,-0,-0,0,32765
0,-0,-0,0,32765
0,-0,-0,0,32765
0,-0,-0,0,32765
0,-0,-0,0,32765
0,-0,-0,0,32765
0,-0,-0,0,32765
0,-0,-0,0,32765
0,-0,-0,0,32765
0,-0,-0,0,32765
0,-0,-0,0,32765
0,-0,-0,0,32765
0,-0,-0,0,32765
0,-0,-0,0,32765
0,-0,-0,0,32765
0,-0,-0,0,32765
0,-0,-0,0,32765
0,-0,-0,0,32765
0,-0,-0,0,32765
0,-0,-0,0,32765
0,-0,-0,0,32765
0,-0,-0,0,32765
1.37699,-0.995438,-0.0547605,11,32765
1.28491,-0.935142,-0.0510442,11,32765
0,-0,-0,0,32765
1.44046,-0.440069,-0.107363,12,32765
1.47717,-0.456673,-0.109199,12,32765
1.43759,-0.449781,-0.105504,13,32765
1.52172,-0.481694,-0.111037,12,32765
1.54869,-0.495867,-0.112149,12,32765
1.57557,-0.510184,-0.11358,12,32765
1.46017,-0.478081,-0.104627,13,32765
1.57228,-0.520566,-0.112033,13,32765
1.68411,-0.563837,-0.119457,13,32765
1.6728,-0.566319,-0.118034,13,32765
1.61431,-0.552506,-0.113255,13,32765
1.56538,-0.54149,-0.109393,13,32765
1.59187,-0.556602,-0.110622,14,32765
1.63709,-0.578521,-0.113369,14,32765
1.59758,-0.570651,-0.110023,13,32765
1.66137,-0.599804,-0.113976,14,32765
1.63125,-0.595174,-0.111354,13,32765
1.63861,-0.60418,-0.111393,14,32765
1.69273,-0.63059,-0.114541,13,32765
1.74668,-0.65739,-0.117695,13,32765
1.66986,-0.634885,-0.112133,13,32765
1.65848,-0.636847,-0.110745,14,32765
1.66568,-0.646017,-0.110763,13,32765
1.71929,-0.673442,-0.114022,14,32765
1.66136,-0.657232,-0.109683,14,32765
1.69624,-0.677655,-0.111627,13,32765
1.7773,-0.716992,-0.116348,14,32765
1.65475,-0.673984,-0.107984,13,32765
1.79098,-0.736527,-0.116323,13,32765
1.77005,-0.734977,-0.114577,13,32765
1.75839,-0.737114,-0.113251,13,32765
1.7651,-0.747012,-0.113188,13,32765
1.79014,-0.764718,-0.114501,13,32765
1.8426,-0.794484,-0.117178,14,32765
1.74837,-0.760931,-0.110843,14,32765
1.72751,-0.758876,-0.109213,13,32765
1.7432,-0.772859,-0.109738,14,32765
1.80434,-0.80744,-0.113198,14,32765
1.81072,-0.817692,-0.113079,13,32765
1.86245,-0.848724,-0.115914,14,32765
1.76891,-0.813292,-0.109583,13,32765
1.77528,-0.823412,-0.109438,13,32765
1.79061,-0.837849,-0.110138,14,32765
1.842,-0.869431,-0.112757,14,32765
1.78493,-0.850028,-0.108933,13,32765
1.77304,-0.851826,-0.107748,13,32765
1.81507,-0.879697,-0.109711,13,32765
1.81209,-0.885904,-0.109023,14,32765
1.7554,-0.865515,-0.105092,14,32765
1.80613,-0.898153,-0.107822,14,32765
1.82098,-0.913188,-0.108313,14,32765
1.81789,-0.919424,-0.107462,14,32765
1.80585,-0.921148,-0.106285,13,32765
1.8205,-0.936445,-0.106562,14,32765
1.88827,-0.979411,-0.109992,13,32765
1.76998,-0.925543,-0.102621,14,32765
1.8906,-0.996666,-0.10897,14,32765
1.83432,-0.97497,-0.105293,14,32765
1.91909,-1.02834,-0.109547,14,32765
1.86295,-1.0063,-0.105678,13,32765
2.02629,-1.10324,-0.114429,14,32765
1.89139,-1.03779,-0.105995,13,32765
1.86177,-1.02954,-0.103671,13,32765
1.93689,-1.07951,-0.107268,13,32765
1.9071,-1.07146,-0.104975,13,32765
1.96434,-1.1124,-0.107262,14,32765
1.81319,-1.0348,-0.0981739,13,32765
1.53262,-0.881563,-0.0825585,13,32765
1.47787,-0.856595,-0.0790187,14,32765
1.26799,-0.740649,-0.067404,14,32765
1.30857,-0.770258,-0.0689028,14,32765
1.27163,-0.754288,-0.0664437,14,32765
1.27769,-0.763708,-0.0660999,14,32765
1.33508,-0.804023,-0.0685358,14,32765
1.29829,-0.787692,-0.0662536,13,32765
1.33838,-0.81797,-0.0675964,12,32765
1.4378,-0.885244,-0.0719068,12,32765
1.13772,-0.705713,-0.0562831,11,32765
0,-0,-0,0,32765
0,-0,-0,0,32765
0,-0,-0,0,32765
0,-0,-0,0,32765
0,-0,-0,0,32765
0,-0,-0,0,32765
0,-0,-0,0,32765
0,-0,-0,0,32765
0,-0,-0,0,32765
0,-0,-0,0,32765
0,-0,-0,0,32765
0,-0,-0,0,32765
0,-0,-0,0,32765
0,-0,-0,0,32765
0,-0,-0,0,32765
0,-0,-0,0,32765
0,-0,-0,0,32765
0,-0,-0,0,32765
0,-0,-0,0,32765
0,-0,-0,0,32765
0,-0,-0,0,32765
1.27054,-0.921194,-0.0450364,14,32765
1.2273,-0.895733,-0.0423596,15,32765
1.21029,-0.371013,-0.102184,14,32765
1.21863,-0.378026,-0.102156,14,32765
1.28397,-0.403081,-0.106958,14,32765
1.27316,-0.404378,-0.105533,14,32765
1.28137,-0.41166,-0.105517,14,32765
1.31797,-0.428211,-0.108112,14,32765
1.2882,-0.423195,-0.105123,14,32765
1.30575,-0.433775,-0.106047,14,32765
1.31378,-0.44133,-0.106288,14,32765
1.32177,-0.448981,-0.106457,14,32765
1.29202,-0.443681,-0.103552,14,32765
1.31885,-0.457738,-0.105354,14,32765
1.32677,-0.465459,-0.105482,14,32765
1.40044,-0.496543,-0.111015,14,32765
1.38001,-0.494581,-0.108885,14,32765
1.38773,-0.502683,-0.109142,14,32765
1.3486,-0.493685,-0.10562,14,32765
1.29082,-0.477527,-0.100744,13,32765
1.36398,-0.509812,-0.106042,14,32765
1.36229,-0.514423,-0.105539,14,32765
1.37922,-0.526124,-0.106548,14,32765
1.40543,-0.541469,-0.108061,15,32765
1.34787,-0.524491,-0.103277,14,32765
1.36469,-0.536319,-0.10434,14,32765
1.45561,-0.577751,-0.110874,15,32765
1.40739,-0.564123,-0.10692,14,32765
1.42401,-0.576374,-0.10771,14,32765
1.41286,-0.577373,-0.106593,14,32765
1.39249,-0.574554,-0.104646,14,32765
1.40897,-0.586987,-0.105595,14,32765
1.47138,-0.618848,-0.109814,13,32765
1.4142,-0.600493,-0.105169,14,32765
1.43053,-0.613127,-0.106169,13,32765
1.42849,-0.617975,-0.105511,14,32765
1.36239,-0.594913,-0.100381,13,32765
1.51558,-0.667991,-0.11142,14,32765
1.52244,-0.677228,-0.111538,14,32765
1.45639,-0.653906,-0.106408,14,32765
1.49055,-0.67535,-0.108497,13,32765
1.52455,-0.697058,-0.110671,14,32765
1.54035,-0.710568,-0.111397,13,32765
1.42944,-0.665214,-0.102963,14,32765
1.55367,-0.729409,-0.111722,13,32765
1.58732,-0.751723,-0.113699,14,32765
1.54872,-0.740006,-0.110672,14,32765
1.50126,-0.723666,-0.106915,13,32765
1.5706,-0.763757,-0.111367,14,32765
1.56801,-0.769144,-0.110769,14,32765
1.5565,-0.770017,-0.109519,14,32765
1.51817,-0.757493,-0.10659,14,32765
1.56021,-0.785051,-0.109228,14,32765
1.53086,-0.776859,-0.106637,13,32765
1.59039,-0.813978,-0.110402,14,32765
1.59651,-0.823997,-0.11034,13,32765
1.56718,-0.81561,-0.107895,14,32765
1.60867,-0.844034,-0.110342,15,32765
1.59706,-0.844764,-0.109028,14,32765
1.62062,-0.864301,-0.110283,14,32765
1.62652,-0.874524,-0.110195,14,32765
1.57973,-0.856213,-0.106489,14,32765
1.64699,-0.899773,-0.110635,14,32765
1.63534,-0.900351,-0.109176,14,32765
1.61494,-0.896085,-0.107266,14,32765
1.62069,-0.906357,-0.107187,14,32765
1.61761,-0.91192,-0.10647,14,32765
1.59719,-0.907573,-0.104453,14,32765
1.6635,-0.952622,-0.108056,14,32765
1.63435,-0.943298,-0.105742,14,32765
1.60536,-0.933679,-0.103255,14,32765
1.64531,-0.964346,-0.105348,14,32765
1.59911,-0.944515,-0.101617,14,32765
1.59596,-0.949927,-0.100803,14,32765
1.43008,-0.857745,-0.0896161,13,32765
1.41017,-0.852172,-0.0878332,14,32765
1.31356,-0.79971,-0.0814441,14,32765
1.29396,-0.793558,-0.0795751,15,32765
1.25739,-0.776846,-0.0767298,14,32765
1.28026,-0.796885,-0.0774592,14,32765
1.22687,-0.769309,-0.0737849,13,32765
1.23278,-0.778744,-0.0735326,13,32765
1.23027,-0.782776,-0.0727515,12,32765
0,-0,-0,0,32765
0,-0,-0,0,32765
0,-0,-0,0,32765
0,-0,-0,0,32765
0,-0,-0,0,32765
0,-0,-0,0,32765
0,-0,-0,0,32765
0,-0,-0,0,32765
0,-0,-0,0,32765
0,-0,-0,0,32765
0,-0,-0,0,32765
0,-0,-0,0,32765
0,-0,-0,0,32765
0,-0,-0,0,32765
0,-0,-0,0,32765
0,-0,-0,0,32765
0,-0,-0,0,32765
0,-0,-0,0,32765
0,-0,-0,0,32765
0,-0,-0,0,32765
1.36339,-0.417097,-0.109952,14,32765
1.38107,-0.427394,-0.111754,13,32765
1.31303,-0.411084,-0.106641,13,32765
1.31166,-0.415396,-0.106697,13,32765
1.33875,-0.428853,-0.109187,14,32765
1.35626,-0.439521,-0.110803,13,32765
1.279,-0.419161,-0.104664,13,32765
1.32491,-0.439117,-0.108542,14,32765
1.25729,-0.42131,-0.103037,13,32765
1.37866,-0.46702,-0.11306,14,32765
1.24504,-0.426398,-0.102246,14,32765
1.29074,-0.446838,-0.105944,13,32765
1.34568,-0.470997,-0.110496,13,32765
1.25951,-0.445577,-0.103436,13,32765
1.32375,-0.473262,-0.108637,14,32765
1.30341,-0.470906,-0.107052,13,32765
1.26441,-0.461548,-0.10369,13,32765
1.24413,-0.458941,-0.101996,13,32765
1.2426,-0.463168,-0.101638,13,32765
1.25037,-0.470876,-0.102187,13,32765
1.3047,-0.496395,-0.106496,13,32765
1.32167,-0.507927,-0.107719,13,32765
1.2828,-0.497921,-0.104452,13,32765
1.30899,-0.513168,-0.106293,13,32765
1.34436,-0.53224,-0.109119,14,32765
1.32406,-0.52938,-0.1073,14,32765
1.3408,-0.541279,-0.108521,13,32765
1.34821,-0.549625,-0.108854,13,32765
1.3279,-0.546639,-0.10704,13,32765
1.31683,-0.547399,-0.105841,13,32765
1.21385,-0.509418,-0.0972966,13,32765
1.32233,-0.560216,-0.105832,13,32765
1.33881,-0.572543,-0.10675,13,32765
1.41015,-0.608672,-0.112179,14,32765
1.32582,-0.577631,-0.105093,13,32765
1.36041,-0.5982,-0.107486,13,32765
1.30372,-0.578516,-0.102644,13,32765
1.42011,-0.635965,-0.11152,13,32765
1.42705,-0.644921,-0.11178,13,32765
1.34324,-0.61248,-0.104733,13,32765
1.45901,-0.671231,-0.113334,13,32765
1.3844,-0.642527,-0.107231,13,32765
1.37321,-0.643009,-0.106045,13,32765
1.38008,-0.651948,-0.106055,13,32765
1.38688,-0.660962,-0.106261,13,32765
1.3757,-0.661329,-0.104887,13,32765
1.43637,-0.696391,-0.10894,13,32765
1.46991,-0.718769,-0.111127,13,32765
1.4138,-0.697292,-0.106501,13,32765
1.48289,-0.737745,-0.111235,13,32765
1.4893,-0.747357,-0.11107,13,32765
1.45112,-0.734521,-0.107822,14,32765
1.48419,-0.757651,-0.109745,13,32765
1.3752,-0.707885,-0.101148,13,32765
1.60313,-0.83203,-0.117433,14,32765
1.52078,-0.795817,-0.110876,14,32765
1.55345,-0.819573,-0.112708,14,32765
1.51547,-0.806079,-0.109521,13,32765
1.59194,-0.853655,-0.114431,13,32765
1.67689,-0.906494,-0.12001,13,32765
1.57748,-0.85963,-0.112173,13,32765
1.59212,-0.874556,-0.112685,13,32765
1.61541,-0.894428,-0.113821,14,32765
1.5427,-0.860975,-0.108184,13,32765
1.52245,-0.856376,-0.106163,14,32765
1.6672,-0.945221,-0.115776,14,32765
1.69875,-0.970602,-0.117361,13,32765
1.71281,-0.986307,-0.117761,13,32765
1.64913,-0.956949,-0.112804,14,32765
1.55978,-0.912072,-0.106319,13,32765
1.65997,-0.97814,-0.112391,13,32765
1.60521,-0.953134,-0.108335,13,32765
1.61059,-0.963704,-0.108114,13,32765
1.64159,-0.989734,-0.109659,13,32765
1.49322,-0.907155,-0.0993933,14,32765
1.34544,-0.823553,-0.0891088,14,32765
1.34275,-0.82801,-0.088455,14,32765
1.32308,-0.821905,-0.0868206,13,32765
1.26962,-0.79447,-0.0829107,14,32765
1.27547,-0.803976,-0.0830111,13,32765
1.25599,-0.797484,-0.0813243,14,32765
1.19452,-0.763945,-0.076818,13,32765
1.25914,-0.811204,-0.0807282,12,32765
1.23134,-0.799063,-0.0787105,12,32765
0,-0,-0,0,32765
0,-0,-0,0,32765
0,-0,-0,0,32765
0,-0,-0,0,32765
0,-0,-0,0,32765
0,-0,-0,0,32765
0,-0,-0,0,32765
0,-0,-0,0,32765
0,-0,-0,0,32765
0,-0,-0,0,32765
0,-0,-0,0,32765
0,-0,-0,0,32765
0,-0,-0,0,32765
0,-0,-0,0,32765
0,-0,-0,0,32765
0,-0,-0,0,32765
0,-0,-0,0,32765
1.17146,-0.359629,-0.106077,15,32765
1.17978,-0.366377,-0.107164,15,32765
1.18805,-0.373255,-0.108282,15,32765
1.17731,-0.374149,-0.107465,14,32765
1.16657,-0.375,-0.106745,15,32765
1.15581,-0.37587,-0.105934,15,32765
1.19241,-0.392147,-0.109461,15,32765
1.19109,-0.396142,-0.109462,15,32765
1.17089,-0.393729,-0.107651,15,32765
1.17903,-0.400788,-0.108476,15,32765
1.13999,-0.391783,-0.105028,15,32765
1.19516,-0.415192,-0.110073,15,32765
1.14674,-0.402769,-0.105663,15,32765
1.136,-0.403287,-0.1047,15,32765
1.17217,-0.420534,-0.107981,15,32765
1.15203,-0.417667,-0.106213,15,32765
1.15066,-0.421493,-0.105956,15,32765
1.19595,-0.442706,-0.110109,15,32765
1.20379,-0.450271,-0.110621,15,32765
1.12772,-0.426169,-0.103566,14,32765
1.17282,-0.447778,-0.107605,14,32765
1.12485,-0.433799,-0.103079,14,32765
1.16054,-0.452042,-0.106275,14,32765
1.17759,-0.463264,-0.107587,15,32765
1.16678,-0.463545,-0.106574,15,32765
1.16522,-0.467501,-0.106296,15,32765
1.16367,-0.471412,-0.106052,15,32765
1.18052,-0.482946,-0.10737,15,32765
1.14205,-0.471773,-0.103736,14,32765
1.17723,-0.491075,-0.106673,15,32765
1.14803,-0.48348,-0.10379,14,32765
1.1464,-0.487382,-0.10352,14,32765
1.14478,-0.49128,-0.103047,14,32765
1.17058,-0.507031,-0.105169,15,32765
1.11409,-0.487082,-0.099792,14,32765
1.16717,-0.515024,-0.104264,14,32765
1.14725,-0.510864,-0.102181,14,32765
1.18189,-0.531135,-0.105044,14,32765
1.19825,-0.543415,-0.106277,15,32765
1.16927,-0.535019,-0.103303,14,32765
1.16748,-0.538993,-0.102822,14,32765
1.15666,-0.53871,-0.10163,14,32765
1.15485,-0.542659,-0.10122,14,32765
1.14403,-0.542334,-0.0998576,14,32765
1.16018,-0.554862,-0.10102,14,32765
1.1763,-0.56746,-0.102,14,32765
1.19238,-0.580124,-0.102936,14,32765
1.14569,-0.562198,-0.0986463,14,32765
1.19742,-0.592646,-0.102794,14,32765
1.20431,-0.601261,-0.103024,14,32765
1.21118,-0.60993,-0.103106,14,32765
1.18241,-0.600614,-0.100351,14,32765
1.21588,-0.622872,-0.102775,14,32765
1.19609,-0.617858,-0.100654,13,32765
1.22941,-0.64032,-0.103111,14,32765
1.27143,-0.66768,-0.106218,14,32765
1.29565,-0.68598,-0.107806,14,32765
1.24937,-0.666891,-0.103621,14,32765
1.32619,-0.713669,-0.109503,14,32765
1.31505,-0.713407,-0.108192,13,32765
1.25142,-0.684366,-0.102407,14,32765
1.24915,-0.688595,-0.101828,13,32765
1.25557,-0.697664,-0.101978,14,32765
1.25325,-0.701921,-0.101394,14,32765
1.28567,-0.725764,-0.103534,13,32765
1.2659,-0.720262,-0.101601,14,32765
1.31545,-0.754281,-0.105133,14,32765
1.31293,-0.75874,-0.10452,14,32765
1.34492,-0.783216,-0.10662,14,32765
1.41116,-0.828122,-0.111561,14,32765
1.38265,-0.817651,-0.108704,14,32765
1.3285,-0.791665,-0.104185,13,32765
1.32585,-0.796184,-0.103524,14,32765
1.3915,-0.841976,-0.108224,13,32765
1.32904,-0.810329,-0.103078,14,32765
1.38587,-0.851362,-0.107053,14,32765
1.32368,-0.819207,-0.101808,14,32765
1.33794,-0.834148,-0.10259,14,32765
1.40283,-0.881013,-0.107151,14,32765
1.37465,-0.869642,-0.104724,13,32765
1.43072,-0.911739,-0.10855,14,32765
1.31019,-0.840975,-0.0988554,13,32765
1.34929,-0.872465,-0.101573,15,32765
1.37151,-0.893284,-0.103014,14,32765
1.28514,-0.843074,-0.0961252,14,32765
1.29899,-0.858394,-0.0969174,15,32765
1.26293,-0.84059,-0.0938503,14,32765
1.26841,-0.850406,-0.0940634,15,32765
1.29045,-0.871356,-0.0953192,14,32765
1.27105,-0.864432,-0.0937006,14,32765
1.25998,-0.863008,-0.0925099,14,32765
1.27361,-0.878474,-0.0932713,13,32765
1.37731,-0.9567,-0.100725,12,32765
0,-0,-0,0,32765
0,-0,-0,0,32765
0,-0,-0,0,32765
0,-0,-0,0,32765
0,-0,-0,0,32765
0,-0,-0,11,32765
0,-0,-0,0,32765
0,-0,-0,0,32765
1.00869,-0.307901,-0.106474,14,32765
1.02676,-0.317095,-0.107789,13,32765
1.06376,-0.332317,-0.111239,14,32765
1.02477,-0.323859,-0.106546,14,32765
1.02374,-0.327288,-0.10599,14,32765
1.08897,-0.352157,-0.112389,14,32765
1.00272,-0.327919,-0.103023,13,32765
1.04893,-0.346846,-0.107439,13,32765
1.0856,-0.362926,-0.11072,14,32765
1.06559,-0.360141,-0.108224,14,32765
1.08325,-0.370202,-0.109632,14,32765
1.07265,-0.370585,-0.108119,14,32765
1.09023,-0.38079,-0.109575,14,32765
1.05142,-0.37126,-0.105282,14,32765
1.10647,-0.394886,-0.110397,14,32765
1.04897,-0.378384,-0.104353,13,32765
1.03838,-0.378515,-0.102959,14,32765
1.11188,-0.40957,-0.109838,14,32765
1.06389,-0.395924,-0.104842,14,32765
1.09988,-0.413546,-0.107945,14,32765
1.10781,-0.420817,-0.108496,14,32765
1.07852,-0.413915,-0.10516,14,32765
1.10499,-0.428435,-0.107465,14,32765
1.05718,-0.414052,-0.102577,13,32765
1.1114,-0.439599,-0.107446,14,32765
1.1192,-0.447036,-0.107916,14,32765
1.17316,-0.473174,-0.11275,14,32765
1.11624,-0.454625,-0.10693,14,32765
1.05943,-0.435742,-0.101136,14,32765
1.12235,-0.466154,-0.106912,15,32765
1.12077,-0.470036,-0.106459,14,32765
1.11005,-0.469942,-0.10512,14,32765
1.1543,-0.493275,-0.108928,14,32765
1.11606,-0.481441,-0.105034,14,32765
1.11444,-0.485247,-0.104677,14,32765
1.10369,-0.485074,-0.10334,14,32765
1.11117,-0.492911,-0.103685,14,32765
1.13676,-0.508984,-0.105855,14,32765
1.08056,-0.488293,-0.100269,13,32765
1.16053,-0.529186,-0.107343,14,32765
1.14971,-0.52898,-0.106048,13,32765
1.11181,-0.516086,-0.102174,13,32765
1.17326,-0.549426,-0.107643,13,32765
1.07231,-0.506575,-0.0981589,13,32765
1.22359,-0.583069,-0.111574,13,32765
1.11384,-0.535434,-0.101373,13,32765
1.13893,-0.552308,-0.103368,14,32765
1.11913,-0.547511,-0.101354,14,32765
1.15303,-0.569018,-0.104065,13,32765
1.13327,-0.564095,-0.101982,13,32765
1.1759,-0.590326,-0.105677,13,32765
1.18284,-0.598841,-0.105721,13,32765
1.09201,-0.557594,-0.0974976,14,32765
1.13444,-0.584172,-0.100917,13,32765
1.18556,-0.615599,-0.105235,13,32765
1.06871,-0.559475,-0.0945813,13,32765
1.12859,-0.595616,-0.0995856,13,32765
1.17063,-0.622841,-0.102928,13,32765
1.15098,-0.617395,-0.100875,13,32765
1.22782,-0.664038,-0.107254,13,32765
1.1643,-0.634829,-0.10145,13,32765
1.13599,-0.624339,-0.0985911,13,32765
1.16882,-0.647483,-0.101076,13,32765
1.21023,-0.67568,-0.104368,13,32765
1.17325,-0.660166,-0.100796,13,32765
1.25782,-0.713297,-0.107697,13,32765
1.20349,-0.687864,-0.102681,13,32765
1.22712,-0.706877,-0.104353,13,32765
1.19029,-0.69098,-0.100798,13,32765
1.23967,-0.725187,-0.104555,12,32765
1.28023,-0.754678,-0.10758,13,32765
1.17488,-0.697792,-0.0981815,13,32765
1.20681,-0.722215,-0.100518,12,32765
1.32406,-0.798327,-0.109755,13,32765
1.27028,-0.771683,-0.104887,13,32765
1.34435,-0.82276,-0.110441,13,32765
1.23977,-0.764393,-0.101331,13,32765
1.29658,-0.805394,-0.105475,13,32765
1.37008,-0.857321,-0.110836,13,32765
1.24912,-0.787401,-0.100511,13,32765
1.39815,-0.887815,-0.112031,13,32765
1.29443,-0.827918,-0.102963,13,32765
1.25817,-0.810611,-0.0996011,14,32765
1.32251,-0.858232,-0.103962,14,32765
1.2696,-0.829858,-0.0992211,14,32765
1.26688,-0.834106,-0.0984379,14,32765
1.3224,-0.876898,-0.10196,14,32765
1.23658,-0.825832,-0.0947472,13,32765
1.28365,-0.863266,-0.0975706,13,32765
1.21476,-0.822713,-0.0917191,13,32765
1.19558,-0.815508,-0.0896493,13,32765
1.25873,-0.864719,-0.0935448,12,32765
1.35443,-0.937027,-0.099961,12,32765
0,-0,-0,0,32765
0,-0,-0,0,32765
0,-0,-0,0,32765
0,-0,-0,0,32765
0,-0,-0,0,32765
0,-0,-0,0,32765
0,-0,-0,0,32765
0,-0,-0,0,32765
0.959848,-0.294108,-0.110867,15,32765
0.949452,-0.294334,-0.109126,15,32765
0.948538,-0.297444,-0.108642,15,32765
0.976045,-0.309625,-0.111214,15,32765
0.97506,-0.3129,-0.110684,15,32765
0.955136,-0.31004,-0.10812,15,32765
0.954163,-0.31321,-0.107577,15,32765
0.962605,-0.319495,-0.108233,15,32765
0.952175,-0.319511,-0.106653,15,32765
0.998255,-0.338642,-0.111397,15,32765
0.968925,-0.332365,-0.10779,15,32765
0.98665,-0.342141,-0.109367,15,32765
0.966752,-0.338918,-0.106892,15,32765
0.984385,-0.34888,-0.108484,15,32765
0.936429,-0.335438,-0.102873,15,32765
0.991438,-0.358954,-0.108637,15,32765
0.990265,-0.362311,-0.108195,15,32765
0.99841,-0.369128,-0.108728,15,32765
0.997204,-0.372478,-0.10837,15,32765
0.977373,-0.368839,-0.105831,15,32765
0.976145,-0.372167,-0.105509,15,32765
1.03063,-0.396987,-0.110962,15,32765
1.02001,-0.396942,-0.109579,15,32765
1.00016,-0.393158,-0.107233,14,32765
1.03587,-0.411229,-0.110709,15,32765
0.997573,-0.399916,-0.106375,14,32765
1.00548,-0.407032,-0.106915,14,32765
1.02256,-0.417996,-0.108423,15,32765
1.04875,-0.432928,-0.110865,15,32765
1.00135,-0.417419,-0.105662,15,32765
1.05498,-0.444061,-0.11105,15,32765
0.998545,-0.424284,-0.104835,14,32765
1.01544,-0.435522,-0.106286,15,32765
1.05052,-0.454829,-0.109704,15,32765
1.06724,-0.466394,-0.111269,15,32765
1.02013,-0.449989,-0.10607,15,32765
0.991331,-0.441361,-0.102773,14,32765
1.02615,-0.461136,-0.1062,14,32765
1.04272,-0.472918,-0.10759,14,32765
0.995879,-0.455767,-0.102474,14,32765
1.02147,-0.471697,-0.104861,14,32765
1.02894,-0.479368,-0.105293,14,32765
1.00932,-0.474383,-0.103147,14,32765
1.03473,-0.490612,-0.105545,15,32765
1.01515,-0.485512,-0.103204,14,32765
1.06732,-0.514957,-0.10834,14,32765
1.06559,-0.518635,-0.107911,14,32765
1.02805,-0.504796,-0.103927,14,32765
1.07989,-0.534877,-0.108848,15,32765
1.06917,-0.534147,-0.107504,14,32765
1.07626,-0.542291,-0.108105,14,32765
1.03894,-0.527926,-0.103866,14,32765
1.02827,-0.526982,-0.102717,15,32765
1.05304,-0.544253,-0.104867,14,32765
1.08654,-0.566264,-0.108011,15,32765
1.03176,-0.542126,-0.102312,14,32765
1.05639,-0.559571,-0.104496,14,32765
1.0106,-0.539683,-0.0996675,14,32765
1.06143,-0.571467,-0.1044,14,32765
1.04198,-0.565619,-0.102204,14,32765
1.04881,-0.57398,-0.102663,15,32765
1.09054,-0.601583,-0.106391,14,32765
1.06243,-0.590732,-0.103336,15,32765
1.0518,-0.589409,-0.102071,15,32765
1.07589,-0.607638,-0.104078,15,32765
1.03924,-0.591542,-0.100251,14,32765
1.07185,-0.614907,-0.103093,15,32765
1.05254,-0.608575,-0.10096,14,32765
1.08497,-0.6322,-0.103708,15,32765
1.0743,-0.630802,-0.102341,15,32765
1.09794,-0.64965,-0.104275,14,32765
1.11297,-0.6635,-0.105206,15,32765
1.05951,-0.636444,-0.0998827,14,32765
1.11713,-0.676099,-0.104892,15,32765
1.15746,-0.705797,-0.108328,15,32765
1.12969,-0.693992,-0.105279,15,32765
1.102,-0.682013,-0.102261,14,32765
1.12513,-0.70154,-0.103998,14,32765
1.08064,-0.678767,-0.0994206,14,32765
1.11213,-0.703702,-0.10186,15,32765
1.10142,-0.702045,-0.100531,14,32765
1.10755,-0.71108,-0.100467,14,32765
1.09685,-0.709364,-0.0991036,14,32765
1.20318,-0.783765,-0.10807,14,32765
1.1506,-0.754942,-0.102846,13,32765
1.23964,-0.819289,-0.110274,14,32765
1.12907,-0.751559,-0.0997874,13,32765
1.24262,-0.833043,-0.109252,13,32765
1.20691,-0.81477,-0.105403,14,32765
1.18779,-0.807536,-0.103159,14,32765
1.16869,-0.800232,-0.10092,13,32765
1.18251,-0.815477,-0.101351,14,32765
1.2618,-0.876302,-0.107528,14,32765
1.20995,-0.846128,-0.102371,14,32765
1.20728,-0.85005,-0.101437,14,32765
1.23713,-0.877082,-0.103135,14,32765
1.2262,-0.875364,-0.101374,14,32765
1.27196,-0.914404,-0.10429,14,32765
1.21249,-0.877601,-0.0983949,14,32765
1.28229,-0.934472,-0.102915,14,32765
1.32762,-0.97407,-0.105384,13,32765
0.979532,-0.299295,-0.108806,14,32765
1.03552,-0.320176,-0.115237,14,32765
0.958515,-0.299881,-0.106869,15,32765
0.948036,-0.300048,-0.10583,15,32765
0.9565,-0.306249,-0.106862,14,32765
0.983838,-0.318686,-0.110009,15,32765
0.96387,-0.315797,-0.107831,15,32765
0.972258,-0.322143,-0.108801,14,32765
0.971194,-0.325371,-0.108703,14,32765
0.951283,-0.322194,-0.106547,14,32765
1.01608,-0.347886,-0.113802,14,32765
0.977351,-0.33826,-0.109384,14,32765
0.957444,-0.334971,-0.107218,14,32765
1.04072,-0.368042,-0.116396,15,32765
0.936469,-0.334732,-0.10479,15,32765
0.935318,-0.337966,-0.10469,13,32765
0.952874,-0.347979,-0.106497,14,32765
0.942373,-0.347784,-0.105258,14,32765
0.997129,-0.371809,-0.111321,14,32765
0.986599,-0.371626,-0.110069,13,32765
1.00397,-0.382012,-0.111889,14,32765
0.956278,-0.367547,-0.106499,14,32765
0.982868,-0.38159,-0.109361,15,32765
0.963062,-0.377695,-0.10704,14,32765
0.961797,-0.380969,-0.106816,15,32765
0.960501,-0.384305,-0.106519,15,32765
0.968437,-0.391301,-0.107303,14,32765
0.967127,-0.394606,-0.107007,15,32765
0.965817,-0.397881,-0.106714,14,32765
0.946141,-0.393462,-0.104429,15,32765
0.963193,-0.404336,-0.10617,15,32765
1.01683,-0.430838,-0.111965,15,32765
0.997103,-0.426484,-0.10953,14,32765
1.0048,-0.433866,-0.110154,14,32765
0.985091,-0.42939,-0.107793,15,32765
0.965433,-0.424768,-0.105409,14,32765
0.982216,-0.4361,-0.107091,15,32765
0.980782,-0.439398,-0.106754,14,32765
0.933971,-0.422248,-0.101513,14,32765
0.959745,-0.437793,-0.104056,14,32765
0.976357,-0.449411,-0.105623,14,32765
1.03803,-0.482109,-0.112114,14,32765
0.991357,-0.464559,-0.106752,14,32765
1.02578,-0.484983,-0.110318,14,32765
0.979264,-0.467027,-0.105015,14,32765
0.977692,-0.470382,-0.104686,14,32765
0.994066,-0.48236,-0.106123,14,32765
0.983527,-0.481354,-0.104755,14,32765
1.02655,-0.50673,-0.109175,14,32765
1.00705,-0.501354,-0.106756,14,32765
1.00535,-0.50483,-0.106355,14,32765
0.99476,-0.503809,-0.105018,13,32765
1.03739,-0.529897,-0.109186,14,32765
0.955935,-0.492447,-0.100414,13,32765
0.971977,-0.504874,-0.1018,14,32765
1.01438,-0.531319,-0.105967,14,32765
0.995006,-0.525451,-0.10375,14,32765
1.04602,-0.556907,-0.108585,14,32765
1.04414,-0.560486,-0.108251,14,32765
1.00727,-0.545036,-0.104143,14,32765
1.0142,-0.553236,-0.104538,14,32765
1.04729,-0.575833,-0.107681,14,32765
1.02798,-0.569685,-0.105444,13,32765
1.01738,-0.568323,-0.104126,14,32765
1.04154,-0.586431,-0.106256,15,32765
1.08288,-0.614588,-0.11022,14,32765
1.02897,-0.588561,-0.104482,14,32765
1.02703,-0.592036,-0.103981,14,32765
1.00784,-0.585504,-0.101745,14,32765
1.03171,-0.603966,-0.103875,14,32765
1.03826,-0.612552,-0.104395,14,32765
0.993411,-0.590611,-0.0995628,13,32765
1.00854,-0.60422,-0.100835,14,32765
1.07477,-0.648838,-0.107159,14,32765
1.04709,-0.63693,-0.10407,14,32765
1.05347,-0.645683,-0.1044,14,32765
1.02592,-0.633495,-0.10139,14,32765
1.04921,-0.652727,-0.10349,14,32765
1.03017,-0.645667,-0.101265,13,32765
1.02808,-0.64907,-0.100839,13,32765
1.06797,-0.679285,-0.104427,13,32765
1.00702,-0.645193,-0.0981875,14,32765
1.03841,-0.670146,-0.101049,13,32765
1.02785,-0.668187,-0.0997674,13,32765
1.034,-0.677055,-0.100187,13,32765
1.02345,-0.675029,-0.0988758,14,32765
1.13747,-0.755681,-0.10961,13,32765
1.11018,-0.742782,-0.106688,13,32765
1.05813,-0.713063,-0.101465,14,32765
1.06406,-0.722157,-0.101857,13,32765
1.07815,-0.736945,-0.10296,13,32765
1.0429,-0.71791,-0.0993317,14,32765
1.04874,-0.72706,-0.0996651,13,32765
1.10357,-0.770493,-0.104708,13,32765
1.03587,-0.728194,-0.0980384,12,32765
1.09046,-0.771933,-0.103034,13,32765
1.09607,-0.781279,-0.103561,13,32765
1.06117,-0.76159,-0.0999455,13,32765
1.09912,-0.794256,-0.103431,13,32765
1.05625,-0.768482,-0.0993795,12,32765
1.12614,-0.825,-0.105777,14,32765
0.959195,-0.294219,-0.116101,15,32765
0.939224,-0.291528,-0.113885,15,32765
0.928754,-0.291697,-0.11282,16,32765
0.918313,-0.291767,-0.111686,15,32765
0.907875,-0.291806,-0.11051,16,32765
0.925773,-0.301038,-0.112785,15,32765
0.915324,-0.301052,-0.111573,16,32765
0.886043,-0.294712,-0.108042,15,32765
0.894483,-0.300829,-0.1091,15,32765
0.912298,-0.310183,-0.111352,16,32765
0.911278,-0.313207,-0.111235,16,32765
0.891482,-0.30973,-0.108756,15,32765
0.91856,-0.322606,-0.112129,15,32765
0.917493,-0.325714,-0.111878,15,32765
0.953798,-0.342238,-0.116371,16,32765
0.905922,-0.328603,-0.110568,15,32765
0.914153,-0.335122,-0.111432,15,32765
0.922341,-0.341699,-0.112377,15,32765
0.911897,-0.341334,-0.111066,15,32765
0.910774,-0.344382,-0.11087,15,32765
0.881791,-0.336812,-0.10725,14,32765
0.917754,-0.354093,-0.111562,15,32765
0.925828,-0.360824,-0.112462,15,32765
0.90612,-0.356726,-0.109969,15,32765
0.877222,-0.348801,-0.106397,13,32765
0.912921,-0.366667,-0.110593,14,32765
0.874854,-0.354843,-0.105906,14,32765
0.965631,-0.395505,-0.116757,14,32765
0.890845,-0.368401,-0.107589,14,32765
0.907979,-0.379039,-0.109564,15,32765
0.91589,-0.385951,-0.110397,15,32765
0.905476,-0.385126,-0.109049,15,32765
0.940729,-0.403913,-0.11306,15,32765
0.930249,-0.403212,-0.111608,14,32765
0.928884,-0.40644,-0.111269,14,32765
0.891145,-0.393584,-0.106546,14,32765
0.935241,-0.416833,-0.111688,15,32765
0.888536,-0.399596,-0.10596,14,32765
0.923408,-0.419071,-0.109988,14,32765
0.922029,-0.4222,-0.109588,14,32765
0.911587,-0.421205,-0.108143,15,32765
0.928191,-0.432747,-0.109965,14,32765
0.899754,-0.423248,-0.106318,14,32765
0.95222,-0.451932,-0.112402,15,32765
0.914858,-0.437984,-0.107725,14,32765
0.940247,-0.454102,-0.110575,15,32765
0.911941,-0.444208,-0.10697,15,32765
0.937247,-0.460465,-0.109723,15,32765
0.917884,-0.45483,-0.107326,15,32765
0.951966,-0.475752,-0.111,14,32765
0.92371,-0.465617,-0.107517,14,32765
0.913264,-0.464314,-0.106119,15,32765
0.947104,-0.485639,-0.109763,15,32765
0.927783,-0.479786,-0.107347,15,32765
0.908552,-0.473749,-0.104858,14,32765
0.906958,-0.476884,-0.104445,15,32765
0.914162,-0.484622,-0.105113,14,32765
0.903799,-0.483044,-0.103518,14,32765
0.910927,-0.490866,-0.10423,14,32765
0.944288,-0.512933,-0.107796,15,32765
0.925127,-0.506601,-0.105333,15,32765
0.975734,-0.538566,-0.110863,14,32765
0.956573,-0.532169,-0.10847,15,32765
0.928755,-0.520829,-0.105122,15,32765
0.970351,-0.548472,-0.109529,15,32765
0.899324,-0.512396,-0.101319,15,32765
0.906261,-0.520392,-0.101897,15,32765
0.982073,-0.568331,-0.11015,15,32765
0.920002,-0.536563,-0.102938,15,32765
0.961156,-0.56486,-0.1073,14,32765
0.976378,-0.578299,-0.108889,15,32765
0.948819,-0.56631,-0.105526,14,32765
0.989587,-0.595192,-0.109841,15,32765
0.936522,-0.5676,-0.103711,14,32765
0.977131,-0.596715,-0.107922,14,32765
0.983628,-0.605252,-0.108376,15,32765
0.998568,-0.619041,-0.109771,15,32765
0.937406,-0.585477,-0.102887,14,32765
0.960765,-0.604546,-0.105147,15,32765
0.916745,-0.581075,-0.100153,14,32765
0.939999,-0.600259,-0.102428,14,32765
0.971543,-0.624939,-0.105617,15,32765
0.919355,-0.595676,-0.0997874,14,32765
0.959094,-0.625977,-0.103885,14,32765
0.932077,-0.612754,-0.10082,14,32765
1.0048,-0.665376,-0.108425,15,32765
0.969459,-0.646647,-0.104395,14,32765
0.967373,-0.649836,-0.103938,14,32765
0.973482,-0.658658,-0.104414,14,32765
0.971331,-0.661885,-0.104045,14,32765
0.993801,-0.682034,-0.106249,15,32765
0.975183,-0.674013,-0.104037,14,32765
0.964794,-0.671577,-0.102747,14,32765
1.00337,-0.703384,-0.106728,14,32765
0.992992,-0.700897,-0.105412,15,32765
1.00695,-0.715724,-0.10676,15,32765
0.947906,-0.678432,-0.100522,14,32765
0.978069,-0.704826,-0.103451,14,32765
1.00804,-0.731436,-0.106566,15,32765
0.933273,-0.68181,-0.0986713,14,32765
0.979206,-0.720323,-0.103398,15,32765
0.739867,-0.225812,-0.100028,15,32765
0.824465,-0.254635,-0.110991,15,32765
0.823667,-0.25739,-0.110561,15,32765
0.794494,-0.251154,-0.106302,15,32765
0.822053,-0.262869,-0.109677,15,32765
0.821207,-0.265674,-0.109251,15,32765
0.820357,-0.268456,-0.108836,15,32765
0.857156,-0.283732,-0.11349,15,32765
0.837428,-0.280352,-0.110529,15,32765
0.836529,-0.283174,-0.110143,15,32765
0.873166,-0.298861,-0.11473,15,32765
0.881569,-0.305061,-0.115647,16,32765
0.852472,-0.298233,-0.111573,15,32765
0.832779,-0.294517,-0.108809,15,32765
0.813133,-0.290654,-0.105992,14,32765
0.849522,-0.306924,-0.110496,14,32765
0.848519,-0.309815,-0.110139,15,32765
0.875454,-0.322969,-0.113454,15,32765
0.855784,-0.319005,-0.110764,15,32765
0.882628,-0.332378,-0.113984,14,32765
0.853692,-0.32483,-0.109983,14,32765
0.889678,-0.342011,-0.114463,14,32765
0.860776,-0.334273,-0.110575,14,32765
0.859668,-0.337229,-0.110215,14,32765
0.877051,-0.347427,-0.11214,14,32765
0.857451,-0.34305,-0.109517,14,32765
0.865543,-0.349648,-0.110375,14,32765
0.836805,-0.341318,-0.106577,14,32765
0.90915,-0.374441,-0.115498,15,32765
0.898714,-0.373799,-0.113964,15,32765
0.86079,-0.361603,-0.109011,15,32765
0.868715,-0.368469,-0.109842,14,32765
0.794425,-0.340189,-0.100302,14,32765
0.820652,-0.354735,-0.103408,14,32765
0.801272,-0.349581,-0.10078,13,32765
0.881935,-0.38836,-0.110754,14,32765
0.844333,-0.375239,-0.105816,15,32765
0.888398,-0.398463,-0.111249,14,32765
0.868988,-0.39329,-0.108545,14,32765
0.876713,-0.400399,-0.109343,14,32765
0.893411,-0.411752,-0.111248,14,32765
0.874024,-0.406431,-0.10861,14,32765
0.881658,-0.41364,-0.109461,15,32765
0.853346,-0.403887,-0.105718,13,32765
0.869954,-0.415352,-0.10753,14,32765
0.895416,-0.431305,-0.110481,14,32765
0.89398,-0.434369,-0.110106,15,32765
0.901451,-0.441814,-0.11084,14,32765
0.882148,-0.436111,-0.108268,14,32765
0.880707,-0.439124,-0.10782,14,32765
0.923629,-0.464505,-0.11289,14,32765
0.886631,-0.449654,-0.108151,14,32765
0.920522,-0.470841,-0.112021,14,32765
0.883593,-0.455785,-0.107348,15,32765
0.882074,-0.458818,-0.106917,14,32765
0.880535,-0.461852,-0.106541,13,32765
0.870242,-0.460168,-0.104994,14,32765
0.903837,-0.481804,-0.108829,14,32765
0.919778,-0.494266,-0.110497,13,32765
0.865698,-0.468933,-0.103769,13,32765
0.899065,-0.490952,-0.107463,14,32765
0.93229,-0.513202,-0.111168,14,32765
0.904513,-0.501886,-0.107551,15,32765
0.894189,-0.500085,-0.106023,14,32765
0.918566,-0.517738,-0.108558,14,32765
0.951437,-0.540534,-0.112212,14,32765
0.923761,-0.528948,-0.108539,14,32765
0.956465,-0.551995,-0.112144,14,32765
0.946044,-0.550271,-0.110465,15,32765
0.927078,-0.543396,-0.10792,14,32765
0.959566,-0.566784,-0.111304,14,32765
0.966257,-0.575121,-0.111728,14,32765
0.870504,-0.522071,-0.100325,15,32765
0.962494,-0.581625,-0.110541,15,32765
0.935096,-0.569324,-0.107075,14,32765
0.950215,-0.582879,-0.10837,15,32765
0.922919,-0.570378,-0.10483,14,32765
0.963333,-0.599766,-0.108952,14,32765
0.995112,-0.62416,-0.112144,15,32765
0.925799,-0.584882,-0.103963,14,32765
0.957524,-0.609336,-0.107044,14,32765
0.980716,-0.62862,-0.10924,14,32765
0.970338,-0.626481,-0.107543,15,32765
0.968314,-0.629716,-0.106892,14,32765
0.957957,-0.627495,-0.1052,14,32765
0.922672,-0.608764,-0.10091,14,32765
0.953888,-0.633897,-0.103792,14,32765
0.918721,-0.614948,-0.0994538,14,32765
0.958009,-0.64588,-0.10324,14,32765
1.00542,-0.682605,-0.107609,14,32765
0.962095,-0.65785,-0.102504,14,32765
0.968209,-0.666667,-0.102602,14,32765
0.974291,-0.675507,-0.102702,14,32765
0.963982,-0.672995,-0.101082,14,32765
0.986328,-0.693336,-0.102681,14,32765
0.967823,-0.685121,-0.100139,13,32765
1.00623,-0.717229,-0.10339,13,32765
0.995861,-0.714713,-0.101712,14,32765
1.01782,-0.735534,-0.103111,14,32765
1.03157,-0.750661,-0.103763,14,32765
0.997002,-0.730554,-0.099382,13,32765
0.776555,-0.238004,-0.112767,16,32765
0.747445,-0.231813,-0.108115,15,32765
0.775076,-0.243216,-0.111815,15,32765
0.755439,-0.239801,-0.108663,15,32765
0.83959,-0.269591,-0.120455,15,32765
0.791605,-0.257157,-0.113276,15,32765
0.809612,-0.266034,-0.115563,15,32765
0.752318,-0.250055,-0.107192,15,32765
0.817276,-0.27473,-0.116114,15,32765
0.807012,-0.274303,-0.114407,15,32765
0.834244,-0.286709,-0.118049,15,32765
0.795856,-0.276527,-0.112457,15,32765
0.748194,-0.26282,-0.105504,15,32765
0.812723,-0.288596,-0.114431,15,32765
0.830452,-0.298052,-0.11668,15,32765
0.829476,-0.300899,-0.116318,15,32765
0.781948,-0.286667,-0.109454,15,32765
0.818209,-0.303074,-0.114369,15,32765
0.780063,-0.291956,-0.108918,14,32765
0.788397,-0.298094,-0.109863,15,32765
0.842994,-0.322056,-0.11722,15,32765
0.823416,-0.317816,-0.114364,15,32765
0.840841,-0.327849,-0.116628,15,32765
0.784386,-0.308938,-0.108608,15,32765
0.829479,-0.329905,-0.114575,15,32765
0.819172,-0.329054,-0.11305,15,32765
0.854869,-0.346725,-0.117814,15,32765
0.789469,-0.323305,-0.108685,15,32765
0.843412,-0.348761,-0.115851,15,32765
0.823924,-0.344067,-0.112994,15,32765
0.859297,-0.362425,-0.117714,16,32765
0.82156,-0.349866,-0.112392,15,32765
0.829499,-0.356633,-0.113336,15,32765
0.810111,-0.351583,-0.110496,15,32765
0.827131,-0.362309,-0.112637,14,32765
0.80777,-0.357127,-0.109855,15,32765
0.81565,-0.363944,-0.110729,15,32765
0.805375,-0.362673,-0.109265,15,32765
0.849366,-0.38595,-0.114979,15,32765
0.802966,-0.368187,-0.108556,15,32765
0.846764,-0.391817,-0.114322,14,32765
0.83647,-0.390526,-0.112731,15,32765
0.826178,-0.389165,-0.111265,15,32765
0.815929,-0.387725,-0.10968,15,32765
0.814653,-0.390508,-0.10929,15,32765
0.849087,-0.410628,-0.113737,15,32765
0.838795,-0.40919,-0.112186,15,32765
0.855242,-0.420848,-0.114224,15,32765
0.827148,-0.410562,-0.110299,15,32765
0.825791,-0.413396,-0.109877,15,32765
0.797801,-0.402836,-0.106007,15,32765
0.831869,-0.423577,-0.110344,15,32765
0.821609,-0.421936,-0.108761,15,32765
0.855464,-0.44305,-0.113085,15,32765
0.845183,-0.441398,-0.111503,15,32765
0.861279,-0.453571,-0.113457,15,32765
0.87735,-0.465796,-0.115285,15,32765
0.849551,-0.454691,-0.111442,15,32765
0.830575,-0.448131,-0.10874,15,32765
0.855294,-0.465168,-0.111763,15,32765
0.86247,-0.47287,-0.112424,15,32765
0.860903,-0.47582,-0.111989,15,32765
0.85934,-0.478749,-0.111512,15,32765
0.857773,-0.48166,-0.111036,15,32765
0.864861,-0.489441,-0.111635,15,32765
0.854595,-0.487484,-0.11012,15,32765
0.844378,-0.485454,-0.108445,15,32765
0.851359,-0.49333,-0.109147,15,32765
0.849733,-0.496259,-0.108544,15,32765
0.873812,-0.514256,-0.111326,15,32765
0.863575,-0.51216,-0.10968,15,32765
0.82776,-0.494693,-0.104847,14,32765
0.868732,-0.523131,-0.109723,15,32765
0.833023,-0.50544,-0.104896,15,32765
0.848343,-0.518614,-0.106553,14,32765
0.880525,-0.542337,-0.110208,15,32765
0.836515,-0.519093,-0.10433,14,32765
0.877007,-0.548255,-0.108972,15,32765
0.866806,-0.545911,-0.107372,15,32765
0.856674,-0.543431,-0.105793,15,32765
0.854935,-0.546285,-0.105166,15,32765
0.853183,-0.549121,-0.104623,15,32765
0.851425,-0.551968,-0.103952,14,32765
0.891291,-0.582013,-0.108446,15,32765
0.864483,-0.5686,-0.104707,14,32765
0.879227,-0.582494,-0.106117,15,32765
0.869073,-0.57992,-0.104426,14,32765
0.883708,-0.593958,-0.105713,15,32765
0.848807,-0.574627,-0.101144,14,32765
0.896339,-0.611068,-0.106168,15,32765
0.927182,-0.636606,-0.109392,14,32765
0.908785,-0.628348,-0.106722,15,32765
0.890463,-0.619952,-0.104094,15,32765
0.864046,-0.605735,-0.100548,15,32765
0.878418,-0.620052,-0.101578,14,32765
0.876417,-0.623001,-0.10081,14,32765
0.947317,-0.678056,-0.108308,14,32765
0.929016,-0.669525,-0.105666,14,32765
0.918829,-0.666773,-0.103767,14,32765
0.956892,-0.69923,-0.107402,15,32765
0.962674,-0.708354,-0.107203,14,32765
0.852968,-0.260616,-0.120518,15,32765
0.833144,-0.257563,-0.118037,16,32765
0.813374,-0.254372,-0.115403,15,32765
0.793603,-0.251115,-0.112852,15,32765
0.792755,-0.253745,-0.112931,15,32765
0.754187,-0.244185,-0.10759,15,32765
0.781624,-0.255935,-0.111629,15,32765
0.780769,-0.258538,-0.111618,14,32765
0.79869,-0.267444,-0.114319,15,32765
0.797811,-0.270099,-0.114212,15,32765
0.787522,-0.269604,-0.112799,15,32765
0.805336,-0.278768,-0.115423,15,32765
0.785674,-0.275008,-0.112633,14,32765
0.794068,-0.281051,-0.113869,15,32765
0.746471,-0.267073,-0.107021,15,32765
0.78283,-0.283119,-0.112345,15,32765
0.791189,-0.289193,-0.113525,15,32765
0.818111,-0.302168,-0.117424,15,32765
0.826401,-0.308405,-0.118526,15,32765
0.806834,-0.304181,-0.115728,15,32765
0.824346,-0.313991,-0.118167,15,32765
0.795552,-0.306081,-0.114068,15,32765
0.766847,-0.29795,-0.109872,15,32765
0.821231,-0.322273,-0.117554,15,32765
0.774089,-0.306777,-0.110792,15,32765
0.782239,-0.313161,-0.111945,14,32765
0.79037,-0.319588,-0.113042,15,32765
0.844375,-0.344802,-0.120591,15,32765
0.788227,-0.325036,-0.112474,14,32765
0.805453,-0.33534,-0.11486,15,32765
0.840895,-0.353485,-0.119763,16,32765
0.830586,-0.352489,-0.118234,15,32765
0.811199,-0.347513,-0.115285,15,32765
0.800932,-0.346383,-0.113698,14,32765
0.763423,-0.333261,-0.108272,15,32765
0.789507,-0.347946,-0.111861,15,32765
0.806467,-0.358747,-0.114071,16,32765
0.796217,-0.357465,-0.112504,15,32765
0.776955,-0.35203,-0.109618,15,32765
0.829917,-0.379445,-0.116873,16,32765
0.819651,-0.378136,-0.115261,15,32765
0.818398,-0.380929,-0.114967,14,32765
0.826136,-0.387924,-0.115823,14,32765
0.815889,-0.386508,-0.114175,15,32765
0.814597,-0.389325,-0.113828,14,32765
0.78649,-0.379211,-0.109691,14,32765
0.838765,-0.407965,-0.116781,15,32765
0.801802,-0.393319,-0.111419,14,32765
0.800514,-0.39606,-0.110966,15,32765
0.825848,-0.412101,-0.114228,15,32765
0.788989,-0.397167,-0.108882,14,32765
0.831896,-0.4224,-0.114573,14,32765
0.795155,-0.407174,-0.109259,14,32765
0.846744,-0.437195,-0.116122,15,32765
0.792485,-0.412563,-0.10844,14,32765
0.843867,-0.442973,-0.115168,15,32765
0.842376,-0.445911,-0.114741,15,32765
0.805849,-0.430142,-0.109479,15,32765
0.83064,-0.447042,-0.112652,15,32765
0.855363,-0.464072,-0.115721,14,32765
0.792861,-0.433613,-0.107013,15,32765
0.826235,-0.455482,-0.111229,15,32765
0.833427,-0.463094,-0.112,15,32765
0.831901,-0.465949,-0.111501,15,32765
0.804411,-0.454142,-0.107601,14,32765
0.820164,-0.466739,-0.109479,14,32765
0.853088,-0.48933,-0.113564,14,32765
0.860092,-0.497202,-0.114156,14,32765
0.858446,-0.500129,-0.113757,14,32765
0.87396,-0.513071,-0.115548,15,32765
0.829512,-0.49073,-0.109515,15,32765
0.819363,-0.488446,-0.108001,15,32765
0.826314,-0.496305,-0.108565,15,32765
0.841685,-0.509397,-0.110364,15,32765
0.823044,-0.501892,-0.107715,15,32765
0.846807,-0.520286,-0.110542,15,32765
0.836641,-0.517924,-0.109021,15,32765
0.826536,-0.515459,-0.107426,15,32765
0.808028,-0.507639,-0.104852,15,32765
0.823192,-0.520955,-0.106587,15,32765
0.813116,-0.518355,-0.105121,14,32765
0.836504,-0.537216,-0.107987,15,32765
0.834756,-0.540023,-0.107507,14,32765
0.816319,-0.531985,-0.104954,14,32765
0.806264,-0.529268,-0.103509,14,32765
0.829414,-0.548421,-0.106338,15,32765
0.819336,-0.54569,-0.10493,14,32765
0.875382,-0.587173,-0.111952,14,32765
0.824043,-0.556677,-0.105184,14,32765
0.830478,-0.564984,-0.105823,14,32765
0.82039,-0.562173,-0.104504,14,32765
0.826731,-0.570585,-0.105112,14,32765
0.8412,-0.584704,-0.106789,14,32765
0.831143,-0.581787,-0.105474,14,32765
0.821153,-0.578758,-0.104149,14,32765
0.884194,-0.627497,-0.112014,14,32765
0.833607,-0.59569,-0.105603,14,32765
0.815518,-0.586827,-0.103273,14,32765
0.88608,-0.642085,-0.112202,14,32765
0.859859,-0.627437,-0.108931,14,32765
0.841792,-0.618475,-0.106655,14,32765
0.709617,-0.217744,-0.107383,15,32765
0.76558,-0.237687,-0.116154,16,32765
0.727022,-0.228337,-0.110461,16,32765
0.77339,-0.245763,-0.117762,15,32765
0.753714,-0.242277,-0.114964,17,32765
0.743481,-0.241744,-0.113561,16,32765
0.733271,-0.241124,-0.112127,16,32765
0.751244,-0.249819,-0.114991,15,32765
0.741019,-0.249187,-0.113563,16,32765
0.749569,-0.254844,-0.114898,16,32765
0.758063,-0.260619,-0.116266,16,32765
0.719786,-0.25021,-0.110469,15,32765
0.7376,-0.259274,-0.113238,16,32765
0.755355,-0.268479,-0.116004,16,32765
0.745139,-0.267723,-0.114421,16,32765
0.762821,-0.277048,-0.117253,16,32765
0.771183,-0.28307,-0.118529,17,32765
0.742394,-0.275359,-0.114146,16,32765
0.760022,-0.284829,-0.116784,16,32765
0.731309,-0.276869,-0.112388,16,32765
0.730386,-0.279373,-0.112192,16,32765
0.720223,-0.278265,-0.110665,16,32765
0.756213,-0.295054,-0.116125,16,32765
0.736822,-0.290364,-0.113058,16,32765
0.717464,-0.28553,-0.110084,15,32765
0.771597,-0.310198,-0.118387,16,32765
0.743027,-0.301706,-0.113951,16,32765
0.732863,-0.30052,-0.11225,15,32765
0.713558,-0.295479,-0.109213,15,32765
0.730847,-0.305553,-0.111804,16,32765
0.711582,-0.300379,-0.108739,15,32765
0.728796,-0.310586,-0.111326,15,32765
0.782359,-0.336561,-0.119336,16,32765
0.763061,-0.331386,-0.116282,16,32765
0.752884,-0.330035,-0.114642,15,32765
0.751754,-0.332693,-0.114376,15,32765
0.72351,-0.32319,-0.109916,15,32765
0.776609,-0.350119,-0.11788,15,32765
0.730355,-0.3323,-0.110715,15,32765
0.76527,-0.351351,-0.115818,15,32765
0.719157,-0.333161,-0.108705,15,32765
0.744979,-0.348205,-0.112513,15,32765
0.77073,-0.36342,-0.116197,16,32765
0.760582,-0.361813,-0.114481,15,32765
0.750438,-0.360161,-0.112813,15,32765
0.740321,-0.358442,-0.111108,15,32765
0.783652,-0.382752,-0.117435,15,32765
0.755733,-0.37227,-0.113061,15,32765
0.754515,-0.374862,-0.112632,15,32765
0.771002,-0.386342,-0.114873,16,32765
0.74315,-0.375657,-0.110502,15,32765
0.777207,-0.396282,-0.115364,15,32765
0.740626,-0.380838,-0.10971,16,32765
0.78339,-0.406176,-0.115849,15,32765
0.755703,-0.395061,-0.111538,15,32765
0.789489,-0.416163,-0.116255,16,32765
0.770575,-0.409612,-0.113279,15,32765
0.777947,-0.416989,-0.1141,15,32765
0.794002,-0.429115,-0.116282,15,32765
0.775179,-0.422333,-0.113283,15,32765
0.773802,-0.424966,-0.112849,15,32765
0.755058,-0.417992,-0.109866,15,32765
0.797006,-0.444717,-0.115796,16,32765
0.786893,-0.442593,-0.114063,15,32765
0.759536,-0.430611,-0.109908,14,32765
0.783944,-0.448005,-0.113236,15,32765
0.782462,-0.45071,-0.112753,15,32765
0.772409,-0.448397,-0.111014,15,32765
0.788056,-0.461057,-0.113113,15,32765
0.752362,-0.44355,-0.107776,15,32765
0.793564,-0.471448,-0.113544,15,32765
0.766464,-0.458845,-0.10952,15,32765
0.790491,-0.476799,-0.112631,15,32765
0.788922,-0.479489,-0.112217,15,32765
0.76195,-0.466609,-0.108207,14,32765
0.79422,-0.49005,-0.112541,14,32765
0.817899,-0.508476,-0.115725,15,32765
0.782598,-0.490136,-0.110483,15,32765
0.781005,-0.492755,-0.110111,15,32765
0.771035,-0.490032,-0.108504,14,32765
0.802895,-0.514029,-0.112847,15,32765
0.817892,-0.527513,-0.114818,15,32765
0.782862,-0.508624,-0.10968,15,32765
0.797807,-0.522155,-0.111617,15,32765
0.804387,-0.530308,-0.112405,15,32765
0.76955,-0.511032,-0.107421,15,32765
0.800897,-0.535712,-0.111703,15,32765
0.807403,-0.543918,-0.112485,15,32765
0.805645,-0.546607,-0.112061,15,32765
0.787483,-0.538059,-0.10938,15,32765
0.761132,-0.523835,-0.105709,15,32765
0.783909,-0.543388,-0.108701,15,32765
0.773984,-0.540331,-0.107195,15,32765
0.75596,-0.531475,-0.104683,15,32765
0.79481,-0.562646,-0.110027,15,32765
0.793005,-0.565255,-0.10968,15,32765
0.799249,-0.573653,-0.110561,15,32765
0.813485,-0.587948,-0.112514,14,32765
0.803508,-0.584826,-0.111149,15,32765
0.7615,-0.55813,-0.105402,14,32765
0.791675,-0.58424,-0.109612,15,32765
0,-0,-0,0,32765
0.698449,-0.21599,-0.11453,16,32765
0.678922,-0.212377,-0.111181,15,32765
0.697072,-0.220617,-0.114103,16,32765
0.686955,-0.219952,-0.11231,16,32765
0.676838,-0.219239,-0.110566,16,32765
0.66673,-0.218461,-0.108838,15,32765
0.684791,-0.22693,-0.111644,16,32765
0.665325,-0.222952,-0.108328,15,32765
0.70206,-0.237871,-0.114144,16,32765
0.682591,-0.233861,-0.110806,16,32765
0.71919,-0.249153,-0.116572,16,32765
0.690386,-0.241821,-0.111757,16,32765
0.72688,-0.257393,-0.117452,16,32765
0.660891,-0.236534,-0.106657,16,32765
0.669423,-0.242166,-0.107833,15,32765
0.696489,-0.25464,-0.112078,16,32765
0.695669,-0.257016,-0.111746,16,32765
0.676306,-0.25247,-0.108484,16,32765
0.731011,-0.275705,-0.117089,16,32765
0.71161,-0.271201,-0.113848,16,32765
0.69226,-0.266538,-0.110603,16,32765
0.682168,-0.265354,-0.10878,16,32765
0.690514,-0.271315,-0.109904,15,32765
0.726417,-0.288257,-0.115439,15,32765
0.716297,-0.287056,-0.113652,16,32765
0.706195,-0.285774,-0.111899,16,32765
0.705273,-0.288177,-0.111552,15,32765
0.731768,-0.301922,-0.11558,16,32765
0.721625,-0.300666,-0.113832,15,32765
0.702363,-0.295545,-0.110632,15,32765
0.701353,-0.298053,-0.110312,15,32765
0.736734,-0.316142,-0.115662,15,32765
0.726593,-0.314775,-0.113923,15,32765
0.75277,-0.329173,-0.117827,15,32765
0.724513,-0.319769,-0.11326,15,32765
0.723456,-0.322266,-0.112941,15,32765
0.72239,-0.324747,-0.112663,15,32765
0.739352,-0.335424,-0.115104,15,32765
0.720231,-0.329732,-0.112002,15,32765
0.728115,-0.336396,-0.113075,14,32765
0.691082,-0.322203,-0.107193,15,32765
0.752732,-0.354118,-0.116595,15,32765
0.697862,-0.331259,-0.107963,15,32765
0.687829,-0.329384,-0.106289,15,32765
0.695653,-0.336074,-0.107335,15,32765
0.694524,-0.338484,-0.107073,15,32765
0.737864,-0.362708,-0.113581,15,32765
0.6834,-0.338845,-0.105112,15,32765
0.717744,-0.358887,-0.110199,15,32765
0.751933,-0.379213,-0.115299,15,32765
0.750663,-0.381823,-0.114962,15,32765
0.731731,-0.375415,-0.111955,15,32765
0.739258,-0.382541,-0.112959,16,32765
0.711637,-0.371339,-0.108537,15,32765
0.727936,-0.383036,-0.110875,15,32765
0.75291,-0.399494,-0.114589,15,32765
0.760344,-0.406741,-0.115492,15,32765
0.759007,-0.409334,-0.115126,15,32765
0.731553,-0.397697,-0.110759,15,32765
0.712862,-0.390649,-0.107802,15,32765
0.728946,-0.402664,-0.109996,14,32765
0.74496,-0.414765,-0.112272,15,32765
0.760882,-0.427026,-0.114489,15,32765
0.776747,-0.439374,-0.116681,15,32765
0.706376,-0.402751,-0.105943,15,32765
0.756635,-0.434825,-0.113275,15,32765
0.746622,-0.432445,-0.111565,15,32765
0.753785,-0.439967,-0.112419,14,32765
0.752373,-0.442504,-0.111916,15,32765
0.742389,-0.440007,-0.110236,14,32765
0.783514,-0.467964,-0.116256,15,32765
0.75651,-0.45526,-0.111944,14,32765
0.763523,-0.462956,-0.112712,15,32765
0.719696,-0.439675,-0.10594,15,32765
0.777429,-0.478503,-0.114187,15,32765
0.758997,-0.470687,-0.111251,15,32765
0.791136,-0.494275,-0.115738,16,32765
0.705557,-0.444077,-0.102885,14,32765
0.779569,-0.494292,-0.113349,15,32765
0.769624,-0.491541,-0.111651,15,32765
0.776385,-0.499509,-0.112328,14,32765
0.791456,-0.512895,-0.114176,14,32765
0.773203,-0.504671,-0.111193,14,32765
0.738412,-0.485427,-0.105867,14,32765
0.753438,-0.498842,-0.107644,14,32765
0.735308,-0.490363,-0.104722,15,32765
0.741975,-0.498374,-0.105338,15,32765
0.773295,-0.523095,-0.109479,14,32765
0.796266,-0.542452,-0.112282,15,32765
0.786347,-0.539501,-0.110441,14,32765
0.800968,-0.553431,-0.11209,15,32765
0.791064,-0.550414,-0.110282,15,32765
0.805645,-0.56438,-0.11185,15,32765
0.755177,-0.532652,-0.104349,15,32765
0.794057,-0.563865,-0.109225,15,32765
0.768017,-0.549173,-0.105165,14,32765
0.782438,-0.563317,-0.106608,14,32765
0.788715,-0.571749,-0.106914,14,32765
0.803006,-0.586069,-0.108182,14,32765
0.817231,-0.600471,-0.109404,14,32765
0,-0,-0,0,32765
0.697118,-0.216561,-0.121359,17,32765
0.687036,-0.215893,-0.119461,17,32765
0.676933,-0.215216,-0.117662,16,32765
0.666852,-0.214482,-0.115784,16,32765
0.65677,-0.2137,-0.113952,16,32765
0.656071,-0.215938,-0.113762,15,32765
0.664741,-0.221277,-0.115134,16,32765
0.654683,-0.220371,-0.113257,16,32765
0.663326,-0.225755,-0.114603,16,32765
0.67193,-0.231239,-0.115928,16,32765
0.652533,-0.22707,-0.112429,16,32765
0.670413,-0.235872,-0.115374,16,32765
0.678951,-0.241491,-0.116652,16,32765
0.687462,-0.247136,-0.117984,16,32765
0.668105,-0.24276,-0.11447,16,32765
0.676577,-0.248456,-0.115817,16,32765
0.685035,-0.254205,-0.117076,16,32765
0.693456,-0.260014,-0.118368,16,32765
0.711087,-0.269373,-0.121219,16,32765
0.673297,-0.257729,-0.11466,15,32765
0.690875,-0.267175,-0.117512,16,32765
0.6808,-0.265985,-0.115597,16,32765
0.670749,-0.264705,-0.113697,16,32765
0.697423,-0.277963,-0.118054,16,32765
0.705685,-0.28404,-0.119286,16,32765
0.677306,-0.275281,-0.114353,16,32765
0.658137,-0.270091,-0.110937,15,32765
0.71202,-0.295056,-0.119872,16,32765
0.674571,-0.282286,-0.113439,16,32765
0.710026,-0.300072,-0.119248,17,32765
0.699911,-0.298736,-0.117398,16,32765
0.680754,-0.293391,-0.113996,16,32765
0.6979,-0.303659,-0.116736,16,32765
0.678802,-0.298118,-0.11337,16,32765
0.713968,-0.316484,-0.119112,16,32765
0.703897,-0.314914,-0.117292,16,32765
0.702854,-0.317336,-0.11702,16,32765
0.701808,-0.319773,-0.116662,16,32765
0.709728,-0.326334,-0.117866,16,32765
0.681724,-0.316329,-0.113083,15,32765
0.698571,-0.327107,-0.115756,16,32765
0.697477,-0.329547,-0.115436,16,32765
0.687442,-0.327728,-0.113656,16,32765
0.659612,-0.317241,-0.108948,15,32765
0.667457,-0.32385,-0.110098,16,32765
0.701908,-0.343567,-0.115704,16,32765
0.700781,-0.345973,-0.115364,16,32765
0.690768,-0.343984,-0.113641,16,32765
0.725018,-0.364098,-0.11909,16,32765
0.723804,-0.366612,-0.11876,15,32765
0.704951,-0.36013,-0.115544,15,32765
0.694927,-0.358082,-0.113812,15,32765
0.702494,-0.365097,-0.114923,16,32765
0.692521,-0.362935,-0.113107,16,32765
0.700057,-0.369969,-0.114209,15,32765
0.690075,-0.367748,-0.11251,15,32765
0.715032,-0.384168,-0.116377,16,32765
0.69636,-0.377185,-0.113201,16,32765
0.695137,-0.379548,-0.112822,15,32765
0.702565,-0.386686,-0.113915,15,32765
0.675332,-0.374676,-0.109291,16,32765
0.674111,-0.376958,-0.108979,15,32765
0.73325,-0.413317,-0.118378,15,32765
0.706067,-0.40114,-0.113825,15,32765
0.678954,-0.38881,-0.109306,15,32765
0.72056,-0.415907,-0.115823,15,32765
0.719191,-0.418383,-0.115414,15,32765
0.717833,-0.420821,-0.115004,15,32765
0.707954,-0.418206,-0.11316,15,32765
0.681043,-0.405421,-0.108693,15,32765
0.688195,-0.412842,-0.109773,15,32765
0.686868,-0.41517,-0.109298,15,32765
0.710917,-0.432958,-0.112888,15,32765
0.701076,-0.430187,-0.111046,15,32765
0.716547,-0.442977,-0.113279,15,32765
0.731924,-0.455902,-0.115505,15,32765
0.73884,-0.463643,-0.116403,15,32765
0.728976,-0.460847,-0.114519,15,32765
0.752578,-0.479291,-0.117926,15,32765
0.709322,-0.455035,-0.110931,15,32765
0.716179,-0.462819,-0.111739,15,32765
0.714706,-0.465215,-0.111224,14,32765
0.721526,-0.473035,-0.111975,15,32765
0.711747,-0.46998,-0.110162,15,32765
0.73504,-0.488829,-0.113415,14,32765
0.716984,-0.480275,-0.110322,15,32765
0.707216,-0.477147,-0.108517,15,32765
0.738521,-0.501804,-0.113046,15,32765
0.769686,-0.526689,-0.1174,15,32765
0.759839,-0.523647,-0.115488,15,32765
0.725556,-0.503572,-0.109927,14,32765
0.748369,-0.523043,-0.113002,15,32765
0.74676,-0.525478,-0.112346,15,32765
0.761334,-0.539408,-0.114058,15,32765
0.7516,-0.536116,-0.112147,15,32765
0.733775,-0.52705,-0.109048,15,32765
0.724089,-0.523658,-0.107134,15,32765
0.7385,-0.537762,-0.108769,15,32765
0.72883,-0.534332,-0.106755,15,32765
0,-0,-0,0,32765
7.77219,0.0518432,1.35737,13,32765
7.88069,0.0270386,1.37623,13,32765
7.77247,0.00154417,1.35675,12,32765
7.79227,-0.0246603,1.35943,12,32765
7.54613,-0.0489089,1.31494,13,32765
7.52643,-0.0739613,1.31031,12,32765
7.52627,-0.0989953,1.30961,12,32765
7.52612,-0.124141,1.30834,12,32765
7.71311,-0.153234,1.33918,12,32765
7.75216,-0.179665,1.34488,12,32765
7.77157,-0.205299,1.34632,12,32765
7.71204,-0.228573,1.3346,13,32765
7.71135,-0.253556,1.33406,12,32765
7.75014,-0.280312,1.33927,13,32765
7.71007,-0.304023,1.33088,13,32765
7.70917,-0.329378,1.33008,12,32765
7.66892,-0.352883,1.32183,12,32765
7.64839,-0.376576,1.31649,13,32765
7.66686,-0.402779,1.31953,13,32765
7.66565,-0.427698,1.31868,12,32765
7.66442,-0.453077,1.31735,13,32765
7.57445,-0.472717,1.30161,13,32765
7.64186,-0.501939,1.31262,12,32765
7.64038,-0.526784,1.31146,13,32765
7.6094,-0.549377,1.30491,13,32765
7.6371,-0.576633,1.30962,13,32765
7.63523,-0.6019,1.30913,13,32765
2.14163,-0.175912,0.36728,12,32765
1.93486,-0.165432,0.331443,15,32765
1.96377,-0.174377,0.336458,16,32765
1.95342,-0.179922,0.334472,15,32765
1.96266,-0.187282,0.33601,14,32765
1.87376,-0.184931,0.320801,14,32765
1.85354,-0.18905,0.3174,13,32765
1.85293,-0.195079,0.317307,13,32765
0,-0,0,0,32765
0,-0,0,0,32765
0,-0,0,0,32765
0,-0,0,0,32765
0,-0,0,0,32765
0,-0,0,0,32765
0,-0,0,0,32765
0,-0,0,0,32765
0,-0,0,0,32765
0,-0,0,0,32765
0,-0,0,0,32765
0,-0,0,0,32765
0,-0,0,0,32765
1.80304,-0.274165,0.310452,12,32765
1.74364,-0.27107,0.300545,16,32765
1.81089,-0.287796,0.31216,15,32765
1.86829,-0.303411,0.322222,14,32765
1.85749,-0.308075,0.320831,13,32765
1.74949,-0.29625,0.302515,13,32765
1.82621,-0.315434,0.316014,12,32765
1.94166,-0.341961,0.336163,11,32765
1.95991,-0.351856,0.339648,11,32765
1.72599,-0.315717,0.299462,11,32765
1.65711,-0.308778,0.287642,12,32765
1.7045,-0.323395,0.296125,13,32765
1.7131,-0.330885,0.297852,14,32765
1.73131,-0.340366,0.301341,13,32765
1.70118,-0.340247,0.296329,13,32765
1.70003,-0.345887,0.296392,13,32765
1.65061,-0.341513,0.288026,14,32765
1.63983,-0.34493,0.286328,17,32765
1.61939,-0.346272,0.282997,16,32765
1.60859,-0.349484,0.281437,17,32765
1.56894,-0.346324,0.274539,17,32765
1.65431,-0.370951,0.289947,16,32765
1.53774,-0.350154,0.269708,15,32765
1.54617,-0.357447,0.271478,17,32765
1.54499,-0.362536,0.271409,16,32765
1.5534,-0.36993,0.272934,15,32765
0,-0,0,0,32765
0,-0,0,0,32765
0,-0,0,0,32765
0,-0,0,0,32765
0,-0,0,0,32765
0,-0,0,0,32765
1.46831,-0.3852,0.259376,12,32765
1.40036,-0.372279,0.247592,14,32765
1.38967,-0.374209,0.245748,18,32765
1.39796,-0.381334,0.247347,18,32765
1.40622,-0.388454,0.249077,18,32765
1.37649,-0.385035,0.24395,18,32765
1.40371,-0.397583,0.248849,18,32765
1.42136,-0.407517,0.252321,19,32765
1.40113,-0.406648,0.248757,18,32765
1.39985,-0.411055,0.248685,20,32765
1.37967,-0.409914,0.245133,19,32765
1.38784,-0.417138,0.246595,18,32765
1.3771,-0.418669,0.244766,18,32765
1.37578,-0.423089,0.244592,18,32765
1.36505,-0.424455,0.242841,19,32765
1.39196,-0.437661,0.247605,18,32765
1.37183,-0.436006,0.244084,18,32765
1.36118,-0.437168,0.242047,19,32765
1.36925,-0.444436,0.243348,19,32765
1.35856,-0.445572,0.241385,18,32765
1.35729,-0.449749,0.240835,19,32765
7.75504,0.0527802,1.27911,14,32765
7.77492,0.0276915,1.2823,14,32765
7.75532,0.00251545,1.27849,15,32765
7.71595,-0.023489,1.27123,14,32765
7.499,-0.0477388,1.23396,14,32765
7.48913,-0.0727703,1.23114,14,32765
7.49883,-0.0978474,1.23207,14,32765
7.52827,-0.123426,1.23566,14,32765
7.71554,-0.152554,1.26473,14,32765
7.67572,-0.177208,1.25713,14,32765
7.71488,-0.203153,1.26163,14,32765
7.71443,-0.228035,1.26014,15,32765
7.71374,-0.253064,1.25961,14,32765
7.65394,-0.276306,1.24836,14,32765
7.67298,-0.302072,1.25,14,32765
7.62277,-0.325241,1.24117,14,32765
7.64161,-0.35122,1.24293,13,32765
7.64076,-0.375833,1.24099,14,32765
7.63953,-0.401016,1.24064,14,32765
7.63833,-0.425885,1.2398,14,32765
7.61738,-0.450048,1.23528,14,32765
7.61594,-0.475097,1.23475,15,32765
7.61448,-0.499971,1.23393,15,32765
7.613,-0.524766,1.23278,15,32765
7.59181,-0.548017,1.22811,15,32765
7.57033,-0.571541,1.22457,15,32765
7.56847,-0.596626,1.22409,15,32765
0,-0,0,0,32765
1.98707,-0.169915,0.321057,15,32765
1.97667,-0.175552,0.319434,16,32765
1.9663,-0.181147,0.31754,15,32765
1.99521,-0.190437,0.322157,15,32765
1.99459,-0.196916,0.322063,15,32765
1.90554,-0.194421,0.307742,13,32765
1.8951,-0.199594,0.30606,12,32765
0,-0,0,0,32765
0,-0,0,0,32765
0,-0,0,0,32765
0,-0,0,0,32765
0,-0,0,0,32765
0,-0,0,0,32765
0,-0,0,0,32765
0,-0,0,0,32765
0,-0,0,0,32765
0,-0,0,0,32765
0,-0,0,0,32765
0,-0,0,0,32765
0,-0,0,0,32765
0,-0,0,12,32765
1.91219,-0.297501,0.310848,12,32765
1.80393,-0.286916,0.293265,13,32765
1.76397,-0.2867,0.286917,16,32765
1.83113,-0.303953,0.298297,12,32765
0,-0,0,0,32765
0,-0,0,0,32765
1.83769,-0.32393,0.300087,13,32765
1.71998,-0.309055,0.281142,13,32765
1.78691,-0.327153,0.292435,12,32765
1.747,-0.325824,0.286032,13,32765
1.77501,-0.337083,0.290875,13,32765
1.61879,-0.312961,0.265486,13,32765
1.68553,-0.331678,0.276734,13,32765
1.68442,-0.337218,0.276772,12,32765
1.83807,-0.374334,0.30229,12,32765
0,-0,0,0,32765
0,-0,0,0,32765
0,-0,0,12,32765
0,-0,0,0,32765
1.70629,-0.377026,0.281652,12,32765
1.56049,-0.350276,0.258018,12,32765
1.73258,-0.394931,0.286676,12,32765
1.51966,-0.351687,0.251721,11,32765
1.605,-0.377015,0.265988,12,32765
1.60376,-0.382332,0.265821,12,32765
0,-0,0,0,32765
0,-0,0,0,32765
0,-0,0,0,32765
0,-0,0,0,32765
0,-0,0,0,32765
0,-0,0,0,32765
1.43231,-0.37618,0.238685,16,32765
1.42153,-0.378337,0.2371,19,32765
1.4394,-0.388045,0.240118,19,32765
1.40956,-0.384943,0.235263,19,32765
1.41782,-0.392114,0.2369,19,32765
1.40705,-0.394043,0.235231,19,32765
1.40578,-0.398639,0.235083,19,32765
1.41397,-0.405877,0.23678,20,32765
1.41267,-0.410487,0.236579,21,32765
1.42085,-0.417722,0.238093,20,32765
1.40061,-0.41664,0.234725,20,32765
1.39931,-0.4211,0.234507,19,32765
1.38855,-0.422666,0.23277,19,32765
1.39665,-0.430036,0.234177,19,32765
1.38588,-0.431466,0.232518,19,32765
1.40338,-0.441804,0.235419,19,32765
1.40203,-0.446164,0.235241,20,32765
1.38193,-0.444393,0.231712,20,32765
1.3806,-0.448688,0.231341,20,32765
1.36988,-0.449858,0.229469,20,32765
1.38733,-0.460296,0.23205,20,32765
7.82953,0.0682538,1.19171,13,32765
7.84907,0.0429332,1.19742,13,32765
7.81921,0.0173154,1.19486,13,32765
7.82898,-0.00839926,1.19723,13,32765
7.68028,-0.0338007,1.17689,13,32765
7.5712,-0.0585873,1.16148,12,32765
7.52131,-0.0828099,1.15547,12,32765
7.52078,-0.107186,1.15692,12,32765
7.64877,-0.133505,1.1773,13,32765
7.69761,-0.159506,1.18551,13,32765
7.69696,-0.184696,1.1861,12,32765
7.6961,-0.210168,1.18741,12,32765
7.69533,-0.235486,1.18769,13,32765
7.75367,-0.263093,1.19747,13,32765
7.64402,-0.284866,1.18128,13,32765
7.61339,-0.308988,1.17682,15,32765
7.65174,-0.335355,1.18358,14,32765
7.64065,-0.36004,1.18254,13,32765
7.66896,-0.386501,1.18766,13,32765
7.68737,-0.413067,1.1907,13,32765
7.63663,-0.435775,1.18307,13,32765
7.63506,-0.460636,1.18373,13,32765
7.63354,-0.485694,1.18353,13,32765
7.63192,-0.510612,1.18348,13,32765
7.63017,-0.535772,1.18369,13,32765
7.62827,-0.561297,1.18406,13,32765
7.62627,-0.586685,1.18468,13,32765
7.62431,-0.612024,1.18444,12,32765
0,-0,0,0,32765
1.95921,-0.170216,0.304319,16,32765
2.00783,-0.181036,0.312176,15,32765
1.99736,-0.186727,0.310763,14,32765
0,-0,0,0,32765
0,-0,0,0,32765
0,-0,0,0,32765
0,-0,0,0,32765
0,-0,0,0,32765
0,-0,0,0,32765
0,-0,0,0,32765
0,-0,0,0,32765
0,-0,0,0,32765
0,-0,0,0,32765
0,-0,0,0,32765
0,-0,0,0,32765
0,-0,0,0,32765
0,-0,0,0,32765
0,-0,0,0,32765
1.7208,-0.253302,0.268848,14,32765
1.66135,-0.250034,0.259632,21,32765
1.68985,-0.260033,0.263968,22,32765
1.79635,-0.282526,0.280886,19,32765
1.81489,-0.291703,0.284068,15,32765
1.82362,-0.299447,0.285712,15,32765
0,-0,0,0,32765
0,-0,0,0,32765
0,-0,0,0,32765
0,-0,0,0,32765
0,-0,0,0,32765
0,-0,0,0,32765
0,-0,0,0,32765
0,-0,0,0,32765
0,-0,0,0,32765
0,-0,0,0,32765
0,-0,0,0,32765
0,-0,0,0,32765
0,-0,0,0,32765
0,-0,0,0,32765
0,-0,0,0,32765
0,-0,0,0,32765
0,-0,0,0,32765
0,-0,0,0,32765
0,-0,0,0,32765
0,-0,0,0,32765
0,-0,0,0,32765
0,-0,0,0,32765
0,-0,0,0,32765
0,-0,0,0,32765
0,-0,0,0,32765
0,-0,0,0,32765
0,-0,0,0,32765
1.43413,-0.373342,0.232151,14,32765
1.42331,-0.375449,0.230904,18,32765
1.43159,-0.382652,0.232638,19,32765
1.44937,-0.392421,0.236089,19,32765
1.42896,-0.39194,0.233332,19,32765
1.41813,-0.393888,0.232055,18,32765
1.43583,-0.403776,0.235511,19,32765
1.43446,-0.408444,0.235773,19,32765
1.40462,-0.404878,0.231319,20,32765
1.42219,-0.414995,0.234855,20,32765
1.4113,-0.41679,0.233737,19,32765
1.39098,-0.41554,0.231061,19,32765
1.3896,-0.419915,0.231497,18,32765
1.38819,-0.424261,0.231992,19,32765
1.3679,-0.422876,0.229212,19,32765
1.38527,-0.433204,0.232915,18,32765
1.3744,-0.434676,0.231668,20,32765
1.40111,-0.448085,0.237095,19,32765
1.3902,-0.44943,0.236138,20,32765
1.36989,-0.447666,0.233636,19,32765
1.37774,-0.455023,0.235979,18,32765
7.79092,0.0688716,1.11074,15,32765
7.79072,0.0435296,1.11343,15,32765
7.80044,0.0181509,1.1168,14,32765
7.78054,-0.00751299,1.11481,14,32765
7.60196,-0.0326798,1.0916,14,32765
7.49275,-0.0572545,1.0772,14,32765
7.49229,-0.081803,1.07876,14,32765
7.49178,-0.106123,1.08021,14,32765
7.61996,-0.13238,1.09938,15,32765
7.70846,-0.159142,1.11283,15,32765
7.69792,-0.184171,1.11199,15,32765
7.69708,-0.209687,1.1133,14,32765
7.67652,-0.234444,1.11072,14,32765
7.6756,-0.260018,1.11135,14,32765
7.60538,-0.283044,1.1019,14,32765
7.56483,-0.306677,1.09629,20,32765
7.59336,-0.332494,1.10124,18,32765
7.60204,-0.357958,1.10316,15,32765
7.65017,-0.38533,1.11086,15,32765
7.63896,-0.410283,1.10941,15,32765
7.63756,-0.435686,1.10942,15,32765
7.59648,-0.458207,1.10434,15,32765
7.64435,-0.48632,1.11132,15,32765
7.60323,-0.508672,1.10552,15,32765
7.60148,-0.533777,1.10573,15,32765
7.57985,-0.557795,1.10323,15,32765
7.59759,-0.58458,1.10673,15,32765
7.59564,-0.609865,1.10648,15,32765
0,-0,0,0,32765
1.97184,-0.171372,0.28719,16,32765
2.04023,-0.184029,0.297456,16,32765
2.0593,-0.1926,0.300451,13,32765
0,-0,0,11,32765
0,-0,0,0,32765
0,-0,0,0,32765
0,-0,0,0,32765
0,-0,0,0,32765
0,-0,0,0,32765
0,-0,0,0,32765
0,-0,0,0,32765
0,-0,0,0,32765
0,-0,0,0,32765
0,-0,0,0,32765
0,-0,0,0,32765
0,-0,0,0,32765
0,-0,0,0,32765
0,-0,0,0,32765
1.69383,-0.249551,0.248127,12,32765
1.72238,-0.259451,0.252377,15,32765
1.79002,-0.275697,0.262155,16,32765
1.85751,-0.292416,0.272321,12,32765
1.83695,-0.295529,0.269585,12,32765
1.95311,-0.321016,0.286918,11,32765
0,-0,0,0,32765
0,-0,0,0,32765
0,-0,0,0,32765
0,-0,0,0,32765
0,-0,0,0,32765
0,-0,0,0,32765
0,-0,0,0,32765
0,-0,0,0,32765
0,-0,0,0,32765
0,-0,0,0,32765
0,-0,0,0,32765
0,-0,0,0,32765
0,-0,0,0,32765
0,-0,0,0,32765
0,-0,0,0,32765
0,-0,0,0,32765
0,-0,0,0,32765
0,-0,0,0,32765
0,-0,0,0,32765
0,-0,0,0,32765
0,-0,0,0,32765
0,-0,0,0,32765
0,-0,0,0,32765
0,-0,0,0,32765
0,-0,0,0,32765
0,-0,0,0,32765
0,-0,0,0,32765
1.44564,-0.376805,0.219622,20,32765
1.43481,-0.37895,0.218472,20,32765
1.42397,-0.38109,0.217199,19,32765
1.42268,-0.385679,0.217541,19,32765
1.42136,-0.390345,0.21789,19,32765
1.42005,-0.39492,0.218169,19,32765
1.4092,-0.396792,0.217039,20,32765
1.42689,-0.406806,0.220234,21,32765
1.40652,-0.405944,0.217528,20,32765
1.40512,-0.410541,0.217933,20,32765
1.40371,-0.415086,0.218378,20,32765
1.39286,-0.41664,0.217366,20,32765
1.39147,-0.421028,0.217803,20,32765
1.41844,-0.434069,0.222753,20,32765
1.40753,-0.435698,0.221656,19,32765
1.41545,-0.443223,0.223697,21,32765
1.40454,-0.444792,0.222551,21,32765
1.38417,-0.443252,0.220222,20,32765
1.39208,-0.450633,0.222356,20,32765
1.39054,-0.455015,0.223056,20,32765
1.37961,-0.456245,0.222294,20,32765
7.80718,0.0640853,1.13839,13,32765
7.80796,0.0387343,1.13417,13,32765
7.78877,0.0130649,1.12774,13,32765
7.80902,-0.0130287,1.12745,13,32765
7.66093,-0.038004,1.10284,13,32765
7.56228,-0.062593,1.08515,12,32765
7.58206,-0.0874745,1.08643,13,32765
7.56229,-0.111832,1.08117,12,32765
7.62155,-0.137304,1.08772,13,32765
7.71032,-0.164362,1.09909,13,32765
7.74969,-0.191017,1.10212,13,32765
7.76904,-0.217514,1.10325,13,32765
7.70922,-0.24103,1.09266,13,32765
7.76804,-0.268788,1.09897,13,32765
7.65853,-0.289958,1.08187,13,32765
7.70721,-0.317202,1.0874,13,32765
7.61735,-0.338454,1.07306,12,32765
7.70538,-0.367651,1.08446,12,32765
7.65489,-0.39034,1.07607,13,32765
7.68337,-0.417039,1.07929,13,32765
7.65254,-0.440532,1.07337,13,32765
7.68091,-0.467666,1.07599,13,32765
7.64972,-0.491108,1.07152,13,32765
7.60866,-0.513714,1.06509,13,32765
7.64643,-0.541426,1.07075,13,32765
7.6448,-0.566393,1.06951,13,32765
7.70237,-0.596075,1.0762,14,32765
7.62142,-0.61477,1.06509,13,32765
7.71813,-0.647864,1.07851,11,32765
2.0425,-0.178114,0.285273,13,32765
0,-0,0,0,32765
0,-0,0,0,32765
0,-0,0,0,32765
0,-0,0,0,32765
0,-0,0,0,32765
0,-0,0,0,32765
0,-0,0,0,32765
0,-0,0,0,32765
0,-0,0,0,32765
0,-0,0,0,32765
0,-0,0,0,32765
0,-0,0,0,32765
0,-0,0,0,32765
0,-0,0,0,32765
0,-0,0,0,32765
0,-0,0,0,32765
0,-0,0,0,32765
0,-0,0,0,32765
0,-0,0,0,32765
0,-0,0,0,32765
0,-0,0,0,32765
0,-0,0,0,32765
0,-0,0,0,32765
0,-0,0,0,32765
0,-0,0,0,32765
0,-0,0,0,32765
0,-0,0,0,32765
0,-0,0,0,32765
0,-0,0,0,32765
0,-0,0,0,32765
0,-0,0,0,32765
0,-0,0,0,32765
0,-0,0,0,32765
0,-0,0,0,32765
0,-0,0,0,32765
0,-0,0,0,32765
0,-0,0,0,32765
0,-0,0,0,32765
0,-0,0,0,32765
0,-0,0,0,32765
0,-0,0,0,32765
0,-0,0,0,32765
0,-0,0,0,32765
0,-0,0,0,32765
0,-0,0,0,32765
0,-0,0,0,32765
1.57667,-0.389911,0.227341,11,32765
1.5946,-0.39993,0.230048,11,32765
1.38211,-0.351467,0.199591,16,32765
1.43852,-0.370745,0.207898,19,32765
1.45646,-0.380384,0.210771,19,32765
1.42655,-0.377447,0.206377,18,32765
1.40619,-0.376886,0.203653,19,32765
1.44321,-0.391791,0.209155,19,32765
1.41331,-0.388538,0.204909,18,32765
1.42159,-0.395768,0.206282,18,32765
1.40123,-0.395058,0.203458,20,32765
1.40947,-0.402304,0.204789,19,32765
1.39868,-0.404095,0.203231,19,32765
1.38788,-0.405813,0.201753,19,32765
1.38658,-0.410271,0.201657,19,32765
1.41372,-0.423291,0.205749,19,32765
1.39342,-0.422052,0.202889,18,32765
1.39211,-0.42646,0.202664,19,32765
1.40027,-0.433716,0.203794,19,32765
1.38004,-0.432121,0.200921,20,32765
1.38815,-0.439447,0.202046,19,32765
1.35849,-0.434737,0.197755,20,32765
1.38545,-0.448148,0.2015,20,32765
1.37469,-0.449321,0.199854,20,32765
1.36402,-0.450342,0.197825,20,32765
7.79775,0.0649209,1.06199,15,32765
7.81831,0.0396562,1.06046,15,32765
7.76933,0.0138527,1.0502,14,32765
7.78958,-0.0122192,1.04973,14,32765
7.64127,-0.0371882,1.02653,14,32765
7.52263,-0.0616017,1.00713,14,32765
7.50278,-0.0859401,1.00294,14,32765
7.5226,-0.110666,1.00317,14,32765
7.58192,-0.136049,1.00917,15,32765
7.68071,-0.163225,1.02102,15,32765
7.69038,-0.189094,1.01975,15,32765
7.68992,-0.214882,1.01808,15,32765
7.68946,-0.24004,1.01593,14,32765
7.6889,-0.265721,1.01384,15,32765
7.65849,-0.289673,1.00822,15,32765
7.65768,-0.314923,1.00677,15,32765
7.65685,-0.340012,1.00498,15,32765
7.62613,-0.363717,0.999954,15,32765
7.63498,-0.389215,0.999829,15,32765
7.62389,-0.413744,0.997586,15,32765
7.62271,-0.438792,0.99584,15,32765
7.62142,-0.464064,0.994312,15,32765
7.63967,-0.490528,0.996578,15,32765
7.59855,-0.513139,0.990527,16,32765
7.59681,-0.538061,0.990654,15,32765
7.63473,-0.56584,0.994574,16,32765
7.57371,-0.586354,0.98527,16,32765
7.57176,-0.611042,0.985193,16,32765
7.56978,-0.635732,0.98483,15,32765
2.20315,-0.19223,0.286474,12,32765
0,-0,0,0,32765
6.43771,-0.605061,0.836812,11,32765
0,-0,0,0,32765
0,-0,0,0,32765
0,-0,0,0,32765
0,-0,0,0,32765
0,-0,0,0,32765
0,-0,0,0,32765
0,-0,0,0,32765
0,-0,0,0,32765
0,-0,0,0,32765
0,-0,0,0,32765
0,-0,0,0,32765
0,-0,0,0,32765
0,-0,0,0,32765
0,-0,0,0,32765
0,-0,0,0,32765
0,-0,0,0,32765
0,-0,0,0,32765
0,-0,0,0,32765
0,-0,0,0,32765
0,-0,0,0,32765
0,-0,0,0,32765
0,-0,0,0,32765
0,-0,0,0,32765
0,-0,0,0,32765
0,-0,0,0,32765
0,-0,0,0,32765
0,-0,0,0,32765
0,-0,0,0,32765
0,-0,0,0,32765
0,-0,0,0,32765
0,-0,0,0,32765
0,-0,0,0,32765
0,-0,0,0,32765
0,-0,0,0,32765
0,-0,0,0,32765
0,-0,0,0,32765
0,-0,0,0,32765
0,-0,0,0,32765
0,-0,0,0,32765
0,-0,0,0,32765
0,-0,0,0,32765
0,-0,0,0,32765
0,-0,0,0,32765
0,-0,0,0,32765
1.54968,-0.383749,0.208139,13,32765
1.41377,-0.355055,0.189983,18,32765
1.44142,-0.367044,0.193893,20,32765
1.43063,-0.369213,0.192592,20,32765
1.4486,-0.378847,0.195277,20,32765
1.43782,-0.380953,0.193748,19,32765
1.43659,-0.385564,0.193796,19,32765
1.39707,-0.37979,0.188589,18,32765
1.43409,-0.394802,0.193665,20,32765
1.43281,-0.39945,0.193653,21,32765
1.42195,-0.401466,0.192306,20,32765
1.42065,-0.406068,0.192254,20,32765
1.41936,-0.410652,0.192077,20,32765
1.399,-0.409651,0.189403,20,32765
1.43572,-0.425421,0.194458,19,32765
1.43434,-0.430087,0.194406,20,32765
1.4045,-0.426028,0.190445,21,32765
1.40318,-0.430479,0.190218,21,32765
1.40186,-0.434846,0.18997,20,32765
1.39106,-0.436215,0.188567,20,32765
1.38972,-0.440594,0.188316,20,32765
1.37891,-0.441926,0.186864,20,32765
1.40587,-0.455432,0.190324,20,32765
1.39507,-0.456667,0.188767,22,32765
1.39378,-0.460862,0.188094,21,32765
7.85259,0.0803277,0.947872,13,32765
7.83264,0.0534743,0.948122,13,32765
7.81263,0.027413,0.948144,13,32765
7.83232,0.00238185,0.952308,13,32765
7.77257,-0.0221714,0.946348,13,32765
7.53412,-0.0462005,0.918186,13,32765
7.55358,-0.0713527,0.922209,12,32765
7.58294,-0.0968338,0.92695,13,32765
7.58248,-0.121842,0.927772,13,32765
7.77047,-0.150242,0.951908,13,32765
7.76981,-0.175756,0.95296,13,32765
7.76912,-0.20104,0.953543,13,32765
7.72869,-0.225514,0.949037,13,32765
7.76749,-0.252531,0.954582,13,32765
7.70699,-0.276241,0.948122,13,32765
7.70601,-0.302211,0.948163,13,32765
7.67512,-0.326493,0.945285,13,32765
7.67392,-0.351516,0.946018,14,32765
7.70237,-0.378054,0.950475,13,32765
7.67131,-0.401401,0.947381,13,32765
7.63027,-0.424431,0.942813,13,32765
7.66845,-0.451835,0.947817,13,32765
7.66689,-0.477022,0.948057,14,32765
7.62567,-0.49957,0.943178,14,32765
7.62391,-0.524523,0.943862,13,32765
7.632,-0.5507,0.945177,14,32765
7.65983,-0.578526,0.94865,13,32765
7.6182,-0.601247,0.944236,13,32765
7.66567,-0.630548,0.949939,14,32765
7.62392,-0.652347,0.945702,14,32765
7.61179,-0.676331,0.945109,12,32765
7.59974,-0.700104,0.943313,11,32765
6.82674,-0.6517,0.847911,11,32765
7.03196,-0.695069,0.873359,11,32765
0,-0,0,0,32765
0,-0,0,0,32765
0,-0,0,0,32765
0,-0,0,0,32765
0,-0,0,0,32765
0,-0,0,0,32765
0,-0,0,0,32765
0,-0,0,0,32765
0,-0,0,0,32765
0,-0,0,0,32765
0,-0,0,0,32765
0,-0,0,0,32765
0,-0,0,0,32765
0,-0,0,0,32765
0,-0,0,0,32765
0,-0,0,0,32765
0,-0,0,0,32765
0,-0,0,0,32765
0,-0,0,0,32765
0,-0,0,0,32765
0,-0,0,0,32765
0,-0,0,0,32765
0,-0,0,0,32765
0,-0,0,0,32765
0,-0,0,0,32765
0,-0,0,0,32765
0,-0,0,0,32765
0,-0,0,0,32765
0,-0,0,0,32765
0,-0,0,0,32765
0,-0,0,0,32765
0,-0,0,0,32765
0,-0,0,0,32765
0,-0,0,0,32765
0,-0,0,0,32765
0,-0,0,0,32765
0,-0,0,0,32765
0,-0,0,0,32765
0,-0,0,0,32765
0,-0,0,0,32765
0,-0,0,0,32765
0,-0,0,0,32765
1.48398,-0.364404,0.191382,12,32765
1.41537,-0.352414,0.182854,18,32765
1.46228,-0.36913,0.189395,19,32765
1.46105,-0.373878,0.189588,19,32765
1.48859,-0.386102,0.193698,20,32765
1.44893,-0.380791,0.188922,19,32765
1.42847,-0.380412,0.186681,18,32765
1.45593,-0.392768,0.190814,19,32765
1.44504,-0.394882,0.189824,20,32765
1.43412,-0.396972,0.188955,20,32765
1.44235,-0.404273,0.190498,20,32765
1.44099,-0.408946,0.19079,20,32765
1.42054,-0.408096,0.188769,20,32765
1.39056,-0.404392,0.185476,19,32765
1.43678,-0.422895,0.192131,19,32765
1.40684,-0.419021,0.188765,18,32765
1.39594,-0.420644,0.187924,19,32765
1.41352,-0.430832,0.19093,20,32765
1.40258,-0.432403,0.190269,20,32765
1.40114,-0.436864,0.190682,19,32765
1.38078,-0.435328,0.188525,19,32765
1.36043,-0.433582,0.186655,19,32765
1.38732,-0.446892,0.191116,19,32765
1.35752,-0.442061,0.187968,19,32765
1.37481,-0.452674,0.191261,20,32765
7.81148,0.0807097,0.868231,15,32765
7.79154,0.0539496,0.868653,15,32765
7.82122,0.0281582,0.874405,15,32765
7.77139,0.00303148,0.87059,14,32765
7.77121,-0.0215414,0.871872,15,32765
7.55238,-0.0457466,0.84819,15,32765
7.50232,-0.0703486,0.844202,14,32765
7.5218,-0.0955746,0.847534,14,32765
7.51141,-0.120265,0.847229,15,32765
7.68969,-0.148278,0.868453,15,32765
7.67911,-0.173346,0.868371,15,32765
7.70824,-0.199148,0.872319,15,32765
7.7075,-0.224623,0.872683,15,32765
7.68677,-0.249679,0.871099,16,32765
7.6858,-0.275298,0.871951,16,32765
7.66496,-0.300463,0.869739,16,32765
7.68369,-0.326764,0.872775,15,32765
7.63287,-0.349585,0.867866,14,32765
7.68122,-0.377007,0.874297,16,32765
7.6402,-0.399808,0.870352,16,32765
7.6388,-0.424985,0.870681,16,32765
7.61751,-0.448957,0.868525,16,32765
7.64572,-0.475872,0.872157,16,32765
7.59454,-0.497741,0.866522,16,32765
7.59279,-0.522634,0.867203,16,32765
7.63062,-0.5509,0.871821,16,32765
7.59903,-0.574278,0.868221,16,32765
7.6168,-0.601526,0.870973,16,32765
7.5653,-0.622723,0.864888,16,32765
7.57303,-0.648468,0.866682,17,32765
7.5906,-0.674968,0.86958,17,32765
7.56864,-0.697801,0.866747,17,32765
7.54647,-0.721013,0.864789,17,32765
7.56382,-0.748292,0.866711,17,32765
7.58096,-0.775916,0.869424,12,32765
0,-0,0,0,32765
0,-0,0,0,32765
0,-0,0,0,32765
0,-0,0,0,32765
0,-0,0,0,32765
0,-0,0,0,32765
0,-0,0,0,32765
0,-0,0,0,32765
0,-0,0,0,32765
0,-0,0,0,32765
0,-0,0,0,32765
0,-0,0,0,32765
0,-0,0,0,32765
0,-0,0,0,32765
0,-0,0,0,32765
0,-0,0,0,32765
0,-0,0,0,32765
0,-0,0,0,32765
0,-0,0,0,32765
0,-0,0,0,32765
0,-0,0,0,32765
0,-0,0,0,32765
0,-0,0,0,32765
0,-0,0,0,32765
0,-0,0,0,32765
0,-0,0,0,32765
0,-0,0,0,32765
0,-0,0,0,32765
0,-0,0,0,32765
0,-0,0,0,32765
0,-0,0,0,32765
0,-0,0,0,32765
0,-0,0,0,32765
0,-0,0,0,32765
0,-0,0,0,32765
0,-0,0,0,32765
0,-0,0,0,32765
0,-0,0,0,32765
0,-0,0,0,32765
0,-0,0,0,32765
0,-0,0,0,32765
1.44695,-0.355827,0.172371,20,32765
1.44577,-0.360508,0.172547,20,32765
1.45419,-0.367623,0.174016,20,32765
1.44334,-0.369887,0.173055,20,32765
1.44209,-0.37459,0.173412,19,32765
1.44085,-0.379225,0.173634,19,32765
1.47796,-0.394172,0.178535,19,32765
1.42869,-0.385992,0.173106,21,32765
1.44655,-0.395885,0.175696,21,32765
1.43562,-0.397982,0.174921,21,32765
1.44386,-0.405303,0.176371,20,32765
1.42339,-0.404559,0.174324,20,32765
1.41248,-0.406393,0.173657,20,32765
1.43969,-0.419312,0.177703,20,32765
1.42876,-0.421171,0.176828,20,32765
1.41782,-0.422935,0.176104,21,32765
1.42591,-0.430332,0.177731,22,32765
1.40549,-0.429042,0.175808,21,32765
1.38507,-0.42766,0.174045,20,32765
1.4026,-0.437992,0.176843,20,32765
1.39169,-0.439442,0.176072,20,32765
1.39968,-0.44678,0.178003,20,32765
1.38877,-0.448051,0.177373,21,32765
1.38725,-0.452442,0.178143,21,32765
1.39511,-0.460068,0.180048,21,32765
7.85829,0.07744,0.899668,13,32765
7.83913,0.050623,0.893109,13,32765
7.85952,0.0239943,0.891889,13,32765
7.82013,-0.00187351,0.884531,13,32765
7.82037,-0.0271823,0.881997,13,32765
7.61199,-0.0510881,0.854713,13,32765
7.57228,-0.0757996,0.848082,13,32765
7.52253,-0.100032,0.840528,12,32765
7.52235,-0.1246,0.838869,13,32765
7.69112,-0.152636,0.854938,13,32765
7.74035,-0.179122,0.859636,13,32765
7.78968,-0.205881,0.862622,14,32765
7.72956,-0.22991,0.854116,14,32765
7.7389,-0.255959,0.853281,13,32765
7.68846,-0.28005,0.846612,14,32765
7.71742,-0.30692,0.848593,14,32765
7.69655,-0.331786,0.845915,14,32765
7.68571,-0.35645,0.842866,13,32765
7.68461,-0.381454,0.841939,14,32765
7.6935,-0.406718,0.840919,14,32765
7.69218,-0.431653,0.84054,14,32765
7.69085,-0.456751,0.839478,14,32765
7.64977,-0.479404,0.833798,14,32765
7.64828,-0.504361,0.832819,14,32765
7.63675,-0.528909,0.830853,14,32765
7.64481,-0.55507,0.832425,14,32765
7.6628,-0.582011,0.834035,14,32765
7.60148,-0.602646,0.826539,14,32765
7.57964,-0.626015,0.824401,14,32765
7.637,-0.656266,0.830477,14,32765
7.63495,-0.681495,0.828983,14,32765
7.57332,-0.701278,0.821935,14,32765
7.5908,-0.728358,0.823493,14,32765
7.56857,-0.751155,0.821629,14,32765
7.58587,-0.778189,0.823341,14,32765
7.79092,-0.825106,0.84572,11,32765
0,-0,0,0,32765
0,-0,0,0,32765
0,-0,0,0,32765
0,-0,0,0,32765
0,-0,0,0,32765
0,-0,0,0,32765
0,-0,0,0,32765
0,-0,0,0,32765
0,-0,0,0,32765
0,-0,0,0,32765
0,-0,0,0,32765
0,-0,0,0,32765
0,-0,0,0,32765
0,-0,0,0,32765
0,-0,0,0,32765
0,-0,0,0,32765
0,-0,0,0,32765
0,-0,0,0,32765
0,-0,0,0,32765
0,-0,0,0,32765
0,-0,0,0,32765
0,-0,0,0,32765
0,-0,0,0,32765
0,-0,0,0,32765
0,-0,0,0,32765
0,-0,0,0,32765
0,-0,0,0,32765
0,-0,0,0,32765
0,-0,0,0,32765
0,-0,0,0,32765
0,-0,0,0,32765
0,-0,0,0,32765
0,-0,0,0,32765
0,-0,0,0,32765
0,-0,0,0,32765
0,-0,0,0,32765
0,-0,0,0,32765
0,-0,0,0,32765
1.44049,-0.344803,0.161884,13,32765
1.4297,-0.34714,0.160742,18,32765
1.4382,-0.354145,0.162039,19,32765
1.44668,-0.361245,0.163164,19,32765
1.43585,-0.363518,0.162102,19,32765
1.45394,-0.373113,0.164159,19,32765
1.44309,-0.375346,0.163081,19,32765
1.46109,-0.385093,0.165307,19,32765
1.45024,-0.387243,0.164183,20,32765
1.42019,-0.384148,0.160937,19,32765
1.39975,-0.383552,0.158718,19,32765
1.41764,-0.393488,0.16081,18,32765
1.40678,-0.395444,0.15965,18,32765
1.38639,-0.394506,0.157402,19,32765
1.44242,-0.415511,0.16392,19,32765
1.42203,-0.414542,0.161546,19,32765
1.38255,-0.407841,0.157242,20,32765
1.41935,-0.423626,0.161475,20,32765
1.38949,-0.419465,0.158045,18,32765
1.41673,-0.432444,0.161156,19,32765
1.40588,-0.433953,0.159966,19,32765
1.395,-0.435482,0.158812,19,32765
1.38414,-0.437006,0.157412,19,32765
1.39225,-0.444392,0.158252,20,32765
1.37203,-0.442459,0.155799,20,32765
1.37072,-0.446585,0.155511,20,32765
1.37883,-0.453914,0.15618,20,32765
7.7968,0.0775959,0.818193,15,32765
7.79747,0.0510656,0.813931,15,32765
7.78801,0.0244368,0.80944,15,32765
7.80824,-0.00125612,0.808663,15,32765
7.74877,-0.0263703,0.799972,15,32765
7.56998,-0.0503028,0.777758,15,32765
7.54016,-0.075023,0.772533,14,32765
7.54007,-0.0998561,0.77054,14,32765
7.51998,-0.124198,0.766847,14,32765
7.61928,-0.15089,0.774247,16,32765
7.6785,-0.177415,0.779494,15,32765
7.69802,-0.203229,0.779011,16,32765
7.72733,-0.229661,0.780126,16,32765
7.6571,-0.253121,0.771185,16,32765
7.68616,-0.279881,0.772998,16,32765
7.66542,-0.304814,0.769706,16,32765
7.65447,-0.32998,0.768217,16,32765
7.65355,-0.355014,0.766268,15,32765
7.61269,-0.377985,0.761369,16,32765
7.64145,-0.404115,0.762258,17,32765
7.64013,-0.428926,0.761881,16,32765
7.65866,-0.45508,0.762805,16,32765
7.6374,-0.478916,0.759481,16,32765
7.59618,-0.501258,0.754559,16,32765
7.61442,-0.527742,0.755649,17,32765
7.61257,-0.553155,0.75614,17,32765
7.61073,-0.578529,0.755595,16,32765
7.58904,-0.602178,0.752604,17,32765
7.58701,-0.627188,0.752621,17,32765
7.60475,-0.654109,0.754201,17,32765
7.58287,-0.677506,0.750752,17,32765
7.58064,-0.702662,0.750154,17,32765
7.5585,-0.726011,0.747605,17,32765
7.56596,-0.751695,0.748868,18,32765
7.56347,-0.776738,0.748434,18,32765
7.5312,-0.798489,0.745338,15,32765
0,-0,0,0,32765
0,-0,0,0,32765
0,-0,0,0,32765
0,-0,0,0,32765
0,-0,0,0,32765
0,-0,0,0,32765
0,-0,0,0,32765
0,-0,0,0,32765
0,-0,0,0,32765
0,-0,0,0,32765
0,-0,0,0,32765
0,-0,0,0,32765
0,-0,0,0,32765
0,-0,0,0,32765
0,-0,0,0,32765
0,-0,0,0,32765
0,-0,0,0,32765
0,-0,0,0,32765
0,-0,0,0,32765
0,-0,0,0,32765
0,-0,0,0,32765
0,-0,0,0,32765
0,-0,0,0,32765
0,-0,0,14,32765
0,-0,0,0,32765
0,-0,0,0,32765
0,-0,0,0,32765
0,-0,0,0,32765
0,-0,0,0,32765
0,-0,0,0,32765
0,-0,0,0,32765
0,-0,0,0,32765
0,-0,0,0,32765
0,-0,0,0,32765
0,-0,0,0,32765
0,-0,0,0,32765
0,-0,0,0,32765
1.40417,-0.331792,0.143957,15,32765
1.47081,-0.352612,0.150892,20,32765
1.46966,-0.357402,0.150835,20,32765
1.43949,-0.355021,0.148069,19,32765
1.45763,-0.364554,0.150095,19,32765
1.44678,-0.366865,0.149127,20,32765
1.43596,-0.369085,0.148017,20,32765
1.454,-0.378788,0.150013,20,32765
1.45276,-0.383512,0.150064,21,32765
1.43229,-0.383067,0.148041,20,32765
1.43103,-0.387709,0.148058,20,32765
1.42016,-0.389777,0.147019,19,32765
1.41887,-0.394472,0.146938,20,32765
1.42716,-0.401828,0.147856,20,32765
1.42587,-0.406405,0.147778,19,32765
1.40542,-0.405519,0.1458,20,32765
1.41369,-0.412794,0.146591,20,32765
1.41235,-0.417326,0.146624,20,32765
1.40149,-0.418991,0.145531,20,32765
1.4097,-0.426282,0.14634,20,32765
1.41791,-0.433534,0.147192,20,32765
1.39754,-0.432108,0.14511,20,32765
1.38666,-0.433611,0.144051,21,32765
1.40426,-0.444111,0.1457,21,32765
1.40287,-0.448545,0.14546,21,32765
1.38261,-0.446637,0.143193,21,32765
1.40021,-0.456977,0.14486,21,32765
1.38938,-0.458179,0.143476,21,32765
7.85772,0.0928267,0.706963,13,32765
7.83785,0.0661866,0.70753,13,32765
7.81797,0.0401509,0.7073,13,32765
7.81791,0.0140788,0.708982,13,32765
7.83762,-0.0118364,0.713024,13,32765
7.70796,-0.0374489,0.702574,13,32765
7.58823,-0.0617947,0.692303,13,32765
7.57796,-0.0860651,0.692308,13,32765
7.5377,-0.110387,0.689731,13,32765
7.59696,-0.136325,0.696112,14,32765
7.73569,-0.164789,0.710544,13,32765
7.76498,-0.191348,0.713124,14,32765
7.75423,-0.216681,0.713473,13,32765
7.70366,-0.240826,0.709354,14,32765
7.74265,-0.267165,0.71299,14,32765
7.73162,-0.292268,0.713836,14,32765
7.71072,-0.316957,0.711966,14,32765
7.65986,-0.340583,0.707461,13,32765
7.6984,-0.368326,0.711724,13,32765
7.66728,-0.392635,0.709094,14,32765
7.66586,-0.418012,0.709921,14,32765
7.66445,-0.443189,0.7099,14,32765
7.66298,-0.468003,0.709797,14,32765
7.66139,-0.49284,0.710099,14,32765
7.65979,-0.517613,0.709748,14,32765
7.63804,-0.541938,0.709017,14,32765
7.65596,-0.569019,0.711778,14,32765
7.61431,-0.591346,0.70814,14,32765
7.5924,-0.615225,0.706737,14,32765
7.61016,-0.642007,0.708645,14,32765
7.60803,-0.667076,0.70842,14,32765
7.58596,-0.690662,0.706177,14,32765
7.60337,-0.717458,0.709207,15,32765
7.58118,-0.740692,0.706863,14,32765
7.59843,-0.767661,0.709575,14,32765
7.57601,-0.791027,0.707731,15,32765
7.61295,-0.82073,0.710943,11,32765
0,-0,0,0,32765
0,-0,0,0,32765
0,-0,0,0,32765
0,-0,0,0,32765
0,-0,0,0,32765
0,-0,0,0,32765
0,-0,0,0,32765
0,-0,0,0,32765
0,-0,0,0,32765
0,-0,0,0,32765
0,-0,0,0,32765
0,-0,0,0,32765
0,-0,0,0,32765
0,-0,0,0,32765
0,-0,0,0,32765
0,-0,0,0,32765
0,-0,0,0,32765
0,-0,0,0,32765
0,-0,0,0,32765
0,-0,0,0,32765
0,-0,0,0,32765
0,-0,0,0,32765
0,-0,0,0,32765
0,-0,0,0,32765
0,-0,0,0,32765
0,-0,0,0,32765
0,-0,0,0,32765
0,-0,0,0,32765
0,-0,0,0,32765
0,-0,0,0,32765
0,-0,0,0,32765
0,-0,0,0,32765
0,-0,0,0,32765
0,-0,0,0,32765
0,-0,0,0,32765
1.66852,-0.385134,0.161604,12,32765
1.48306,-0.347466,0.143887,14,32765
1.47221,-0.349967,0.143235,20,32765
1.49039,-0.35949,0.145228,20,32765
1.47951,-0.362025,0.144504,19,32765
1.46864,-0.364441,0.143757,19,32765
1.46742,-0.36925,0.143992,19,32765
1.46618,-0.374002,0.144369,19,32765
1.436,-0.37133,0.141852,19,32765
1.4829,-0.388669,0.146804,21,32765
1.44309,-0.383292,0.143414,20,32765
1.44181,-0.387978,0.143683,20,32765
1.45015,-0.395193,0.144894,19,32765
1.42003,-0.391947,0.142496,19,32765
1.42832,-0.399215,0.143659,19,32765
1.40781,-0.398396,0.142273,19,32765
1.40646,-0.403031,0.142644,20,32765
1.40511,-0.407526,0.143111,20,32765
1.4133,-0.414869,0.144451,19,32765
1.40236,-0.416651,0.143878,19,32765
1.39144,-0.418275,0.14331,20,32765
1.39004,-0.422704,0.143884,19,32765
1.36963,-0.421208,0.142472,19,32765
1.38724,-0.431493,0.144853,19,32765
1.38579,-0.435922,0.145456,20,32765
1.38434,-0.440297,0.146053,19,32765
1.38289,-0.444621,0.146703,20,32765
1.3909,-0.451958,0.148437,20,32765
1.38939,-0.456294,0.149331,20,32765
7.84409,0.0933272,0.6312,16,32765
7.84417,0.0668532,0.633561,15,32765
7.80435,0.0406435,0.631906,15,32765
7.82424,0.0146061,0.635203,15,32765
7.7543,-0.0112461,0.631751,15,32765
7.64448,-0.0367298,0.624135,15,32765
7.53463,-0.0609996,0.6158,15,32765
7.53432,-0.0852559,0.616709,15,32765
7.55384,-0.110355,0.619404,14,32765
7.57329,-0.135678,0.62195,17,32765
7.74205,-0.164744,0.637522,16,32765
7.71158,-0.189901,0.634898,16,32765
7.70084,-0.215106,0.635333,16,32765
7.71001,-0.240988,0.636616,16,32765
7.69923,-0.265678,0.635764,16,32765
7.67825,-0.290308,0.635869,16,32765
7.67725,-0.315686,0.635837,17,32765
7.63631,-0.339688,0.632625,16,32765
7.66494,-0.366927,0.635685,15,32765
7.6736,-0.393209,0.63664,17,32765
7.67219,-0.418655,0.637468,17,32765
7.65087,-0.442749,0.635794,17,32765
7.6494,-0.467566,0.635691,17,32765
7.63787,-0.491766,0.635166,18,32765
7.63627,-0.516509,0.634816,17,32765
7.59463,-0.539389,0.632614,18,32765
7.63246,-0.567854,0.63684,18,32765
7.63052,-0.593234,0.636896,18,32765
7.59865,-0.616407,0.634852,17,32765
7.60649,-0.642422,0.635743,18,32765
7.58449,-0.665783,0.633859,18,32765
7.60211,-0.692953,0.635123,18,32765
7.58976,-0.717041,0.635476,16,32765
7.49812,-0.733482,0.627511,13,32765
7.60465,-0.769255,0.637507,11,32765
7.76061,-0.811337,0.650812,11,32765
8.13438,-0.878083,0.681875,11,32765
8.19084,-0.9122,0.686264,11,32765
0,-0,0,0,32765
0,-0,0,0,32765
0,-0,0,0,32765
0,-0,0,0,32765
0,-0,0,0,32765
0,-0,0,0,32765
0,-0,0,0,32765
0,-0,0,0,32765
0,-0,0,0,32765
0,-0,0,0,32765
0,-0,0,0,32765
0,-0,0,0,32765
0,-0,0,0,32765
0,-0,0,0,32765
0,-0,0,0,32765
0,-0,0,0,32765
0,-0,0,0,32765
0,-0,0,0,32765
0,-0,0,0,32765
0,-0,0,0,32765
0,-0,0,0,32765
0,-0,0,0,32765
0,-0,0,0,32765
0,-0,0,0,32765
0,-0,0,0,32765
0,-0,0,0,32765
0,-0,0,0,32765
0,-0,0,0,32765
0,-0,0,0,32765
0,-0,0,0,32765
0,-0,0,0,32765
0,-0,0,0,32765
0,-0,0,0,32765
0,-0,0,0,32765
1.43679,-0.332199,0.125159,17,32765
1.48418,-0.34831,0.129522,20,32765
1.47333,-0.350818,0.128965,19,32765
1.4431,-0.348666,0.126525,19,32765
1.4516,-0.355793,0.127589,19,32765
1.46008,-0.362928,0.128637,20,32765
1.48784,-0.375024,0.131431,20,32765
1.44797,-0.369985,0.12839,21,32765
1.45637,-0.377238,0.129583,20,32765
1.43582,-0.376974,0.128053,20,32765
1.44417,-0.384235,0.129337,20,32765
1.43327,-0.386341,0.128742,19,32765
1.43201,-0.39092,0.128993,20,32765
1.43069,-0.39557,0.129478,20,32765
1.42938,-0.400202,0.129678,20,32765
1.41844,-0.4021,0.129355,21,32765
1.43622,-0.412275,0.131482,21,32765
1.41572,-0.411316,0.130199,20,32765
1.44302,-0.42433,0.133213,21,32765
1.41294,-0.420528,0.130974,20,32765
1.41155,-0.42506,0.131391,20,32765
1.41966,-0.432465,0.132865,21,32765
1.38968,-0.428124,0.130758,21,32765
1.41679,-0.44146,0.133856,21,32765
1.42481,-0.448986,0.135374,21,32765
1.40435,-0.447446,0.134176,21,32765
1.41235,-0.454895,0.135747,21,32765
1.39193,-0.453092,0.134655,21,32765
1.38096,-0.454329,0.134628,20,32765
7.84205,0.0889241,0.656731,13,32765
7.89245,0.0628505,0.657003,14,32765
7.85307,0.0363651,0.649881,14,32765
7.83342,0.0106336,0.645811,14,32765
7.80383,-0.0151153,0.639436,13,32765
7.73414,-0.0408586,0.631702,13,32765
7.56476,-0.0650474,0.615078,13,32765
7.56466,-0.090132,0.61312,13,32765
7.56453,-0.114698,0.610573,13,32765
7.57423,-0.139895,0.609483,14,32765
7.7732,-0.169307,0.623393,14,32765
7.71291,-0.193718,0.61733,14,32765
7.72234,-0.219562,0.616303,14,32765
7.74165,-0.245433,0.616054,14,32765
7.7011,-0.269388,0.611101,14,32765
7.72022,-0.295218,0.611171,14,32765
7.7193,-0.320788,0.609896,14,32765
7.69841,-0.345504,0.606672,15,32765
7.66741,-0.369532,0.603579,13,32765
7.67619,-0.395774,0.603018,14,32765
7.67492,-0.420923,0.602074,14,32765
7.67354,-0.446135,0.601481,14,32765
7.67215,-0.47138,0.599953,15,32765
7.63084,-0.493651,0.596243,14,32765
7.62925,-0.518735,0.595217,14,32765
7.66739,-0.546485,0.59721,15,32765
7.66551,-0.571924,0.597431,15,32765
7.64371,-0.595895,0.595568,15,32765
7.62191,-0.619371,0.593092,15,32765
7.65959,-0.648087,0.595592,15,32765
7.61774,-0.669847,0.591854,15,32765
7.6155,-0.69518,0.591369,15,32765
7.5635,-0.716043,0.587529,13,32765
0,-0,0,0,32765
0,-0,0,0,32765
0,-0,0,0,32765
0,-0,0,0,32765
0,-0,0,0,32765
8.17177,-0.938278,0.635809,11,32765
0,-0,0,0,32765
0,-0,0,0,32765
0,-0,0,0,32765
0,-0,0,0,32765
0,-0,0,0,32765
0,-0,0,0,32765
0,-0,0,0,32765
0,-0,0,0,32765
0,-0,0,0,32765
0,-0,0,0,32765
0,-0,0,0,32765
0,-0,0,0,32765
0,-0,0,0,32765
0,-0,0,0,32765
0,-0,0,0,32765
0,-0,0,0,32765
0,-0,0,0,32765
0,-0,0,0,32765
0,-0,0,0,32765
0,-0,0,0,32765
0,-0,0,0,32765
0,-0,0,0,32765
0,-0,0,0,32765
0,-0,0,0,32765
0,-0,0,0,32765
0,-0,0,0,32765
0,-0,0,0,32765
0,-0,0,0,32765
0,-0,0,0,32765
0,-0,0,0,32765
0,-0,0,0,32765
0,-0,0,0,32765
0,-0,0,0,32765
1.49567,-0.34626,0.121187,16,32765
1.48481,-0.348849,0.120625,18,32765
1.43517,-0.342183,0.116641,18,32765
1.48249,-0.358577,0.1206,19,32765
1.43288,-0.351598,0.116781,19,32765
1.46072,-0.363583,0.119142,19,32765
1.41118,-0.356187,0.115298,18,32765
1.41967,-0.363279,0.115978,18,32765
1.44743,-0.375435,0.118345,19,32765
1.44621,-0.380095,0.118398,19,32765
1.45459,-0.387384,0.119156,19,32765
1.42446,-0.384231,0.116912,19,32765
1.41359,-0.386247,0.116046,18,32765
1.40272,-0.388179,0.115273,19,32765
1.42066,-0.398117,0.116791,19,32765
1.41936,-0.402773,0.116612,19,32765
1.40847,-0.404569,0.115963,19,32765
1.39759,-0.406334,0.115079,19,32765
1.37717,-0.405117,0.113509,19,32765
1.395,-0.415165,0.114951,19,32765
1.41277,-0.425373,0.116373,19,32765
1.38282,-0.421127,0.113903,20,32765
1.38147,-0.42553,0.113903,19,32765
1.37062,-0.426918,0.112851,20,32765
1.39782,-0.440176,0.115071,19,32765
1.38696,-0.441539,0.114001,19,32765
1.36663,-0.439715,0.112187,19,32765
1.38421,-0.450223,0.113461,20,32765
1.37338,-0.451341,0.112365,20,32765
7.82794,0.0893838,0.581242,16,32765
7.82849,0.0629074,0.577373,16,32765
7.82893,0.0367668,0.573581,16,32765
7.80924,0.0110621,0.569705,15,32765
7.75965,-0.0146233,0.56218,15,32765
7.71981,-0.0404299,0.557275,15,32765
7.5403,-0.0645426,0.541539,15,32765
7.58008,-0.0900697,0.542442,15,32765
7.54004,-0.114131,0.537048,15,32765
7.5597,-0.139481,0.536577,17,32765
7.67901,-0.167158,0.542969,16,32765
7.72836,-0.194059,0.545225,16,32765
7.7278,-0.219722,0.543399,17,32765
7.68729,-0.243765,0.538767,17,32765
7.68657,-0.268985,0.536989,17,32765
7.72563,-0.295581,0.538263,17,32765
7.68483,-0.319561,0.534216,17,32765
7.68384,-0.345108,0.532569,17,32765
7.66277,-0.369616,0.53045,17,32765
7.65162,-0.394865,0.52842,16,32765
7.6105,-0.417795,0.524731,16,32765
7.62904,-0.444004,0.525516,16,32765
7.62764,-0.469152,0.523997,16,32765
7.5863,-0.491323,0.520667,16,32765
7.61457,-0.518343,0.521693,16,32765
7.60296,-0.542548,0.51991,16,32765
7.61104,-0.568566,0.520811,16,32765
7.62902,-0.595508,0.52186,17,32765
7.59725,-0.618173,0.518895,16,32765
7.60513,-0.644337,0.518987,17,32765
7.603,-0.66946,0.51834,16,32765
7.56102,-0.69116,0.515149,15,32765
7.55865,-0.716589,0.515165,15,32765
7.5364,-0.739672,0.513418,13,32765
7.56368,-0.767965,0.515132,11,32765
0,-0,0,0,32765
0,-0,0,0,32765
0,-0,0,0,32765
0,-0,0,0,32765
0,-0,0,0,32765
0,-0,0,0,32765
0,-0,0,0,32765
0,-0,0,0,32765
0,-0,0,0,32765
0,-0,0,0,32765
0,-0,0,0,32765
0,-0,0,0,32765
0,-0,0,0,32765
0,-0,0,0,32765
0,-0,0,0,32765
0,-0,0,0,32765
0,-0,0,0,32765
0,-0,0,0,32765
0,-0,0,0,32765
0,-0,0,0,32765
0,-0,0,0,32765
0,-0,0,0,32765
0,-0,0,0,32765
0,-0,0,0,32765
0,-0,0,0,32765
0,-0,0,0,32765
0,-0,0,0,32765
0,-0,0,0,32765
0,-0,0,0,32765
0,-0,0,0,32765
0,-0,0,0,32765
0,-0,0,0,32765
0,-0,0,0,32765
0,-0,0,0,32765
0,-0,0,0,32765
0,-0,0,0,32765
0,-0,0,0,32765
1.51601,-0.351598,0.108098,11,32765
1.59252,-0.374828,0.113883,12,32765
1.68831,-0.403263,0.120777,12,32765
1.52216,-0.368836,0.108997,12,32765
1.5403,-0.37864,0.110518,13,32765
1.49063,-0.3717,0.107036,14,32765
1.56676,-0.396175,0.112709,13,32765
1.50748,-0.386452,0.108419,13,32765
1.50621,-0.391396,0.10842,14,32765
1.46634,-0.386095,0.105693,15,32765
1.42652,-0.380608,0.102882,15,32765
1.40603,-0.379958,0.101614,16,32765
1.45289,-0.39772,0.105016,16,32765
1.41313,-0.391786,0.102252,18,32765
1.44067,-0.404478,0.104277,20,32765
1.42015,-0.403753,0.102707,20,32765
1.42843,-0.411071,0.103543,21,32765
1.41752,-0.412903,0.102752,20,32765
1.4162,-0.417385,0.102759,20,32765
1.40532,-0.419027,0.10193,20,32765
1.42308,-0.429292,0.103163,20,32765
1.41218,-0.430889,0.102358,20,32765
1.4108,-0.435394,0.102358,20,32765
1.39991,-0.436876,0.101395,20,32765
1.42709,-0.450255,0.103331,20,32765
1.38767,-0.442617,0.100289,20,32765
1.4053,-0.453033,0.101404,20,32765
1.40387,-0.457506,0.101116,21,32765
1.40249,-0.461804,0.100791,21,32765
7.86557,0.102871,0.465401,14,32765
7.86573,0.0771358,0.467749,14,32765
7.86583,0.0511387,0.469528,14,32765
7.84591,0.0250103,0.46976,14,32765
7.81586,-0.00137109,0.470317,13,32765
7.87563,-0.0276887,0.475179,13,32765
7.59594,-0.0518728,0.459382,13,32765
7.62563,-0.0768818,0.461949,13,32765
7.57534,-0.101396,0.460446,13,32765
7.55496,-0.125682,0.46001,13,32765
7.67419,-0.153472,0.468426,15,32765
7.7534,-0.181008,0.474235,14,32765
7.76273,-0.206995,0.474998,14,32765
7.73202,-0.231679,0.473951,14,32765
7.73119,-0.257225,0.474392,14,32765
7.73024,-0.282934,0.475186,14,32765
7.72923,-0.3088,0.475507,14,32765
7.72812,-0.334504,0.476268,14,32765
7.68704,-0.358291,0.474496,14,32765
7.6858,-0.383568,0.474861,14,32765
7.68451,-0.408697,0.474782,15,32765
7.68306,-0.433883,0.475874,15,32765
7.68158,-0.459013,0.476216,14,32765
7.62029,-0.480476,0.472125,14,32765
7.63851,-0.507162,0.474255,14,32765
7.67661,-0.535289,0.476608,14,32765
7.65489,-0.559686,0.47495,14,32765
7.63303,-0.583761,0.474294,15,32765
7.67081,-0.612884,0.476637,14,32765
7.62886,-0.635232,0.475312,15,32765
7.59689,-0.658159,0.472905,13,32765
0,-0,0,0,32765
0,-0,0,0,32765
0,-0,0,0,32765
0,-0,0,0,32765
0,-0,0,0,32765
0,-0,0,0,32765
0,-0,0,0,32765
0,-0,0,0,32765
0,-0,0,0,32765
0,-0,0,0,32765
0,-0,0,0,32765
0,-0,0,0,32765
0,-0,0,0,32765
0,-0,0,0,32765
0,-0,0,0,32765
0,-0,0,0,32765
0,-0,0,0,32765
0,-0,0,0,32765
0,-0,0,0,32765
0,-0,0,0,32765
0,-0,0,0,32765
0,-0,0,0,32765
0,-0,0,0,32765
0,-0,0,0,32765
0,-0,0,0,32765
0,-0,0,0,32765
0,-0,0,0,32765
0,-0,0,0,32765
0,-0,0,0,32765
0,-0,0,0,32765
0,-0,0,0,32765
0,-0,0,0,32765
0,-0,0,0,32765
0,-0,0,0,32765
0,-0,0,0,32765
0,-0,0,0,32765
0,-0,0,0,32765
0,-0,0,0,32765
0,-0,0,0,32765
0,-0,0,0,32765
0,-0,0,0,32765
0,-0,0,0,32765
0,-0,0,0,32765
0,-0,0,0,32765
0,-0,0,0,32765
0,-0,0,0,32765
0,-0,0,0,32765
0,-0,0,0,32765
0,-0,0,0,32765
0,-0,0,0,32765
0,-0,0,0,32765
0,-0,0,0,32765
0,-0,0,0,32765
0,-0,0,0,32765
0,-0,0,0,32765
0,-0,0,0,32765
1.42104,-0.401469,0.0992962,18,32765
1.4197,-0.4061,0.0996454,19,32765
1.3992,-0.405064,0.0987358,20,32765
1.4266,-0.417933,0.101148,19,32765
1.41562,-0.419762,0.101085,19,32765
1.39512,-0.418573,0.100147,20,32765
1.41283,-0.42883,0.102009,19,32765
1.40191,-0.430338,0.101837,20,32765
1.41956,-0.440656,0.103751,19,32765
1.38003,-0.433232,0.101663,19,32765
1.42615,-0.452697,0.105713,19,32765
1.39615,-0.448089,0.104356,20,32765
1.39468,-0.452476,0.10498,20,32765
1.37424,-0.450606,0.104511,20,32765
7.83964,0.103049,0.389688,16,32765
7.83982,0.0773482,0.392028,16,32765
7.81997,0.0512547,0.392797,15,32765
7.82003,0.0252906,0.394216,16,32765
7.77002,-0.00105377,0.394035,15,32765
7.75992,-0.0270244,0.394768,15,32765
7.56998,-0.0514943,0.386176,15,32765
7.54976,-0.0759652,0.385906,14,32765
7.50945,-0.100412,0.385371,15,32765
7.52901,-0.125197,0.38717,15,32765
7.66828,-0.153351,0.395482,19,32765
7.68764,-0.17952,0.39744,16,32765
7.72693,-0.206141,0.399656,16,32765
7.73614,-0.231954,0.400958,17,32765
7.72533,-0.257232,0.400882,16,32765
7.69445,-0.281876,0.400118,17,32765
7.7134,-0.308472,0.401477,16,32765
7.65243,-0.331582,0.399114,16,32765
7.69115,-0.35889,0.401882,17,32765
7.65001,-0.382238,0.400161,17,32765
7.67864,-0.408894,0.401648,17,32765
7.65726,-0.432983,0.401694,18,32765
7.62587,-0.456289,0.400464,17,32765
7.64428,-0.482647,0.401125,17,32765
7.66251,-0.509467,0.40307,17,32765
7.61097,-0.53147,0.400331,18,32765
7.60916,-0.557154,0.399912,18,32765
7.62713,-0.584175,0.401539,18,32765
7.6251,-0.61015,0.401409,18,32765
7.62295,-0.635709,0.402557,18,32765
7.59096,-0.658664,0.400434,17,32765
7.59866,-0.684933,0.400977,13,32765
0,-0,0,0,32765
0,-0,0,0,32765
0,-0,0,0,32765
0,-0,0,0,32765
0,-0,0,0,32765
0,-0,0,0,32765
0,-0,0,0,32765
0,-0,0,0,32765
0,-0,0,0,32765
0,-0,0,0,32765
0,-0,0,0,32765
0,-0,0,0,32765
0,-0,0,0,32765
0,-0,0,0,32765
0,-0,0,0,32765
0,-0,0,0,32765
0,-0,0,0,32765
0,-0,0,0,32765
0,-0,0,0,32765
0,-0,0,0,32765
0,-0,0,0,32765
0,-0,0,0,32765
0,-0,0,0,32765
0,-0,0,0,32765
0,-0,0,0,32765
0,-0,0,0,32765
0,-0,0,0,32765
0,-0,0,0,32765
0,-0,0,0,32765
0,-0,0,0,32765
0,-0,0,0,32765
0,-0,0,0,32765
0,-0,0,0,32765
0,-0,0,0,32765
0,-0,0,0,32765
0,-0,0,0,32765
0,-0,0,0,32765
0,-0,0,0,32765
0,-0,0,0,32765
0,-0,0,0,32765
0,-0,0,0,32765
0,-0,0,0,32765
0,-0,0,0,32765
0,-0,0,0,32765
0,-0,0,0,32765
0,-0,0,0,32765
0,-0,0,0,32765
0,-0,0,0,32765
0,-0,0,0,32765
0,-0,0,0,32765
0,-0,0,0,32765
0,-0,0,0,32765
0,-0,0,0,32765
0,-0,0,0,32765
0,-0,0,0,32765
1.53694,-0.435063,0.0923052,13,32765
1.58348,-0.453835,0.0955798,12,32765
1.53405,-0.444973,0.0931631,13,32765
1.54218,-0.452679,0.0941606,14,32765
1.40668,-0.41793,0.0865853,18,32765
1.41486,-0.42533,0.087609,20,32765
1.41345,-0.429865,0.0880994,19,32765
1.40252,-0.431377,0.0880227,20,32765
1.40112,-0.435792,0.0885445,20,32765
1.39968,-0.44027,0.0892526,20,32765
1.40775,-0.447742,0.0903974,20,32765
1.42527,-0.458341,0.0923927,21,32765
1.40479,-0.456658,0.0917897,21,32765
1.42226,-0.467275,0.0940235,21,32765
7.84838,0.100192,0.415327,14,32765
7.88881,0.07472,0.413709,14,32765
7.82928,0.0475155,0.407156,14,32765
7.83953,0.0210164,0.404788,13,32765
7.81972,-0.00471807,0.401115,13,32765
7.85976,-0.030236,0.400141,13,32765
7.61006,-0.0542581,0.385201,13,32765
7.56003,-0.0788328,0.380359,13,32765
7.59976,-0.104633,0.380441,13,32765
7.5995,-0.129882,0.377972,13,32765
7.65904,-0.156173,0.379028,15,32765
7.73838,-0.183623,0.382392,14,32765
7.73783,-0.209476,0.380241,14,32765
7.73715,-0.235302,0.379001,14,32765
7.76635,-0.262124,0.378832,14,32765
7.73559,-0.286681,0.37544,14,32765
7.73466,-0.31206,0.374324,14,32765
7.73363,-0.33774,0.373374,14,32765
7.73255,-0.363088,0.372004,14,32765
7.69144,-0.386927,0.368993,14,32765
7.69019,-0.412195,0.367661,15,32765
7.68884,-0.437525,0.366653,15,32765
7.68736,-0.462796,0.366675,15,32765
7.66595,-0.486408,0.364251,15,32765
7.68426,-0.513244,0.364554,14,32765
7.66262,-0.537386,0.362757,15,32765
7.6907,-0.565229,0.363464,16,32765
7.65893,-0.588543,0.361173,15,32765
7.63705,-0.6123,0.359895,15,32765
7.63499,-0.637558,0.359581,15,32765
7.62292,-0.661825,0.358793,16,32765
7.63062,-0.688077,0.359383,15,32765
7.6283,-0.713684,0.358668,14,32765
7.57613,-0.734401,0.356737,12,32765
7.58358,-0.760726,0.357029,12,32765
7.73009,-0.801363,0.363233,11,32765
0,-0,0,0,32765
0,-0,0,0,32765
0,-0,0,0,32765
0,-0,0,0,32765
0,-0,0,0,32765
0,-0,0,0,32765
0,-0,0,0,32765
0,-0,0,0,32765
0,-0,0,0,32765
0,-0,0,0,32765
0,-0,0,0,32765
0,-0,0,0,32765
0,-0,0,0,32765
0,-0,0,0,32765
0,-0,0,0,32765
0,-0,0,0,32765
0,-0,0,0,32765
0,-0,0,0,32765
0,-0,0,0,32765
0,-0,0,0,32765
0,-0,0,0,32765
0,-0,0,0,32765
0,-0,0,0,32765
0,-0,0,0,32765
0,-0,0,0,32765
0,-0,0,0,32765
0,-0,0,0,32765
0,-0,0,0,32765
0,-0,0,0,32765
0,-0,0,0,32765
0,-0,0,0,32765
0,-0,0,0,32765
0,-0,0,0,32765
0,-0,0,0,32765
0,-0,0,0,32765
0,-0,0,0,32765
0,-0,0,0,32765
0,-0,0,0,32765
0,-0,0,0,32765
0,-0,0,0,32765
0,-0,0,0,32765
0,-0,0,0,32765
0,-0,0,0,32765
0,-0,0,0,32765
0,-0,0,0,32765
0,-0,0,0,32765
0,-0,0,0,32765
0,-0,0,0,32765
0,-0,0,0,32765
0,-0,0,0,32765
0,-0,0,0,32765
0,-0,0,0,32765
0,-0,0,0,32765
0,-0,0,0,32765
0,-0,0,0,32765
1.46488,-0.435183,0.0750781,14,32765
1.45396,-0.436877,0.0743352,15,32765
1.45257,-0.44149,0.07428,15,32765
1.48933,-0.457945,0.0761269,16,32765
1.44017,-0.447886,0.0735855,16,32765
1.44831,-0.455328,0.0740151,17,32765
1.3993,-0.444711,0.0714411,18,32765
1.43596,-0.461281,0.0730251,19,32765
1.38698,-0.450525,0.0701521,19,32765
0,-0,0,0,32765
7.84195,0.100589,0.340833,15,32765
7.82242,0.0745135,0.336264,15,32765
7.82278,0.0478413,0.332856,16,32765
7.79304,0.0211993,0.32871,16,32765
7.82315,-0.00446633,0.327331,15,32765
7.78326,-0.0297434,0.322665,15,32765
7.64333,-0.054354,0.314627,15,32765
7.55329,-0.0786762,0.308614,14,32765
7.55306,-0.103958,0.306698,15,32765
7.53279,-0.128763,0.303439,14,32765
7.6323,-0.155703,0.305546,18,32765
7.69169,-0.182645,0.30736,16,32765
7.74107,-0.209749,0.307204,16,32765
7.7204,-0.235032,0.305174,16,32765
7.68967,-0.25983,0.302369,16,32765
7.69883,-0.285668,0.300841,17,32765
7.68791,-0.310576,0.299341,16,32765
7.68687,-0.336155,0.298397,16,32765
7.67579,-0.360932,0.29665,17,32765
7.67458,-0.386643,0.295562,17,32765
7.67332,-0.411909,0.294234,17,32765
7.66198,-0.436668,0.292847,18,32765
7.68045,-0.463106,0.293632,18,32765
7.63907,-0.485479,0.290639,18,32765
7.62747,-0.51028,0.289621,17,32765
7.63572,-0.536384,0.289152,18,32765
7.61398,-0.560527,0.287697,18,32765
7.62206,-0.586702,0.287199,19,32765
7.61012,-0.611187,0.286487,18,32765
7.59811,-0.635576,0.285801,18,32765
7.59598,-0.660638,0.285484,18,32765
7.60369,-0.686854,0.28598,19,32765
7.57151,-0.709627,0.284148,19,32765
7.57902,-0.735992,0.28493,20,32765
7.57652,-0.761383,0.284754,20,32765
7.59385,-0.788664,0.284702,20,32765
7.60111,-0.814813,0.285875,19,32765
7.56852,-0.837204,0.284497,20,32765
7.56565,-0.862777,0.284468,19,32765
7.55277,-0.887325,0.283677,19,32765
7.54975,-0.912477,0.284138,18,32765
7.52689,-0.934743,0.283264,19,32765
7.55345,-0.963466,0.285544,19,32765
7.55024,-0.98856,0.284616,19,32765
7.51714,-1.0099,0.284269,18,32765
7.53347,-1.03809,0.285187,18,32765
7.50019,-1.05908,0.286099,17,32765
7.51647,-1.0868,0.285612,17,32765
7.493,-1.10906,0.285179,15,32765
7.47933,-1.1326,0.286022,14,32765
7.49519,-1.16092,0.287257,13,32765
7.46164,-1.18136,0.286271,12,32765
7.49706,-1.21266,0.289037,11,32765
7.44362,-1.22981,0.287337,11,32765
7.43941,-1.25498,0.28766,11,32765
0,-0,0,0,32765
0,-0,0,0,32765
0,-0,0,0,32765
0,-0,0,0,32765
0,-0,0,0,32765
0,-0,0,0,32765
0,-0,0,0,32765
0,-0,0,0,32765
0,-0,0,0,32765
0,-0,0,0,32765
0,-0,0,0,32765
0,-0,0,0,32765
0,-0,0,0,32765
0,-0,0,0,32765
0,-0,0,0,32765
0,-0,0,0,32765
0,-0,0,0,32765
0,-0,0,0,32765
0,-0,0,0,32765
0,-0,0,0,32765
0,-0,0,0,32765
0,-0,0,0,32765
0,-0,0,0,32765
0,-0,0,0,32765
0,-0,0,0,32765
0,-0,0,0,32765
0,-0,0,0,32765
0,-0,0,0,32765
0,-0,0,0,32765
0,-0,0,0,32765
0,-0,0,0,32765
0,-0,0,0,32765
0,-0,0,0,32765
0,-0,0,0,32765
0,-0,0,0,32765
0,-0,0,0,32765
1.65678,-0.49323,0.0686188,12,32765
1.6361,-0.492645,0.0675424,12,32765
1.62497,-0.494937,0.0670864,12,32765
1.54697,-0.47668,0.063818,12,32765
1.51681,-0.472728,0.0625301,12,32765
1.61065,-0.507447,0.0663993,12,32765
1.59954,-0.50944,0.065848,11,32765
1.49333,-0.480742,0.0611628,12,32765
1.51078,-0.491797,0.0614471,12,32765
0,-0,0,0,32765
7.85599,0.112905,0.224364,14,32765
7.86624,0.0871859,0.227004,14,32765
7.83643,0.0608861,0.228549,14,32765
7.87651,0.0349498,0.231874,14,32765
7.86657,0.00831513,0.232315,13,32765
7.82649,-0.0177057,0.233785,13,32765
7.7364,-0.0428605,0.23208,13,32765
7.56628,-0.0669734,0.227592,13,32765
7.58598,-0.0924172,0.228975,13,32765
7.56561,-0.117709,0.229233,13,32765
7.59514,-0.143293,0.230945,15,32765
7.72448,-0.171456,0.236362,14,32765
7.76382,-0.198086,0.238265,14,32765
7.74313,-0.223113,0.237968,14,32765
7.77228,-0.249863,0.240082,14,32765
7.74143,-0.274584,0.239634,14,32765
7.72048,-0.299321,0.239831,14,32765
7.69945,-0.324037,0.239823,14,32765
7.73826,-0.351503,0.241396,14,32765
7.69708,-0.375684,0.240653,15,32765
7.71575,-0.402428,0.241315,14,32765
7.67442,-0.426065,0.240627,15,32765
7.69291,-0.452721,0.241434,15,32765
7.69133,-0.478474,0.242068,15,32765
7.7096,-0.505563,0.243717,15,32765
7.64806,-0.526931,0.241628,15,32765
7.64628,-0.552045,0.241877,15,32765
7.65435,-0.578398,0.242593,15,32765
7.64241,-0.603099,0.242394,15,32765
7.68017,-0.632187,0.243698,15,32765
7.63816,-0.654611,0.242724,15,32765
7.64587,-0.681017,0.243411,16,32765
7.61373,-0.703591,0.242052,15,32765
7.60136,-0.728121,0.242443,16,32765
7.57902,-0.751324,0.241575,15,32765
7.59638,-0.778558,0.241917,16,32765
7.61361,-0.805884,0.243173,17,32765
7.61086,-0.831462,0.243031,16,32765
7.58815,-0.854816,0.242529,16,32765
7.58519,-0.880706,0.242468,16,32765
7.58217,-0.906208,0.243012,16,32765
7.56917,-0.930306,0.243225,17,32765
7.54617,-0.95306,0.243147,17,32765
7.543,-0.977758,0.243354,17,32765
7.53969,-1.00289,0.243696,17,32765
7.51646,-1.02554,0.243188,17,32765
7.55258,-1.05636,0.244121,17,32765
7.53906,-1.08062,0.243379,18,32765
7.51559,-1.10299,0.243467,18,32765
7.5514,-1.13416,0.244312,17,32765
7.52775,-1.15648,0.244899,18,32765
7.52382,-1.18184,0.24463,17,32765
7.49016,-1.20267,0.243192,17,32765
7.49591,-1.22943,0.244563,18,32765
7.47204,-1.25124,0.243695,18,32765
7.49733,-1.28133,0.245744,16,32765
7.44381,-1.29753,0.244182,15,32765
7.47878,-1.32961,0.244997,15,32765
7.43491,-1.34748,0.244966,15,32765
7.40081,-1.36712,0.244762,14,32765
7.43549,-1.39922,0.24625,13,32765
7.45045,-1.42752,0.247024,13,32765
7.42606,-1.44827,0.246932,13,32765
7.42115,-1.47304,0.248051,13,32765
7.4162,-1.49761,0.248986,13,32765
7.37204,-1.514,0.248368,12,32765
7.4648,-1.55882,0.252306,11,32765
0,-0,0,0,32765
7.45426,-1.60822,0.254141,11,32765
7.34143,-1.60954,0.251475,11,32765
7.3944,-1.64747,0.255017,11,32765
7.29135,-1.65012,0.252359,11,32765
7.38318,-1.69683,0.256466,11,32765
7.3775,-1.72113,0.258105,11,32765
0,-0,0,0,32765
0,-0,0,0,32765
0,-0,0,0,32765
0,-0,0,0,32765
0,-0,0,0,32765
0,-0,0,0,32765
0,-0,0,0,32765
0,-0,0,0,32765
0,-0,0,0,32765
0,-0,0,0,32765
0,-0,0,0,32765
0,-0,0,0,32765
0,-0,0,0,32765
0,-0,0,0,32765
0,-0,0,0,32765
0,-0,0,0,32765
0,-0,0,0,32765
0,-0,0,0,32765
0,-0,0,0,32765
0,-0,0,0,32765
0,-0,0,0,32765
0,-0,0,0,32765
0,-0,0,0,32765
0,-0,0,0,32765
0,-0,0,0,32765
0,-0,0,0,32765
0,-0,0,0,32765
7.84775,0.113165,0.150048,16,32765
7.82804,0.0870861,0.152009,15,32765
7.82824,0.0610918,0.154416,16,32765
7.82836,0.0349506,0.156561,15,32765
7.76843,0.00836813,0.156088,15,32765
7.78835,-0.0175162,0.159127,15,32765
7.73825,-0.042822,0.159088,16,32765
7.5481,-0.0668184,0.155791,15,32765
7.55781,-0.0921337,0.156776,15,32765
7.51745,-0.117073,0.156802,15,32765
7.57698,-0.143118,0.158855,17,32765
7.74635,-0.172167,0.163889,17,32765
7.74572,-0.197905,0.164567,17,32765
7.74502,-0.223504,0.164884,16,32765
7.69424,-0.247742,0.165001,16,32765
7.70336,-0.273677,0.165691,17,32765
7.72238,-0.299893,0.166938,17,32765
7.72133,-0.325511,0.167551,17,32765
7.70021,-0.350382,0.167446,17,32765
7.69897,-0.37644,0.167949,17,32765
7.69767,-0.402204,0.167987,17,32765
7.65633,-0.425831,0.167676,17,32765
7.68481,-0.453073,0.168513,18,32765
7.66328,-0.477611,0.168708,18,32765
7.69154,-0.505318,0.170387,17,32765
7.62001,-0.525985,0.168644,18,32765
7.61823,-0.55106,0.168893,19,32765
7.63627,-0.578131,0.169736,18,32765
7.61436,-0.602037,0.169409,18,32765
7.61228,-0.627807,0.16945,19,32765
7.60015,-0.652616,0.169517,19,32765
7.62779,-0.680729,0.170555,19,32765
7.60558,-0.704213,0.169703,19,32765
7.60316,-0.729724,0.170411,19,32765
7.59075,-0.753972,0.169956,18,32765
7.58821,-0.779261,0.169665,19,32765
7.56567,-0.802402,0.169841,19,32765
7.57287,-0.828962,0.169924,20,32765
7.59983,-0.857845,0.170727,20,32765
7.55713,-0.87921,0.169774,20,32765
7.57397,-0.90705,0.170766,20,32765
7.57088,-0.932395,0.171299,21,32765
7.52803,-0.952694,0.17096,21,32765
7.56452,-0.982537,0.17207,21,32765
7.52155,-1.00251,0.171511,21,32765
7.53793,-1.03057,0.172097,21,32765
7.54432,-1.05737,0.171977,21,32765
7.52089,-1.08023,0.171106,22,32765
7.5172,-1.10549,0.171834,21,32765
7.51345,-1.13078,0.171402,22,32765
7.49969,-1.15454,0.1724,21,32765
7.50563,-1.18142,0.172361,22,32765
7.50157,-1.207,0.171887,22,32765
7.49745,-1.23224,0.17294,22,32765
7.49327,-1.25741,0.172717,22,32765
7.48898,-1.28257,0.173802,22,32765
7.47484,-1.30567,0.173629,21,32765
7.45071,-1.32739,0.172698,21,32765
7.43636,-1.35057,0.173731,20,32765
7.44156,-1.37754,0.174735,21,32765
7.42708,-1.40058,0.174694,20,32765
7.45185,-1.4308,0.175512,21,32765
7.43726,-1.45352,0.175844,22,32765
7.43233,-1.47838,0.176967,21,32765
7.39796,-1.49709,0.177201,23,32765
7.39296,-1.52152,0.177904,23,32765
7.36828,-1.54194,0.178066,23,32765
7.3631,-1.56644,0.178784,23,32765
7.38716,-1.59714,0.180599,24,32765
7.38175,-1.62183,0.181605,24,32765
7.3664,-1.64474,0.182897,24,32765
7.36083,-1.66941,0.183613,23,32765
7.34545,-1.69178,0.184102,24,32765
7.34952,-1.71828,0.185982,26,32765
7.31459,-1.73562,0.186538,23,32765
7.32838,-1.76382,0.188198,24,32765
7.32254,-1.78773,0.189679,22,32765
7.29722,-1.80686,0.190318,21,32765
7.3009,-1.83325,0.192159,21,32765
7.33349,-1.86729,0.195004,21,32765
7.31766,-1.88866,0.196078,19,32765
7.29197,-1.90783,0.197434,18,32765
7.26628,-1.92666,0.199033,19,32765
7.25015,-1.94805,0.20118,18,32765
7.24363,-1.97202,0.202688,18,32765
7.25638,-2.00099,0.204603,16,32765
7.24014,-2.02188,0.206958,15,32765
7.24315,-2.04791,0.20899,14,32765
7.24603,-2.07409,0.211782,13,32765
7.23919,-2.09761,0.214092,12,32765
7.22266,-2.11839,0.215607,11,32765
7.23475,-2.14774,0.219343,11,32765
0,-0,0,0,32765
0,-0,0,0,32765
0,-0,0,0,32765
0,-0,0,0,32765
0,-0,0,0,32765
0,-0,0,0,32765
0,-0,0,0,32765
0,-0,0,0,32765
0,-0,0,0,32765
7.82727,0.11069,0.174747,14,32765
7.89766,0.0849546,0.17256,14,32765
7.83799,0.0581319,0.167781,14,32765
7.85821,0.0321245,0.164654,14,32765
7.83834,0.00625618,0.161321,14,32765
7.83838,-0.0192935,0.1583,14,32765
7.79833,-0.0449073,0.155207,14,32765
7.56823,-0.0685817,0.148853,13,32765
7.58798,-0.0949594,0.147183,13,32765
7.58766,-0.120865,0.144802,13,32765
7.56726,-0.145883,0.14207,14,32765
7.68671,-0.173559,0.142859,15,32765
7.77609,-0.200713,0.143362,14,32765
7.74544,-0.225294,0.14086,14,32765
7.76466,-0.251703,0.139803,14,32765
7.77379,-0.27804,0.138648,14,32765
7.74286,-0.303046,0.13689,14,32765
7.74184,-0.328677,0.135494,14,32765
7.68081,-0.35164,0.13299,14,32765
7.69959,-0.377919,0.13249,14,32765
7.73827,-0.405202,0.131982,14,32765
7.73688,-0.431032,0.131753,14,32765
7.69553,-0.45411,0.129487,14,32765
7.71395,-0.480902,0.12903,15,32765
7.69236,-0.505203,0.128167,15,32765
7.69066,-0.530603,0.127836,15,32765
7.64897,-0.553316,0.126201,15,32765
7.64708,-0.578932,0.126188,15,32765
7.6451,-0.604615,0.125542,15,32765
7.64305,-0.630076,0.125154,15,32765
7.65088,-0.65627,0.125237,16,32765
7.6387,-0.680921,0.124513,15,32765
7.59658,-0.702484,0.123943,15,32765
7.62406,-0.730624,0.124255,16,32765
7.62153,-0.756499,0.124727,16,32765
7.59907,-0.779989,0.123789,16,32765
7.57653,-0.803379,0.12348,15,32765
7.59369,-0.830837,0.123259,16,32765
7.59084,-0.856366,0.123762,16,32765
7.57804,-0.880315,0.123634,16,32765
7.56508,-0.904755,0.124268,15,32765
7.57198,-0.93098,0.123676,16,32765
7.56877,-0.95661,0.124781,17,32765
7.56552,-0.981876,0.125569,16,32765
7.54238,-1.00435,0.125897,17,32765
7.53895,-1.02985,0.125598,17,32765
7.53545,-1.05536,0.123762,17,32765
7.53193,-1.08015,0.123987,16,32765
7.5282,-1.10573,0.125087,17,32765
7.52441,-1.13123,0.124902,17,32765
7.50074,-1.15384,0.125328,17,32765
7.50665,-1.18077,0.126395,17,32765
7.49279,-1.20417,0.127321,17,32765
7.4887,-1.22924,0.127941,17,32765
7.49441,-1.25588,0.128998,17,32765
7.50982,-1.28459,0.129571,18,32765
7.46599,-1.30314,0.131188,17,32765
7.4516,-1.32693,0.133646,16,32765
7.44712,-1.35191,0.132904,16,32765
7.47202,-1.38232,0.134271,17,32765
7.44772,-1.40353,0.134094,17,32765
7.443,-1.42822,0.135514,18,32765
7.45783,-1.45682,0.135997,18,32765
7.41367,-1.47399,0.135956,18,32765
7.41846,-1.50083,0.13746,17,32765
7.43295,-1.52975,0.138825,17,32765
7.35924,-1.54046,0.13772,18,32765
7.41271,-1.57757,0.139474,18,32765
7.40739,-1.60232,0.139948,18,32765
7.38248,-1.62263,0.140227,18,32765
7.39652,-1.65162,0.141393,19,32765
7.33253,-1.66274,0.140552,19,32765
7.37565,-1.69842,0.141621,19,32765
7.36021,-1.72069,0.141849,19,32765
7.35447,-1.74502,0.142681,18,32765
7.3584,-1.77155,0.143134,19,32765
7.34271,-1.79379,0.143321,18,32765
7.33682,-1.81778,0.142933,18,32765
7.33068,-1.84233,0.143388,19,32765
7.28584,-1.85643,0.143498,19,32765
7.3184,-1.89041,0.144643,19,32765
7.31212,-1.91457,0.14488,18,32765
7.3156,-1.9406,0.144876,19,32765
7.30926,-1.9643,0.145369,19,32765
7.30296,-1.98756,0.145968,20,32765
7.25797,-2.00043,0.144965,19,32765
7.25139,-2.02414,0.145151,20,32765
7.28324,-2.05865,0.145841,19,32765
7.23789,-2.07192,0.144864,20,32765
7.26947,-2.10671,0.14636,20,32765
7.26264,-2.13022,0.145364,20,32765
7.25569,-2.15373,0.145834,20,32765
7.2488,-2.17686,0.145457,20,32765
7.20354,-2.1884,0.144248,20,32765
7.2444,-2.22581,0.144547,19,32765
0,-0,0,12,32765
0,-0,0,12,32765
0,-0,0,0,32765
0,-0,0,12,32765
0,-0,0,12,32765
0,-0,0,12,32765
7.82856,0.11105,0.100895,15,32765
7.84894,0.0847124,0.0974264,15,32765
7.77923,0.0579161,0.0931155,15,32765
7.78942,0.0320043,0.0897109,15,32765
7.81951,0.00634423,0.0871495,15,32765
7.75953,-0.0190549,0.0834893,14,32765
7.72945,-0.0445241,0.0809018,14,32765
7.55929,-0.0685702,0.0773473,15,32765
7.55903,-0.0947257,0.0752919,14,32765
7.55869,-0.120591,0.0729206,15,32765
7.54826,-0.145762,0.0704792,15,32765
7.65772,-0.173209,0.0700487,16,32765
7.68712,-0.198779,0.0691676,15,32765
7.73642,-0.225454,0.0676707,16,32765
7.73564,-0.251243,0.0662566,15,32765
7.71478,-0.276467,0.0647602,15,32765
7.64387,-0.299763,0.0629658,15,32765
7.6828,-0.326823,0.0619108,15,32765
7.64173,-0.350558,0.0601419,15,32765
7.66051,-0.376767,0.0594575,15,32765
7.64926,-0.401363,0.0581993,15,32765
7.64787,-0.426952,0.0579732,15,32765
7.64644,-0.452151,0.056398,15,32765
7.59499,-0.474474,0.0552503,15,32765
7.64327,-0.503031,0.0550879,16,32765
7.62161,-0.526945,0.0546171,16,32765
7.61982,-0.552371,0.0536497,16,32765
7.59798,-0.576434,0.0534976,16,32765
7.56609,-0.599639,0.0526486,16,32765
7.59395,-0.627363,0.0524724,16,32765
7.58186,-0.651739,0.0523246,16,32765
7.60952,-0.679774,0.0519735,16,32765
7.57735,-0.702211,0.0518493,16,32765
7.59488,-0.729394,0.0518129,17,32765
7.5824,-0.754238,0.0522158,17,32765
7.53009,-0.774579,0.0512679,16,32765
7.52744,-0.799903,0.0512838,16,32765
7.54461,-0.827258,0.0508794,16,32765
7.5219,-0.850432,0.0512453,16,32765
7.49918,-0.87305,0.0511448,16,32765
7.51603,-0.900848,0.0520721,15,32765
7.51301,-0.925746,0.0513251,16,32765
7.47013,-0.946207,0.0521459,16,32765
7.5165,-0.977648,0.0532767,17,32765
7.50329,-1.00133,0.0538621,18,32765
7.48004,-1.02404,0.0534242,18,32765
7.20916,-1.01189,0.0497593,20,32765
7.24538,-1.04134,0.0502508,20,32765
7.48911,-1.10241,0.0530639,19,32765
7.48532,-1.12784,0.0528818,19,32765
7.48142,-1.15341,0.0536357,19,32765
7.46758,-1.17722,0.0544644,20,32765
7.4636,-1.20214,0.0555545,19,32765
7.45953,-1.22716,0.056174,19,32765
7.44551,-1.25046,0.0569846,18,32765
7.45108,-1.27738,0.0572933,19,32765
7.40728,-1.29577,0.0592725,19,32765
7.452,-1.32995,0.0622999,20,32765
7.40814,-1.34783,0.0612351,20,32765
7.44289,-1.38,0.0623994,21,32765
7.43823,-1.40487,0.0625784,21,32765
7.38441,-1.42014,0.0635756,22,32765
7.39926,-1.44862,0.0638719,22,32765
7.39435,-1.47345,0.0645479,22,32765
7.39914,-1.50028,0.0659566,24,32765
7.36467,-1.5191,0.0666896,23,32765
7.38885,-1.55014,0.0671342,24,32765
7.37382,-1.57282,0.0677,24,32765
7.36851,-1.5975,0.0681741,25,32765
7.36314,-1.62203,0.0688235,26,32765
7.35767,-1.64666,0.0696176,25,32765
7.34243,-1.66875,0.0698065,26,32765
7.35629,-1.6978,0.0701296,27,32765
7.32138,-1.71549,0.0702671,28,32765
7.3351,-1.74437,0.0712865,28,32765
7.33902,-1.7709,0.0716472,29,32765
7.33304,-1.79551,0.0720265,29,32765
7.31742,-1.81711,0.0715469,30,32765
7.32097,-1.84409,0.0720994,29,32765
7.31488,-1.86809,0.0729755,31,32765
7.31835,-1.89472,0.0734564,31,32765
7.30236,-1.9164,0.0736001,31,32765
7.28649,-1.93733,0.0733105,31,32765
7.28981,-1.96359,0.0739024,31,32765
7.27386,-1.9842,0.0744055,33,32765
7.24814,-2.00233,0.0739795,33,32765
7.28969,-2.03953,0.074662,33,32765
7.25413,-2.05517,0.0742892,33,32765
7.25683,-2.08217,0.0741849,32,32765
7.23076,-2.10035,0.0747146,32,32765
7.22392,-2.12379,0.0737268,32,32765
7.23615,-2.15294,0.0743957,32,32765
7.22923,-2.17605,0.0740238,32,32765
7.21266,-2.1963,0.0734884,30,32765
7.20568,-2.21911,0.072837,30,32765
7.21762,-2.24816,0.0726134,26,32765
7.24864,-2.28298,0.0718867,22,32765
7.15563,-2.27863,0.0701916,24,32765
7.17698,-2.31037,0.0692525,22,32765
6.94157,-2.25838,0.0662767,22,32765
6.99158,-2.29851,0.0652165,29,32765
0,0,-0,14,32765
0,0,-0,0,32765
0,0,-0,14,32765
0,0,-0,0,32765
0,0,-0,15,32765
0,-0,-0,0,32765
6.83993,-0.0297375,-0.0061155,14,32765
6.95979,-0.053202,-0.00492899,15,32765
7.15957,-0.0785104,-0.00331095,16,32765
0,-0,-0,0,32765
7.06889,-0.125391,-0.00241106,15,32765
7.02844,-0.148334,-0.000957521,15,32765
6.99791,-0.171248,-0.000145825,15,32765
7.08726,-0.197041,0.000332791,15,32765
7.27646,-0.226928,0.00103522,15,32765
7.24569,-0.249875,0.00148179,16,32765
7.09494,-0.267913,0.00301707,14,32765
7.19394,-0.29522,0.00370418,15,32765
7.16296,-0.317549,0.00367432,16,32765
7.14188,-0.340696,0.00487781,15,32765
7.1407,-0.364448,0.00440592,15,32765
7.11946,-0.387541,0.0060058,15,32765
7.09812,-0.410732,0.00598647,14,32765
7.28634,-0.446346,0.0060128,14,32765
7.05526,-0.456331,0.00584874,14,32765
7.0537,-0.479785,0.00652865,15,32765
7.09196,-0.506084,0.00702389,15,32765
7.05035,-0.526644,0.007084,15,32765
6.95883,-0.54314,0.00722288,14,32765
6.99682,-0.569977,0.0078177,15,32765
6.98491,-0.592472,0.00830581,14,32765
6.99283,-0.616922,0.00832827,14,32765
7.03055,-0.644087,0.00894254,14,32765
6.89894,-0.655314,0.00842482,14,32765
6.85686,-0.674884,0.00881259,14,32765
6.93411,-0.706394,0.00961499,14,32765
6.80248,-0.715373,0.00898305,14,32765
6.88951,-0.747994,0.00906762,13,32765
6.80749,-0.761867,0.0103403,14,32765
0,-0,0,0,32765
6.69294,-0.795033,0.0092777,13,32765
6.66044,-0.814,0.00926282,13,32765
6.70724,-0.842871,0.00955401,13,32765
6.70441,-0.86511,0.0103542,14,32765
6.96918,-0.922695,0.00956435,15,32765
6.98588,-0.948606,0.0109084,15,32765
6.97276,-0.970598,0.0102192,21,32765
6.93976,-0.989847,0.00813104,23,32765
6.9265,-1.01167,0.0091972,15,32765
7.07141,-1.05715,0.0097439,15,32765
7.06785,-1.08068,0.00887517,15,32765
7.02469,-1.09807,0.00993726,15,32765
6.93205,-1.1077,0.00986067,15,32765
7.05655,-1.15214,0.01051,15,32765
7.09203,-1.1828,0.0108851,18,32765
7.10765,-1.21046,0.0120225,17,32765
7.1627,-1.24438,0.0118522,17,32765
7.06975,-1.25333,0.014475,16,32765
7.17375,-1.2966,0.015021,16,32765
7.07102,-1.30249,0.0152064,16,32765
7.08623,-1.33011,0.0161645,16,32765
7.17019,-1.37045,0.0167195,15,32765
7.16546,-1.39492,0.0172823,17,32765
7.20987,-1.42829,0.017686,18,32765
7.1168,-1.43474,0.0179076,18,32765
7.17079,-1.47032,0.0187742,18,32765
7.13653,-1.48783,0.0196032,19,32765
7.18044,-1.52199,0.0207636,18,32765
7.34154,-1.58158,0.022763,19,32765
7.11141,-1.55747,0.0223672,18,32765
7.2428,-1.61172,0.0239925,19,32765
7.16916,-1.62019,0.0251834,18,32765
7.16369,-1.6442,0.0259969,19,32765
7.13873,-1.66335,0.0271245,19,32765
7.22074,-1.70777,0.0289361,19,32765
7.21512,-1.73134,0.0303577,20,32765
7.14139,-1.7384,0.0316032,20,32765
7.16476,-1.76904,0.0335523,23,32765
7.20743,-1.80459,0.0354525,22,32765
7.19175,-1.82587,0.0359558,24,32765
7.25352,-1.86686,0.0379399,24,32765
7.22805,-1.88536,0.0401823,24,32765
7.28951,-1.92688,0.0424315,26,32765
7.22524,-1.93505,0.0438715,26,32765
7.22842,-1.96164,0.0449588,25,32765
7.27012,-1.99865,0.0481891,27,32765
7.24425,-2.01708,0.0508371,27,32765
7.23759,-2.04081,0.0524081,27,32765
7.25008,-2.07002,0.0549504,25,32765
7.21445,-2.0853,0.0573141,25,32765
7.21731,-2.11121,0.0596108,26,32765
7.21055,-2.13414,0.0619675,27,32765
7.20366,-2.15717,0.0654938,27,32765
7.21585,-2.18597,0.0683395,26,32765
7.20867,-2.20945,0.0709585,27,32765
7.18239,-2.22671,0.073671,22,32765
7.1656,-2.24683,0.07771,17,32765
7.20602,-2.2848,0.081249,15,32765
0,-0,0,12,32765
0,-0,0,12,32765
0,-0,0,12,32765
4.61912,0.072505,-0.0539862,14,32765
4.54936,0.0562036,-0.0517518,15,32765
4.51954,0.0406853,-0.0503533,14,32765
4.56966,0.0258859,-0.0496455,14,32765
4.63973,0.0104112,-0.0493654,15,32765
4.70974,-0.00512738,-0.0491776,14,32765
4.8297,-0.0210654,-0.0498813,15,32765
4.78961,-0.0367153,-0.0485778,16,32765
4.66949,-0.0513394,-0.046213,15,32765
4.72928,-0.0681183,-0.0469021,15,32765
4.82901,-0.0858729,-0.0472097,16,32765
4.8087,-0.101736,-0.0460289,17,32765
4.80834,-0.117952,-0.0454738,17,32765
4.82791,-0.13455,-0.0453353,16,32765
4.83743,-0.151225,-0.0449678,17,32765
4.80692,-0.166167,-0.0443897,16,32765
4.82635,-0.182681,-0.0435087,16,32765
4.8557,-0.199736,-0.0433435,16,32765
4.84503,-0.215297,-0.0432637,16,32765
4.85427,-0.232113,-0.0425275,16,32765
4.85346,-0.248295,-0.0428478,16,32765
4.8526,-0.264767,-0.0417484,16,32765
4.87163,-0.282557,-0.0419214,16,32765
4.89061,-0.30029,-0.0421823,17,32765
4.8696,-0.315701,-0.0419921,16,32765
4.88847,-0.333287,-0.0416924,16,32765
4.86739,-0.34815,-0.041207,16,32765
4.86621,-0.364343,-0.0411376,16,32765
4.8849,-0.382159,-0.0411447,16,32765
4.88358,-0.398756,-0.0407576,16,32765
4.90215,-0.416779,-0.0405728,16,32765
4.88079,-0.431598,-0.0403997,16,32765
4.85939,-0.44622,-0.0398422,16,32765
4.86782,-0.463462,-0.0401721,16,32765
4.86621,-0.480073,-0.0398615,16,32765
4.88444,-0.498751,-0.0395304,16,32765
4.91262,-0.517834,-0.0400979,16,32765
4.83132,-0.525761,-0.0394711,16,32765
4.84943,-0.543996,-0.0386514,14,32765
4.60915,-0.53283,-0.0372347,14,32765
4.75625,-0.5663,-0.0385735,14,32765
4.81386,-0.589697,-0.0390365,16,32765
4.70269,-0.59235,-0.0379942,15,32765
4.57178,-0.591304,-0.0364055,14,32765
4.58961,-0.609072,-0.0373548,14,32765
4.756,-0.647325,-0.0378286,16,32765
4.73399,-0.660509,-0.0381271,16,32765
4.78122,-0.683567,-0.0399333,16,32765
4.7789,-0.699636,-0.0391884,16,32765
4.7864,-0.717235,-0.0390316,16,32765
4.76421,-0.730166,-0.0394545,16,32765
4.71235,-0.73835,-0.038298,16,32765
4.57158,-0.732231,-0.0371401,13,32765
4.72696,-0.773601,-0.0381095,15,32765
4.62566,-0.773282,-0.0371061,15,32765
4.77084,-0.814408,-0.0375481,16,32765
4.72869,-0.823456,-0.0374147,16,32765
4.72583,-0.839779,-0.0355617,16,32765
4.75251,-0.861004,-0.0355676,16,32765
4.64142,-0.856975,-0.034499,15,32765
4.71711,-0.887512,-0.0344724,14,32765
4.64539,-0.889985,-0.0337391,14,32765
4.71103,-0.919282,-0.0338666,16,32765
4.72758,-0.93876,-0.0338188,13,32765
4.53816,-0.917062,-0.0322046,13,32765
4.65264,-0.956257,-0.0325712,14,32765
4.54178,-0.949121,-0.0312386,15,32765
4.64618,-0.987163,-0.0313134,14,32765
4.47672,-0.966706,-0.0292649,13,32765
4.42454,-0.971326,-0.028756,13,32765
4.76286,-1.06239,-0.0301898,16,32765
4.81784,-1.0914,-0.0296065,16,32765
4.81415,-1.10757,-0.0290577,16,32765
4.81046,-1.12353,-0.028248,16,32765
4.82615,-1.14415,-0.027372,16,32765
4.86128,-1.1693,-0.0266327,16,32765
4.70198,-1.14732,-0.0247697,14,32765
4.95057,-1.22526,-0.0248403,17,32765
4.87864,-1.22443,-0.0233646,17,32765
4.96179,-1.26274,-0.0234002,17,32765
5.05445,-1.304,-0.0227085,17,32765
5.03084,-1.31539,-0.0209878,17,32765
5.10383,-1.35237,-0.0199969,17,32765
5.02214,-1.34825,-0.0184558,17,32765
5.01763,-1.36495,-0.0177391,18,32765
5.13844,-1.41602,-0.0161088,18,32765
5.13377,-1.43288,-0.0141389,16,32765
5.14828,-1.45518,-0.0130716,17,32765
5.20116,-1.4886,-0.0114915,17,32765
5.26351,-1.52506,-0.00975326,17,32765
5.38333,-1.57853,-0.00832554,17,32765
5.47415,-1.62412,-0.00668172,17,32765
5.51681,-1.65602,-0.0040365,17,32765
5.54975,-1.6853,-0.00200664,17,32765
5.55378,-1.70634,1.09548e-05,17,32765
5.75834,-1.78953,0.00234038,17,32765
5.82885,-1.8321,0.00574022,16,32765
5.93732,-1.88709,0.00834619,17,32765
6.08366,-1.95475,0.0120765,16,32765
6.08687,-1.97731,0.0148315,16,32765
6.49872,-2.13349,0.0203858,23,32765
0,0,-0,0,32765
4.92944,0.0592849,-0.0447927,13,32765
4.7996,0.041834,-0.0455924,14,32765
4.59971,0.0246849,-0.0457146,14,32765
4.74974,0.00969671,-0.0485292,15,32765
4.68973,-0.00622125,-0.0499947,14,32765
4.62968,-0.0216688,-0.0503048,16,32765
4.57956,-0.0367338,-0.0514006,15,32765
4.67939,-0.0532059,-0.0539613,16,32765
4.71917,-0.069141,-0.0551088,16,32765
4.64892,-0.0833454,-0.0553283,14,32765
4.52865,-0.096149,-0.0549443,15,32765
4.57827,-0.112288,-0.0568789,16,32765
4.62782,-0.129484,-0.0582013,15,32765
4.38749,-0.137554,-0.056053,15,32765
4.39698,-0.152794,-0.0567518,15,32765
4.49636,-0.171146,-0.0588564,16,32765
4.47579,-0.185009,-0.059159,16,32765
4.27536,-0.19097,-0.0569751,16,32765
4.23475,-0.203106,-0.0568857,16,32765
4.31392,-0.221529,-0.0585288,15,32765
4.20332,-0.230004,-0.0576537,14,32765
4.2125,-0.244685,-0.057969,15,32765
4.42124,-0.271648,-0.0611285,15,32765
4.23073,-0.273929,-0.0590751,14,32765
4.15996,-0.283257,-0.0584071,15,32765
4.23878,-0.302792,-0.0596599,16,32765
4.27763,-0.319929,-0.0605028,15,32765
4.22668,-0.330491,-0.0599605,16,32765
4.2355,-0.345527,-0.0604314,17,32765
4.10479,-0.348846,-0.0586801,15,32765
4.20318,-0.37155,-0.0600535,15,32765
4.28158,-0.392831,-0.0613556,16,32765
4.18071,-0.39757,-0.060146,15,32765
4.16941,-0.410473,-0.0601544,15,32765
4.17796,-0.425514,-0.0600341,14,32765
4.03728,-0.424995,-0.0581722,14,32765
4.14515,-0.450672,-0.0592004,14,32765
4.13366,-0.463624,-0.0590083,14,32765
4.1619,-0.48077,-0.059236,15,32765
4.21984,-0.501851,-0.0599326,15,32765
4.13875,-0.506174,-0.0585539,15,32765
4.22632,-0.53125,-0.0596733,15,32765
4.21459,-0.544227,-0.0595273,15,32765
4.12355,-0.546494,-0.0575198,15,32765
4.1415,-0.563037,-0.0577175,15,32765
4.14951,-0.578129,-0.0588971,15,32765
4.18716,-0.59762,-0.0589035,16,32765
4.05649,-0.592974,-0.0569062,16,32765
3.97535,-0.594842,-0.0559629,14,32765
4.2105,-0.644848,-0.0589853,16,32765
4.18851,-0.656213,-0.0582539,16,32765
4.21587,-0.675228,-0.0580181,16,32765
4.16422,-0.681468,-0.0572369,15,32765
4.13234,-0.690352,-0.0571556,16,32765
4.12014,-0.702518,-0.0572452,15,32765
4.09808,-0.71289,-0.0562744,15,32765
4.12517,-0.732103,-0.0558537,15,32765
4.2014,-0.760448,-0.0538416,17,32765
4.18899,-0.772717,-0.0538003,15,32765
4.22567,-0.79427,-0.0536308,17,32765
4.25242,-0.814198,-0.0535111,18,32765
4.12209,-0.803579,-0.0515989,16,32765
4.14877,-0.823347,-0.0517531,16,32765
4.21461,-0.851058,-0.0523012,16,32765
4.05504,-0.832924,-0.0497343,15,32765
4.16966,-0.871176,-0.0506043,17,32765
4.14718,-0.880879,-0.0501354,16,32765
4.05623,-0.875847,-0.0488272,16,32765
4.10213,-0.900046,-0.0491973,16,32765
4.16742,-0.929003,-0.0499077,16,32765
4.19353,-0.949665,-0.0495802,16,32765
4.26829,-0.981622,-0.0503014,15,32765
4.08969,-0.955062,-0.0480205,15,32765
4.17404,-0.989486,-0.0486856,17,32765
4.05409,-0.975232,-0.046882,15,32765
4.00225,-0.976835,-0.0464043,15,32765
4.0476,-1.00185,-0.0464691,15,32765
4.17032,-1.04696,-0.0479756,16,32765
4.08938,-1.04076,-0.0468354,16,32765
4.06659,-1.04913,-0.0467433,15,32765
4.00506,-1.04738,-0.0456794,16,32765
4.02092,-1.06571,-0.0456981,16,32765
4.08498,-1.09714,-0.0461769,16,32765
4.15856,-1.13148,-0.0472475,15,32765
4.03914,-1.11328,-0.0456639,16,32765
4.03544,-1.12659,-0.0457069,16,32765
3.96444,-1.12054,-0.0447376,15,32765
4.05687,-1.16108,-0.0458474,16,32765
4.00508,-1.16024,-0.0452356,15,32765
4.10686,-1.20412,-0.0465269,16,32765
3.98793,-1.18319,-0.0453438,15,32765
3.98417,-1.1958,-0.0454461,15,32765
4.01857,-1.22023,-0.0463696,16,32765
4.04335,-1.2418,-0.0466894,16,32765
3.97248,-1.23404,-0.0462806,16,32765
3.9876,-1.25271,-0.0469648,17,32765
3.96462,-1.25901,-0.0473671,15,32765
3.87498,-1.24388,-0.046954,16,32765
3.80442,-1.23459,-0.046835,15,32765
3.83842,-1.25928,-0.0482195,16,32765
3.86892,0.0594698,-0.0695075,16,32765
3.81907,0.0459999,-0.0707399,16,32765
3.81917,0.033327,-0.0723161,17,32765
3.77924,0.0202893,-0.0732202,16,32765
3.73927,0.00761155,-0.0734876,15,32765
3.69925,-0.00495961,-0.0743411,16,32765
3.58922,-0.0168785,-0.0728672,15,32765
3.6691,-0.0295416,-0.0758041,16,32765
3.64896,-0.0416294,-0.0765125,16,32765
3.55882,-0.0523047,-0.0751433,16,32765
3.52863,-0.0634513,-0.0752969,16,32765
3.53837,-0.0753433,-0.0763256,16,32765
3.58806,-0.0882524,-0.0784444,16,32765
3.53775,-0.0992607,-0.0778879,17,32765
3.46743,-0.109008,-0.0770339,16,32765
3.46703,-0.120806,-0.077484,16,32765
3.55651,-0.135736,-0.0801379,17,32765
3.53606,-0.146555,-0.0801331,16,32765
3.52555,-0.157895,-0.0802833,17,32765
3.33527,-0.160386,-0.0763108,16,32765
3.40459,-0.175291,-0.0783593,16,32765
3.48383,-0.19113,-0.0807072,17,32765
3.39334,-0.197614,-0.0787692,16,32765
3.44254,-0.212061,-0.080141,16,32765
3.35203,-0.217594,-0.0785002,17,32765
3.37123,-0.23014,-0.0792161,17,32765
3.43027,-0.245663,-0.0807288,16,32765
3.38954,-0.254155,-0.0800126,16,32765
3.33883,-0.261733,-0.078964,16,32765
3.33792,-0.272995,-0.0792231,17,32765
3.34693,-0.285161,-0.0795382,16,32765
3.3559,-0.297403,-0.0797337,16,32765
3.38476,-0.311333,-0.0805722,17,32765
3.29413,-0.31405,-0.07861,17,32765
3.33286,-0.328942,-0.0796805,17,32765
3.33174,-0.340182,-0.0794693,16,32765
3.36039,-0.354629,-0.0802962,17,32765
3.38898,-0.369383,-0.0805601,17,32765
3.29829,-0.370858,-0.0783931,17,32765
3.39635,-0.393319,-0.0805921,17,32765
3.28581,-0.391749,-0.077881,17,32765
3.25472,-0.399052,-0.0769774,17,32765
3.36248,-0.42372,-0.0794432,17,32765
3.3412,-0.432524,-0.0789689,17,32765
3.43884,-0.456888,-0.0806883,17,32765
3.41748,-0.465765,-0.0801573,17,32765
3.35648,-0.468809,-0.0796047,16,32765
3.41429,-0.488527,-0.0805594,17,32765
3.41261,-0.500097,-0.080401,17,32765
3.35158,-0.502757,-0.0791426,17,32765
3.35971,-0.515832,-0.0791206,17,32765
3.37768,-0.5305,-0.0792184,17,32765
3.35611,-0.538866,-0.0782382,17,32765
3.30493,-0.542196,-0.0770056,17,32765
3.36227,-0.563103,-0.0786487,17,32765
3.32093,-0.56766,-0.0779071,17,32765
3.39781,-0.592549,-0.0791775,18,32765
3.34657,-0.595405,-0.0773582,17,32765
3.45277,-0.626503,-0.0773296,18,32765
3.40149,-0.629015,-0.0762957,18,32765
3.419,-0.644247,-0.0761894,17,32765
3.31862,-0.636988,-0.0736133,17,32765
3.40477,-0.665397,-0.0753197,17,32765
3.41231,-0.67888,-0.075359,17,32765
3.30223,-0.668484,-0.072734,16,32765
3.4175,-0.70372,-0.0747993,17,32765
3.44446,-0.721454,-0.0749686,17,32765
3.4127,-0.726682,-0.0741378,17,32765
3.34183,-0.723393,-0.0724482,17,32765
3.42729,-0.753859,-0.0741709,18,32765
3.37595,-0.754453,-0.073024,17,32765
3.42215,-0.776918,-0.0735243,18,32765
3.42927,-0.79064,-0.0735705,18,32765
3.35844,-0.786261,-0.0719302,17,32765
3.3947,-0.806756,-0.0724666,18,32765
3.39201,-0.818016,-0.0720953,17,32765
3.331,-0.815045,-0.0709244,17,32765
3.40597,-0.845155,-0.0721575,18,32765
3.40313,-0.856509,-0.072203,18,32765
3.36158,-0.85769,-0.0711749,17,32765
3.36843,-0.871207,-0.0714858,17,32765
3.36553,-0.882355,-0.071151,19,32765
3.31428,-0.880645,-0.0699605,18,32765
3.34032,-0.899411,-0.0703333,18,32765
3.27948,-0.894554,-0.0692674,18,32765
3.35361,-0.926675,-0.0706726,18,32765
3.33127,-0.932363,-0.0703001,17,32765
3.29939,-0.934935,-0.0695175,18,32765
3.31551,-0.951319,-0.0699404,17,32765
3.33162,-0.967607,-0.0702868,18,32765
3.20377,-0.941731,-0.0677282,17,32765
3.24863,-0.966308,-0.0688391,17,32765
3.17853,-0.956439,-0.0674973,17,32765
3.19455,-0.972508,-0.0682887,18,32765
3.27744,-1.00916,-0.0701176,17,32765
3.20734,-0.998913,-0.0689784,17,32765
3.18504,-1.00316,-0.0689345,18,32765
3.14379,-1.00093,-0.0686043,18,32765
3.09305,-0.995443,-0.0680511,17,32765
3.14689,-1.02386,-0.0698749,17,32765
3.13406,-1.03087,-0.0704098,17,32765
2.85804,0.0480293,-0.0943699,15,32765
2.84822,0.0382199,-0.0931474,15,32765
2.89833,0.0292724,-0.0940727,16,32765
2.90842,0.0199803,-0.0939076,15,32765
2.84852,0.00998565,-0.0912994,15,32765
2.87854,0.000282384,-0.0917231,15,32765
2.90853,-0.00947131,-0.0920701,16,32765
2.95846,-0.0195303,-0.0933021,16,32765
2.82847,-0.0279201,-0.0888405,15,32765
2.90833,-0.038359,-0.0906623,15,32765
2.91819,-0.0481151,-0.0908386,15,32765
2.87806,-0.0570186,-0.0890248,16,32765
2.90782,-0.0674947,-0.0901766,15,32765
2.89759,-0.0771577,-0.089406,16,32765
2.88734,-0.0868708,-0.0885454,15,32765
2.92699,-0.0980629,-0.0896367,14,32765
2.99657,-0.110347,-0.0915187,15,32765
2.90631,-0.116718,-0.0886094,15,32765
2.95583,-0.128593,-0.0901105,15,32765
2.86553,-0.134326,-0.0871775,15,32765
2.91498,-0.146465,-0.0884081,16,32765
2.98435,-0.160043,-0.0901859,15,32765
2.95386,-0.168299,-0.0893112,15,32765
2.9134,-0.175703,-0.0874756,15,32765
2.98262,-0.18991,-0.0894458,15,32765
2.90218,-0.194608,-0.0869672,15,32765
2.91149,-0.205107,-0.0868806,16,32765
2.93072,-0.216461,-0.0873015,16,32765
3.0097,-0.23251,-0.0897812,15,32765
3.01886,-0.243495,-0.0900005,15,32765
2.92838,-0.246122,-0.0871152,15,32765
2.89767,-0.253437,-0.0859912,15,32765
2.91671,-0.265104,-0.086281,16,32765
2.9556,-0.278747,-0.0872918,17,32765
2.9049,-0.283943,-0.0857174,16,32765
2.92381,-0.295765,-0.0863597,16,32765
3.00235,-0.31384,-0.0884611,17,32765
2.97147,-0.320698,-0.087405,15,32765
2.93064,-0.326192,-0.0861508,16,32765
3.00897,-0.345185,-0.0885616,16,32765
2.95816,-0.34949,-0.0867583,15,32765
2.99666,-0.364243,-0.0879536,16,32765
2.91606,-0.364594,-0.0853351,16,32765
2.95446,-0.379619,-0.0862694,16,32765
2.89371,-0.381743,-0.0843846,16,32765
2.91222,-0.394219,-0.08475,16,32765
3.01977,-0.419145,-0.0882155,16,32765
2.99856,-0.42651,-0.0874331,16,32765
2.90808,-0.423715,-0.0844669,15,32765
2.98572,-0.445382,-0.0867853,15,32765
2.91502,-0.44502,-0.0843825,16,32765
2.97275,-0.464136,-0.0861679,16,32765
2.9613,-0.472585,-0.085767,16,32765
2.9301,-0.477783,-0.0845463,17,32765
2.9186,-0.48607,-0.0842025,16,32765
2.99579,-0.509306,-0.0863709,16,32765
2.91528,-0.505682,-0.0837119,16,32765
2.9628,-0.524132,-0.0848185,16,32765
2.98072,-0.537551,-0.0850184,15,32765
2.94942,-0.542083,-0.0840239,16,32765
2.91808,-0.546557,-0.0834053,16,32765
2.92606,-0.558327,-0.0827463,15,32765
3.03208,-0.589333,-0.0854371,17,32765
2.96144,-0.585921,-0.083503,16,32765
2.94963,-0.594078,-0.0826916,16,32765
2.88887,-0.591987,-0.0806544,16,32765
3.01412,-0.62805,-0.0840235,15,32765
2.93378,-0.621541,-0.0814347,15,32765
3.07831,-0.662779,-0.0850392,16,32765
2.96864,-0.64969,-0.0815966,15,32765
2.97622,-0.661821,-0.0813463,15,32765
2.88627,-0.651858,-0.0784343,15,32765
2.97179,-0.681546,-0.080391,16,32765
2.85273,-0.664041,-0.0766459,14,32765
3.00619,-0.710251,-0.0803631,16,32765
2.87749,-0.689806,-0.0763494,15,32765
3.03062,-0.737152,-0.0797265,16,32765
3.02817,-0.747242,-0.0789372,16,32765
2.99662,-0.749926,-0.0774261,15,32765
2.99411,-0.75994,-0.0768501,16,32765
2.98194,-0.767229,-0.076037,16,32765
2.94074,-0.766892,-0.0742111,16,32765
2.99622,-0.791876,-0.0748779,16,32765
3.0999,-0.829973,-0.0766261,16,32765
2.94279,-0.798321,-0.0720465,15,32765
3.07511,-0.845105,-0.0746577,16,32765
3.04344,-0.847202,-0.0728872,16,32765
3.17538,-0.895162,-0.0750894,15,32765
3.03786,-0.867165,-0.070805,16,32765
3.05422,-0.882723,-0.0704548,15,32765
3.11852,-0.912309,-0.0709831,16,32765
3.14433,-0.930927,-0.0704214,16,32765
3.14134,-0.941084,-0.0690329,16,32765
3.20532,-0.971408,-0.0691857,17,32765
3.23083,-0.990671,-0.0688375,17,32765
3.21812,-0.998034,-0.0672173,15,32765
3.2913,-1.03216,-0.0672326,15,32765
3.30712,-1.04857,-0.0660172,15,32765
3.27526,-1.04987,-0.0635719,15,32765
3.2623,-1.05758,-0.0618518,15,32765
3.35396,-1.0991,-0.0616984,15,32765
2.38751,0.0401553,-0.101392,16,32765
2.51754,0.0337973,-0.106118,15,32765
2.45772,0.0248174,-0.10299,15,32765
2.46779,0.0169292,-0.102993,16,32765
2.46786,0.00860728,-0.102411,15,32765
2.44791,0.000176579,-0.101125,15,32765
2.4679,-0.00812031,-0.101434,15,32765
2.51783,-0.0167273,-0.103189,15,32765
2.50778,-0.0248797,-0.102457,15,32765
2.5177,-0.0333523,-0.102268,15,32765
2.46763,-0.0408486,-0.100125,15,32765
2.49747,-0.0496627,-0.100846,15,32765
2.52725,-0.0588684,-0.102252,15,32765
2.55701,-0.0683194,-0.103057,15,32765
2.54679,-0.0768758,-0.102167,15,32765
2.50657,-0.0842456,-0.100449,15,32765
2.51627,-0.092949,-0.100632,15,32765
2.52594,-0.101753,-0.100888,15,32765
2.58548,-0.11282,-0.103262,15,32765
2.49526,-0.117317,-0.0995052,16,32765
2.60464,-0.131256,-0.103626,15,32765
2.50441,-0.134695,-0.0993683,15,32765
2.5239,-0.144215,-0.100186,15,32765
2.4935,-0.150808,-0.0984591,15,32765
2.57276,-0.164277,-0.1015,16,32765
2.52235,-0.169613,-0.0994584,15,32765
2.55168,-0.18026,-0.100299,15,32765
2.53112,-0.187466,-0.099365,15,32765
2.49062,-0.192941,-0.0978859,14,32765
2.50987,-0.202998,-0.0986037,15,32765
2.48927,-0.209789,-0.0976404,15,32765
2.48855,-0.218248,-0.097438,15,32765
2.47785,-0.225827,-0.0967918,15,32765
2.51686,-0.238012,-0.0982039,15,32765
2.52599,-0.247572,-0.0985003,15,32765
2.51519,-0.255115,-0.0981594,15,32765
2.47458,-0.259367,-0.096402,15,32765
2.56311,-0.277367,-0.0997328,16,32765
2.53238,-0.282617,-0.0984992,15,32765
2.63067,-0.302593,-0.102426,16,32765
2.55026,-0.302101,-0.0990388,15,32765
2.53931,-0.309473,-0.0986788,15,32765
2.5779,-0.32317,-0.0999648,16,32765
2.48759,-0.320478,-0.0963128,15,32765
2.57566,-0.340685,-0.0996339,16,32765
2.54479,-0.345392,-0.0982978,16,32765
2.59308,-0.360872,-0.100462,16,32765
2.55228,-0.363991,-0.0987541,16,32765
2.53127,-0.369786,-0.0976664,16,32765
2.54976,-0.381353,-0.0984456,16,32765
2.55833,-0.391595,-0.0984829,16,32765
2.54711,-0.398728,-0.098161,15,32765
2.48655,-0.397865,-0.0957811,16,32765
2.50492,-0.409527,-0.0962299,15,32765
2.54294,-0.42462,-0.0976929,15,32765
2.53165,-0.431529,-0.0972226,16,32765
2.5105,-0.436613,-0.0961326,15,32765
2.4992,-0.443279,-0.0954952,16,32765
2.45838,-0.444514,-0.0936904,15,32765
2.5355,-0.46723,-0.0965562,16,32765
2.52407,-0.474,-0.0963726,16,32765
2.55192,-0.488214,-0.0966768,16,32765
2.49139,-0.485512,-0.0941458,15,32765
2.52895,-0.501665,-0.0956285,16,32765
2.51744,-0.50836,-0.0948002,15,32765
2.58424,-0.530951,-0.0970332,16,32765
2.57268,-0.537476,-0.0965065,16,32765
2.55133,-0.541935,-0.095418,16,32765
2.53,-0.546154,-0.0943016,16,32765
2.5672,-0.563306,-0.0953477,16,32765
2.50678,-0.558894,-0.0927343,15,32765
2.48543,-0.562803,-0.0915708,16,32765
2.53226,-0.582268,-0.0930002,15,32765
2.56928,-0.599632,-0.0939054,16,32765
2.55757,-0.605845,-0.09315,16,32765
2.52644,-0.60724,-0.0915305,15,32765
2.54384,-0.620376,-0.0916037,15,32765
2.57089,-0.636067,-0.0919811,16,32765
2.5688,-0.644549,-0.0913349,16,32765
2.57632,-0.655619,-0.0911825,16,32765
2.62257,-0.676538,-0.0923986,16,32765
2.57201,-0.672497,-0.0899591,16,32765
2.58913,-0.686085,-0.0899444,16,32765
2.63519,-0.707405,-0.0908485,16,32765
2.54606,-0.692513,-0.0871942,15,32765
2.6594,-0.732782,-0.0905541,16,32765
2.57998,-0.720079,-0.0870221,16,32765
2.62572,-0.742157,-0.0877947,16,32765
2.61368,-0.748046,-0.0865261,17,32765
2.62082,-0.759458,-0.0861575,16,32765
2.60877,-0.765193,-0.0849847,16,32765
2.62546,-0.779355,-0.0845918,17,32765
2.67082,-0.802236,-0.0849531,17,32765
2.64915,-0.80497,-0.0832511,17,32765
2.67519,-0.822457,-0.0833496,16,32765
2.63439,-0.819157,-0.0809974,16,32765
2.73671,-0.860502,-0.0829096,17,32765
2.74354,-0.872173,-0.081865,17,32765
2.82646,-0.908399,-0.0828036,18,32765
2.80446,-0.911554,-0.0809241,18,32765
2.83008,-0.929866,-0.080094,18,32765
2.59768,0.0429613,-0.101064,15,32765
2.50783,0.0330053,-0.0989686,14,32765
2.46792,0.0243265,-0.0984857,14,32765
2.45795,0.0160111,-0.0990524,14,32765
2.49793,0.00798886,-0.101384,14,32765
2.53787,-0.000390211,-0.104084,15,32765
2.40793,-0.0084839,-0.0994532,14,32765
2.4878,-0.0171622,-0.103347,14,32765
2.45772,-0.0251579,-0.102902,15,32765
2.39765,-0.0324146,-0.101162,14,32765
2.4075,-0.0404693,-0.102043,14,32765
2.35738,-0.047486,-0.100456,15,32765
2.45708,-0.0578215,-0.105009,14,32765
2.42687,-0.065574,-0.104367,15,32765
2.40664,-0.0732106,-0.104055,14,32765
2.38639,-0.0806558,-0.103645,14,32765
2.36612,-0.0879194,-0.103238,14,32765
2.37579,-0.0961141,-0.103858,14,32765
2.32554,-0.101799,-0.102036,14,32765
2.37507,-0.111875,-0.104519,15,32765
2.38465,-0.12022,-0.105281,15,32765
2.35429,-0.126664,-0.104346,15,32765
2.35385,-0.134508,-0.104422,15,32765
2.37331,-0.143702,-0.105683,15,32765
2.34291,-0.149704,-0.104189,15,32765
2.3324,-0.15693,-0.104233,15,32765
2.34183,-0.165479,-0.104719,15,32765
2.37112,-0.175561,-0.106526,15,32765
2.30079,-0.178246,-0.103515,15,32765
2.24043,-0.181173,-0.100654,14,32765
2.31944,-0.19547,-0.10434,15,32765
2.29886,-0.201544,-0.103565,15,32765
2.30812,-0.210167,-0.103992,15,32765
2.28751,-0.216073,-0.103109,14,32765
2.30665,-0.225707,-0.103955,15,32765
2.26611,-0.229531,-0.102225,14,32765
2.30506,-0.241376,-0.104095,15,32765
2.21485,-0.239497,-0.0999533,14,32765
2.33316,-0.260248,-0.105436,15,32765
2.27274,-0.261197,-0.102624,14,32765
2.28178,-0.269994,-0.102894,15,32765
2.3007,-0.280026,-0.103813,15,32765
2.33941,-0.292614,-0.105466,15,32765
2.27898,-0.29283,-0.10255,14,32765
2.32752,-0.306932,-0.104572,14,32765
2.29678,-0.310726,-0.103135,15,32765
2.30561,-0.319899,-0.103517,14,32765
2.30452,-0.32778,-0.103166,14,32765
2.26384,-0.329959,-0.101209,15,32765
2.33188,-0.348018,-0.104026,15,32765
2.35043,-0.359072,-0.104672,15,32765
2.28997,-0.357832,-0.101916,15,32765
2.30847,-0.368775,-0.10271,15,32765
2.29736,-0.374982,-0.102022,14,32765
2.24683,-0.374484,-0.0996514,15,32765
2.34404,-0.398869,-0.103769,14,32765
2.31316,-0.401683,-0.102236,14,32765
2.32165,-0.411244,-0.102,14,32765
2.33992,-0.422638,-0.102694,14,32765
2.28937,-0.421429,-0.100491,15,32765
2.3174,-0.434673,-0.101672,15,32765
2.33555,-0.446271,-0.102105,15,32765
2.2458,-0.436888,-0.0981537,15,32765
2.29331,-0.454218,-0.0999666,14,32765
2.23302,-0.450084,-0.0971431,14,32765
2.30001,-0.471669,-0.0999212,15,32765
2.2593,-0.471251,-0.0977935,14,32765
2.39455,-0.507875,-0.103452,14,32765
2.4026,-0.518052,-0.103728,14,32765
2.27399,-0.498286,-0.0978876,15,32765
2.30153,-0.512525,-0.0992966,15,32765
2.3388,-0.529073,-0.1005,14,32765
2.2591,-0.51907,-0.0970108,14,32765
2.31574,-0.540255,-0.0993471,14,32765
2.30422,-0.545623,-0.0987133,14,32765
2.32185,-0.557915,-0.099239,15,32765
2.32972,-0.567858,-0.0996406,15,32765
2.30845,-0.570763,-0.0984924,15,32765
2.28715,-0.573639,-0.0974544,14,32765
2.27555,-0.578793,-0.0969139,15,32765
2.24457,-0.578959,-0.0955273,14,32765
2.29099,-0.599,-0.0973521,13,32765
2.29866,-0.609085,-0.0977968,14,32765
2.26773,-0.608813,-0.0962341,14,32765
2.33321,-0.634603,-0.0990548,14,32765
2.25404,-0.621062,-0.0958053,14,32765
2.24236,-0.625864,-0.0949977,14,32765
2.29797,-0.649562,-0.0974258,14,32765
2.26698,-0.648932,-0.0962722,14,32765
2.27447,-0.659025,-0.0967988,14,32765
2.32026,-0.680465,-0.0987463,14,32765
2.22229,-0.65944,-0.0946543,14,32765
2.22976,-0.669388,-0.0948744,15,32765
2.23714,-0.679495,-0.0954357,15,32765
2.29219,-0.704434,-0.0980784,14,32765
2.27077,-0.706032,-0.0975305,15,32765
2.24943,-0.707329,-0.0967041,14,32765
2.19007,-0.696216,-0.0943009,15,32765
2.25447,-0.724401,-0.0974505,15,32765
2.23319,-0.725236,-0.0969686,15,32765
2.28784,-0.750935,-0.0998246,16,32765
2.21711,0.0366883,-0.107216,15,32765
2.25711,0.0297074,-0.11041,15,32765
2.22718,0.0219366,-0.109932,15,32765
2.24717,0.0146018,-0.1118,15,32765
2.15729,0.00684653,-0.107951,15,32765
2.20719,-0.000412447,-0.111387,15,32765
2.14722,-0.00765479,-0.108984,15,32765
2.14716,-0.01492,-0.109496,14,32765
2.18701,-0.0225152,-0.112244,15,32765
2.13696,-0.0290336,-0.110368,14,32765
2.14681,-0.0362492,-0.111293,15,32765
2.16662,-0.0438252,-0.112816,15,32765
2.11653,-0.0500032,-0.110472,15,32765
2.15624,-0.0584802,-0.113122,15,32765
2.14602,-0.0655188,-0.113087,15,32765
2.10585,-0.0714238,-0.111383,15,32765
2.11555,-0.0788782,-0.112322,15,32765
2.02547,-0.0822164,-0.10771,15,32765
2.14489,-0.0941998,-0.114409,15,32765
2.14455,-0.101343,-0.114674,15,32765
2.01454,-0.101885,-0.108013,15,32765
2.1039,-0.11355,-0.11317,16,32765
2.10351,-0.120577,-0.113238,15,32765
2.08313,-0.126522,-0.112494,15,32765
2.07274,-0.132846,-0.111813,16,32765
2.0324,-0.13716,-0.110086,15,32765
2.10165,-0.148954,-0.1139,16,32765
2.04137,-0.151598,-0.111065,15,32765
2.15034,-0.167086,-0.117138,16,32765
2.04029,-0.165475,-0.111016,15,32765
2.09941,-0.177446,-0.114361,16,32765
2.05901,-0.181043,-0.112301,15,32765
2.08822,-0.190697,-0.113909,15,32765
2.03786,-0.193049,-0.111208,15,32765
2.04714,-0.200891,-0.111705,16,32765
2.01663,-0.204849,-0.110134,15,32765
2.03578,-0.213789,-0.111285,16,32765
2.08469,-0.226066,-0.113902,16,32765
2.02437,-0.226447,-0.110738,16,32765
2.0732,-0.238941,-0.113341,16,32765
2.06248,-0.244736,-0.112638,16,32765
2.01209,-0.24559,-0.109951,16,32765
1.99145,-0.249793,-0.10875,15,32765
2.06984,-0.266705,-0.112865,16,32765
1.97985,-0.261817,-0.107828,15,32765
2.06802,-0.280561,-0.112588,16,32765
2.00771,-0.279345,-0.1093,15,32765
2.05619,-0.293276,-0.111678,15,32765
2.07493,-0.303268,-0.112581,16,32765
1.99489,-0.298553,-0.108054,15,32765
2.04321,-0.313006,-0.110524,16,32765
2.06187,-0.323082,-0.111485,15,32765
2.00159,-0.320638,-0.10821,15,32765
2.02022,-0.330659,-0.109057,15,32765
1.98955,-0.332521,-0.107299,15,32765
1.95889,-0.334252,-0.105493,15,32765
1.94791,-0.339193,-0.104773,15,32765
2.0746,-0.368496,-0.111052,15,32765
2.00457,-0.363064,-0.107221,15,32765
2.02298,-0.373418,-0.108231,15,32765
1.98245,-0.372873,-0.106031,15,32765
2.03024,-0.389,-0.108283,15,32765
2.05833,-0.401522,-0.109768,16,32765
2.04717,-0.406583,-0.10895,15,32765
2.0458,-0.413483,-0.10871,16,32765
2.01506,-0.414369,-0.10697,15,32765
2.00389,-0.419125,-0.106071,15,32765
2.05132,-0.436272,-0.108427,16,32765
2.04984,-0.443204,-0.108301,15,32765
2.05811,-0.45222,-0.108491,16,32765
2.0663,-0.461406,-0.109138,16,32765
2.05502,-0.466155,-0.1082,15,32765
2.03397,-0.468625,-0.107048,15,32765
2.05184,-0.480004,-0.107919,15,32765
2.05025,-0.486817,-0.107725,16,32765
2.0098,-0.48426,-0.105415,15,32765
2.0179,-0.493206,-0.105912,15,32765
2.02596,-0.502297,-0.106141,15,32765
2.03396,-0.511542,-0.10646,15,32765
2.04192,-0.520801,-0.106852,15,32765
2.09818,-0.542691,-0.109749,15,32765
2.04808,-0.536965,-0.10701,15,32765
1.99803,-0.530887,-0.104514,15,32765
2.00594,-0.540019,-0.104726,15,32765
2.00416,-0.546612,-0.104685,15,32765
2.00234,-0.553236,-0.104706,15,32765
2.03898,-0.570672,-0.106356,15,32765
2.0563,-0.582857,-0.107342,15,32765
2.05434,-0.589693,-0.107404,16,32765
2.03324,-0.590763,-0.106504,15,32765
2.00256,-0.588924,-0.104914,15,32765
2.03896,-0.60672,-0.10691,16,32765
1.9892,-0.598834,-0.104232,15,32765
2.02546,-0.616916,-0.106374,15,32765
2.02342,-0.623568,-0.106545,15,32765
2.05948,-0.642124,-0.108798,15,32765
1.99072,-0.627729,-0.105265,15,32765
1.95067,-0.62185,-0.103298,14,32765
1.94872,-0.627913,-0.103539,15,32765
1.92774,-0.627799,-0.102821,15,32765
1.93523,-0.636983,-0.103648,14,32765
1.75617,0.03179,-0.11166,14,32765
1.86607,0.0273316,-0.118047,15,32765
1.83625,0.0204725,-0.115545,15,32765
1.83634,0.0142206,-0.115089,14,32765
1.83641,0.00803486,-0.114653,14,32765
1.78655,0.00181161,-0.111083,14,32765
1.85642,-0.00430112,-0.115332,15,32765
1.83645,-0.0104205,-0.113758,14,32765
1.81647,-0.0164628,-0.11208,15,32765
1.88628,-0.0234632,-0.116097,15,32765
1.89618,-0.0299684,-0.116657,15,32765
1.87613,-0.0359021,-0.115095,15,32765
1.88599,-0.0424279,-0.115526,15,32765
1.90581,-0.0492593,-0.116494,15,32765
1.86573,-0.0545317,-0.113886,15,32765
1.90545,-0.0622682,-0.116187,15,32765
1.85536,-0.0669563,-0.112962,15,32765
1.85512,-0.0733139,-0.112904,15,32765
1.91472,-0.0820864,-0.116273,15,32765
1.85461,-0.0857704,-0.11256,14,32765
1.87426,-0.0929993,-0.113579,15,32765
1.93376,-0.102464,-0.117009,15,32765
1.86364,-0.105013,-0.112697,15,32765
1.85332,-0.110622,-0.112188,15,32765
1.9426,-0.122534,-0.117453,15,32765
1.85254,-0.123127,-0.111893,15,32765
1.86208,-0.13011,-0.11236,15,32765
1.86164,-0.136375,-0.112295,15,32765
1.85123,-0.141857,-0.111541,15,32765
1.91043,-0.152911,-0.115147,14,32765
1.87013,-0.156098,-0.112512,15,32765
1.92925,-0.167637,-0.116157,14,32765
1.80938,-0.163382,-0.108897,15,32765
1.85851,-0.174124,-0.111837,15,32765
1.86784,-0.181412,-0.112459,14,32765
1.93675,-0.19474,-0.116543,15,32765
1.84671,-0.192059,-0.111246,15,32765
1.84604,-0.198405,-0.111171,15,32765
1.82552,-0.202524,-0.109876,15,32765
1.8645,-0.213225,-0.112195,15,32765
1.89351,-0.222995,-0.113988,15,32765
1.89275,-0.229374,-0.11402,14,32765
1.83254,-0.228338,-0.110327,15,32765
1.87137,-0.239599,-0.112591,15,32765
1.83095,-0.240728,-0.110272,14,32765
1.82022,-0.245727,-0.109614,15,32765
1.92814,-0.267065,-0.116028,16,32765
1.80862,-0.256846,-0.10881,15,32765
1.8275,-0.265814,-0.110015,16,32765
1.8266,-0.27199,-0.109823,15,32765
1.85527,-0.282697,-0.111623,15,32765
1.83457,-0.285984,-0.110347,15,32765
1.88287,-0.300169,-0.113095,15,32765
1.83259,-0.298567,-0.109936,15,32765
1.89066,-0.314564,-0.113401,15,32765
1.89944,-0.322614,-0.113816,15,32765
1.8885,-0.327325,-0.113213,15,32765
1.81857,-0.321534,-0.109101,15,32765
1.83714,-0.331251,-0.11,15,32765
1.8164,-0.333819,-0.108505,14,32765
1.82509,-0.341713,-0.108937,15,32765
1.81416,-0.345866,-0.10819,15,32765
1.94042,-0.376582,-0.115493,15,32765
1.84122,-0.363756,-0.109449,15,32765
1.89871,-0.381854,-0.112576,15,32765
1.92674,-0.394377,-0.114189,15,32765
1.86677,-0.38869,-0.110467,15,32765
1.85569,-0.392942,-0.109571,15,32765
1.90319,-0.40962,-0.112156,15,32765
1.87257,-0.40959,-0.110052,15,32765
1.88093,-0.418141,-0.110328,15,32765
1.88925,-0.426727,-0.110681,15,32765
1.81972,-0.417471,-0.105998,15,32765
1.8864,-0.439384,-0.109786,14,32765
1.8461,-0.436376,-0.107182,14,32765
1.86409,-0.447141,-0.107861,14,32765
1.86262,-0.453309,-0.107462,14,32765
1.84175,-0.454706,-0.105872,14,32765
1.8693,-0.468125,-0.107104,14,32765
1.84842,-0.469422,-0.105355,14,32765
1.88556,-0.485497,-0.107051,14,32765
1.86467,-0.486609,-0.105419,14,32765
1.89205,-0.500377,-0.106542,14,32765
1.94831,-0.522086,-0.109126,15,32765
1.94661,-0.528493,-0.108609,14,32765
1.88713,-0.518996,-0.104746,14,32765
1.94315,-0.541322,-0.107408,14,32765
1.9606,-0.553194,-0.107753,14,32765
1.97804,-0.565034,-0.10812,14,32765
1.96663,-0.56873,-0.106814,14,32765
1.95522,-0.572378,-0.105369,14,32765
1.94382,-0.575852,-0.10428,15,32765
1.98981,-0.596498,-0.106008,14,32765
1.95926,-0.594169,-0.103666,14,32765
1.98604,-0.609276,-0.104032,14,32765
1.96503,-0.60977,-0.102135,14,32765
1.98213,-0.622199,-0.102167,14,32765
1.98965,-0.631731,-0.101623,14,32765
2.01617,-0.647343,-0.101929,14,32765
2.03316,-0.659913,-0.10177,14,32765
2.00271,-0.656873,-0.0989261,13,32765
1.58552,0.0286974,-0.115839,14,32765
1.62553,0.0237909,-0.118238,15,32765
1.55583,0.0173155,-0.112645,15,32765
1.57586,0.0121589,-0.113698,15,32765
1.67566,0.00726999,-0.120495,15,32765
1.61586,0.00156551,-0.115781,15,32765
1.63581,-0.00387786,-0.117127,15,32765
1.64578,-0.00944094,-0.117542,15,32765
1.63579,-0.014941,-0.116431,15,32765
1.67565,-0.020976,-0.11901,15,32765
1.67557,-0.0266292,-0.118962,15,32765
1.62563,-0.0312651,-0.115132,15,32765
1.64547,-0.0371898,-0.116386,15,32765
1.6653,-0.0432318,-0.117575,15,32765
1.62527,-0.0477018,-0.114612,15,32765
1.67495,-0.0549551,-0.118008,15,32765
1.66479,-0.0603117,-0.117141,15,32765
1.67455,-0.0664264,-0.11779,15,32765
1.67433,-0.0720438,-0.117551,15,32765
1.65416,-0.0767742,-0.116081,15,32765
1.64394,-0.0818575,-0.115214,15,32765
1.67355,-0.0889829,-0.117139,15,32765
1.65332,-0.0934785,-0.115664,15,32765
1.68287,-0.100786,-0.117839,16,32765
1.66262,-0.105221,-0.116305,15,32765
1.66226,-0.110843,-0.116179,15,32765
1.66188,-0.116498,-0.116059,15,32765
1.68138,-0.123566,-0.11739,15,32765
1.72075,-0.132279,-0.120025,15,32765
1.71035,-0.137329,-0.119338,15,32765
1.69,-0.141507,-0.117737,15,32765
1.67957,-0.146397,-0.117091,15,32765
1.6592,-0.150286,-0.115636,16,32765
1.64875,-0.154948,-0.114897,15,32765
1.65814,-0.161539,-0.115611,15,32765
1.62781,-0.164176,-0.113446,15,32765
1.7463,-0.182168,-0.121824,16,32765
1.68616,-0.18177,-0.117602,15,32765
1.72519,-0.191971,-0.120274,15,32765
1.63533,-0.187579,-0.113992,16,32765
1.61488,-0.190751,-0.112612,15,32765
1.65384,-0.201019,-0.115403,15,32765
1.65316,-0.2066,-0.115302,16,32765
1.68214,-0.21601,-0.117263,15,32765
1.60227,-0.211285,-0.111801,15,32765
1.66084,-0.224874,-0.115884,15,32765
1.6403,-0.227866,-0.114386,16,32765
1.64939,-0.234923,-0.115003,15,32765
1.6782,-0.244815,-0.117083,16,32765
1.68724,-0.251975,-0.117594,15,32765
1.6272,-0.24867,-0.113484,15,32765
1.7052,-0.266593,-0.118903,15,32765
1.67472,-0.267764,-0.116646,15,32765
1.64427,-0.268666,-0.114409,16,32765
1.62368,-0.27093,-0.112968,15,32765
1.64243,-0.279772,-0.114185,15,32765
1.66114,-0.288752,-0.11554,15,32765
1.71909,-0.304825,-0.119656,15,32765
1.6297,-0.294699,-0.113252,15,32765
1.65815,-0.305618,-0.115008,15,32765
1.69635,-0.318527,-0.117585,15,32765
1.6855,-0.322265,-0.116755,15,32765
1.69424,-0.329752,-0.117172,15,32765
1.68334,-0.333523,-0.116301,15,32765
1.67243,-0.337314,-0.115301,15,32765
1.67127,-0.34307,-0.115189,15,32765
1.67987,-0.350783,-0.115642,15,32765
1.64941,-0.350267,-0.113342,15,32765
1.66776,-0.359981,-0.114421,16,32765
1.66656,-0.365577,-0.114083,16,32765
1.67506,-0.373445,-0.114485,16,32765
1.67379,-0.379147,-0.11429,15,32765
1.71144,-0.393756,-0.116298,16,32765
1.71984,-0.401739,-0.116794,16,32765
1.69912,-0.402784,-0.11516,16,32765
1.7075,-0.410754,-0.115406,15,32765
1.68677,-0.411687,-0.113732,15,32765
1.72416,-0.426894,-0.115905,15,32765
1.71307,-0.430229,-0.114849,16,32765
1.67299,-0.426086,-0.111674,15,32765
1.73923,-0.449101,-0.115721,16,32765
1.74744,-0.45732,-0.115863,16,32765
1.72666,-0.457944,-0.11411,16,32765
1.71555,-0.461029,-0.112875,15,32765
1.74294,-0.47455,-0.114313,15,32765
1.72216,-0.474981,-0.112467,15,32765
1.69177,-0.472641,-0.110107,16,32765
1.71904,-0.486422,-0.111353,16,32765
1.70789,-0.48926,-0.110135,15,32765
1.71591,-0.497642,-0.110071,15,32765
1.75262,-0.514534,-0.111701,15,32765
1.75098,-0.520207,-0.111183,16,32765
1.80668,-0.543146,-0.114065,16,32765
1.76677,-0.537325,-0.110916,16,32765
1.73646,-0.534232,-0.108109,15,32765
1.79196,-0.557654,-0.110855,15,32765
1.76161,-0.554556,-0.108231,15,32765
1.79788,-0.572472,-0.109635,15,32765
1.80557,-0.581379,-0.10918,15,32765
1.80377,-0.587128,-0.108185,15,32765
1.84943,-0.60833,-0.109722,15,32765
1.66564,0.0297172,-0.116872,14,32765
1.68563,0.0243891,-0.118994,15,32765
1.68563,0.0187552,-0.119996,14,32765
1.5859,0.012338,-0.113382,14,32765
1.61582,0.00708902,-0.116049,15,32765
1.65567,0.00164577,-0.119795,15,32765
1.64566,-0.00397192,-0.119515,15,32765
1.57579,-0.00909769,-0.114865,15,32765
1.62558,-0.0147669,-0.119021,15,32765
1.53573,-0.0190816,-0.112993,15,32765
1.59547,-0.0251649,-0.117655,15,32765
1.58537,-0.0303578,-0.117322,15,32765
1.57527,-0.0355449,-0.11691,15,32765
1.57511,-0.0408483,-0.117242,14,32765
1.54505,-0.0452459,-0.115233,15,32765
1.58475,-0.0517275,-0.118309,15,32765
1.55463,-0.0559714,-0.116595,15,32765
1.5644,-0.0616056,-0.117333,15,32765
1.60401,-0.0686241,-0.120622,15,32765
1.53403,-0.0708703,-0.115467,15,32765
1.5238,-0.0756208,-0.114951,15,32765
1.53348,-0.0812836,-0.115871,15,32765
1.56305,-0.0880988,-0.118388,15,32765
1.51297,-0.0903716,-0.114627,15,32765
1.50269,-0.0947892,-0.114154,15,32765
1.5521,-0.103185,-0.118034,15,32765
1.55174,-0.108433,-0.118087,15,32765
1.56132,-0.114453,-0.118699,16,32765
1.53108,-0.117498,-0.116553,15,32765
1.54061,-0.12351,-0.117319,15,32765
1.54018,-0.128786,-0.117318,15,32765
1.49006,-0.129686,-0.113587,15,32765
1.53927,-0.139215,-0.117305,15,32765
1.51895,-0.142506,-0.115724,15,32765
1.51846,-0.14766,-0.1157,15,32765
1.54772,-0.155807,-0.117899,15,32765
1.53726,-0.160007,-0.117166,15,32765
1.5268,-0.164192,-0.11633,15,32765
1.54607,-0.17155,-0.117671,15,32765
1.54548,-0.176776,-0.117616,15,32765
1.49537,-0.176146,-0.113721,15,32765
1.54428,-0.187165,-0.11729,15,32765
1.50406,-0.187487,-0.1142,16,32765
1.56277,-0.20024,-0.118584,16,32765
1.54232,-0.202943,-0.116867,15,32765
1.54163,-0.208165,-0.116813,16,32765
1.52119,-0.210608,-0.115066,16,32765
1.58959,-0.225524,-0.120213,15,32765
1.54935,-0.225191,-0.117044,15,32765
1.53872,-0.229103,-0.115983,15,32765
1.58721,-0.241976,-0.119595,15,32765
1.53711,-0.239832,-0.115613,15,32765
1.59538,-0.254581,-0.119821,15,32765
1.54531,-0.251915,-0.115949,15,32765
1.52479,-0.253892,-0.114207,15,32765
1.50427,-0.255707,-0.112606,15,32765
1.56236,-0.271019,-0.1169,15,32765
1.56146,-0.276355,-0.116528,15,32765
1.54091,-0.278079,-0.114812,15,32765
1.56939,-0.288737,-0.116812,15,32765
1.56842,-0.294041,-0.116667,15,32765
1.48905,-0.284387,-0.110683,14,32765
1.586,-0.308479,-0.117671,15,32765
1.55562,-0.308032,-0.115143,15,32765
1.59368,-0.32118,-0.118015,15,32765
1.52421,-0.312532,-0.112742,15,32765
1.59149,-0.331986,-0.117701,15,32765
1.54159,-0.326995,-0.113902,15,32765
1.5795,-0.340557,-0.11657,15,32765
1.54913,-0.339485,-0.114239,14,32765
1.54799,-0.344689,-0.114023,15,32765
1.5663,-0.354313,-0.115177,15,32765
1.59424,-0.36638,-0.117267,15,32765
1.52503,-0.355833,-0.112095,15,32765
1.53352,-0.363332,-0.112705,14,32765
1.5614,-0.375454,-0.114729,15,32765
1.60862,-0.392454,-0.118053,15,32765
1.56858,-0.388218,-0.115117,15,32765
1.57699,-0.395753,-0.115633,15,32765
1.54669,-0.39357,-0.113422,15,32765
1.53573,-0.39619,-0.112591,15,32765
1.56337,-0.408841,-0.114589,15,32765
1.54273,-0.40893,-0.11301,15,32765
1.55101,-0.416607,-0.113672,15,32765
1.53036,-0.416542,-0.112241,15,32765
1.55783,-0.429563,-0.114242,15,32765
1.56599,-0.437438,-0.114982,14,32765
1.52615,-0.43175,-0.11201,15,32765
1.52473,-0.436766,-0.112003,14,32765
1.55201,-0.450188,-0.114046,15,32765
1.5218,-0.446847,-0.112001,14,32765
1.57771,-0.468874,-0.1161,15,32765
1.55709,-0.468196,-0.114741,15,32765
1.52696,-0.464427,-0.112707,15,32765
1.535,-0.472241,-0.113474,15,32765
1.51442,-0.471248,-0.112119,15,32765
1.55094,-0.488099,-0.115076,15,32765
1.50181,-0.477987,-0.11175,15,32765
1.51927,-0.488829,-0.113445,14,32765
1.48924,-0.484366,-0.111584,15,32765
1.49716,-0.492146,-0.112693,15,32765
1.48506,0.026485,-0.118291,15,32765
1.40535,0.0203113,-0.112543,15,32765
1.45518,0.0161545,-0.117398,14,32765
1.43526,0.0111171,-0.11623,15,32765
1.42528,0.00619154,-0.115889,15,32765
1.41527,0.00133262,-0.115831,15,32765
1.40527,-0.00347818,-0.115392,15,32765
1.38528,-0.00809551,-0.114125,15,32765
1.41511,-0.0129674,-0.117042,15,32765
1.40505,-0.0175822,-0.116714,16,32765
1.40497,-0.022297,-0.116943,15,32765
1.35503,-0.0260914,-0.11314,15,32765
1.41469,-0.0320852,-0.118424,15,32765
1.38466,-0.0360819,-0.116214,15,32765
1.37456,-0.040437,-0.115571,15,32765
1.37441,-0.0450578,-0.115659,15,32765
1.36425,-0.0493243,-0.115275,15,32765
1.4039,-0.0555111,-0.118633,15,32765
1.38377,-0.059437,-0.117208,16,32765
1.38356,-0.0641663,-0.117289,15,32765
1.37336,-0.0684135,-0.116655,16,32765
1.37311,-0.0730538,-0.116807,15,32765
1.34299,-0.0759729,-0.11449,16,32765
1.37256,-0.0822806,-0.117042,16,32765
1.35237,-0.0856109,-0.115599,15,32765
1.36201,-0.0908662,-0.116536,16,32765
1.38157,-0.0968775,-0.118284,15,32765
1.40111,-0.103063,-0.119856,16,32765
1.361,-0.104802,-0.116564,16,32765
1.3507,-0.108651,-0.115721,16,32765
1.39004,-0.116621,-0.119123,16,32765
1.34993,-0.11788,-0.115767,16,32765
1.37929,-0.125158,-0.118259,15,32765
1.36895,-0.128854,-0.117348,16,32765
1.34867,-0.131577,-0.115625,16,32765
1.36805,-0.138167,-0.117263,16,32765
1.34775,-0.140734,-0.115584,16,32765
1.32745,-0.143212,-0.113815,15,32765
1.37649,-0.153221,-0.117909,16,32765
1.38586,-0.159022,-0.118708,16,32765
1.38533,-0.1637,-0.118591,16,32765
1.33533,-0.16235,-0.114185,16,32765
1.40398,-0.175561,-0.120028,16,32765
1.37373,-0.176569,-0.117383,15,32765
1.38302,-0.182549,-0.118034,15,32765
1.39227,-0.188581,-0.118827,16,32765
1.36204,-0.189158,-0.116075,16,32765
1.38113,-0.196554,-0.117685,16,32765
1.40019,-0.204137,-0.119201,16,32765
1.36992,-0.204597,-0.1164,16,32765
1.37906,-0.210887,-0.117146,16,32765
1.36849,-0.214175,-0.11607,16,32765
1.40711,-0.225224,-0.119199,15,32765
1.38669,-0.226745,-0.117375,16,32765
1.35644,-0.226547,-0.114642,15,32765
1.38515,-0.236171,-0.117016,15,32765
1.36471,-0.23745,-0.115249,15,32765
1.34429,-0.23864,-0.11327,15,32765
1.3435,-0.243186,-0.113051,15,32765
1.40147,-0.258622,-0.117828,15,32765
1.4006,-0.263371,-0.117698,15,32765
1.38992,-0.266254,-0.116734,16,32765
1.42816,-0.278614,-0.119756,15,32765
1.36858,-0.271809,-0.114527,16,32765
1.38719,-0.280403,-0.116141,15,32765
1.41553,-0.291119,-0.118404,15,32765
1.39502,-0.291876,-0.116682,15,32765
1.37455,-0.292436,-0.114881,15,32765
1.41254,-0.30547,-0.117946,15,32765
1.38231,-0.303833,-0.115352,15,32765
1.39102,-0.310662,-0.115969,15,32765
1.38998,-0.315368,-0.115719,15,32765
1.43746,-0.331335,-0.119714,15,32765
1.44606,-0.338414,-0.120364,15,32765
1.39642,-0.331836,-0.11623,15,32765
1.40499,-0.338853,-0.116931,16,32765
1.38451,-0.338788,-0.115112,15,32765
1.38338,-0.343405,-0.11503,15,32765
1.41126,-0.35522,-0.117268,15,32765
1.41975,-0.362348,-0.117994,16,32765
1.3896,-0.359562,-0.115475,15,32765
1.39805,-0.3667,-0.116163,15,32765
1.4161,-0.376485,-0.117614,16,32765
1.42447,-0.383763,-0.118371,15,32765
1.3751,-0.375402,-0.114355,15,32765
1.41228,-0.390595,-0.117446,16,32765
1.40137,-0.392624,-0.116677,15,32765
1.40966,-0.399988,-0.117337,15,32765
1.40833,-0.404634,-0.117329,16,32765
1.41655,-0.412128,-0.118063,16,32765
1.38649,-0.408338,-0.115729,15,32765
1.33739,-0.398648,-0.111629,16,32765
1.4029,-0.423102,-0.117253,15,32765
1.35387,-0.413021,-0.113333,15,32765
1.39064,-0.429117,-0.116581,16,32765
1.38924,-0.433599,-0.11663,15,32765
1.35931,-0.42908,-0.114352,16,32765
1.32941,-0.424392,-0.112132,15,32765
1.37547,-0.443899,-0.11639,15,32765
1.42141,-0.463706,-0.120655,16,32765
1.32526,-0.436959,-0.112963,16,32765
1.25408,0.0239147,-0.11962,16,32765
1.2542,0.019648,-0.119194,15,32765
1.27421,0.015675,-0.120642,16,32765
1.21455,0.0107968,-0.114728,15,32765
1.25443,0.00691471,-0.118115,15,32765
1.26442,0.00270936,-0.118894,15,32765
1.22463,-0.00153695,-0.11477,14,32765
1.26446,-0.00581444,-0.118321,15,32765
1.2545,-0.00994698,-0.117145,15,32765
1.25449,-0.0141105,-0.116814,16,32765
1.25446,-0.0183914,-0.116595,15,32765
1.23449,-0.0223154,-0.114615,15,32765
1.27425,-0.027388,-0.118105,15,32765
1.25425,-0.0312635,-0.11607,15,32765
1.28402,-0.0363623,-0.118662,15,32765
1.26399,-0.0401059,-0.116714,15,32765
1.32357,-0.0465119,-0.12206,15,32765
1.26372,-0.0486936,-0.116349,16,32765
1.2735,-0.0533829,-0.117209,16,32765
1.27335,-0.0576701,-0.116903,15,32765
1.27315,-0.0619763,-0.116874,15,32765
1.27294,-0.066416,-0.116707,15,32765
1.2926,-0.0718859,-0.118342,16,32765
1.27247,-0.0751491,-0.116475,15,32765
1.28217,-0.0800399,-0.11715,15,32765
1.25209,-0.0823803,-0.114366,14,32765
1.29155,-0.0894247,-0.117896,16,32765
1.29125,-0.0937758,-0.117786,16,32765
1.281,-0.0975058,-0.116721,16,32765
1.2906,-0.102693,-0.117541,16,32765
1.25055,-0.103815,-0.11379,16,32765
1.28988,-0.111539,-0.117301,16,32765
1.29943,-0.116781,-0.118119,16,32765
1.29902,-0.121186,-0.118117,15,32765
1.28872,-0.124644,-0.116924,16,32765
1.27837,-0.128072,-0.116011,16,32765
1.27793,-0.132488,-0.115961,16,32765
1.27747,-0.136884,-0.115849,16,32765
1.2968,-0.143516,-0.117568,16,32765
1.27653,-0.145631,-0.115605,15,32765
1.31559,-0.154638,-0.119153,15,32765
1.28541,-0.155527,-0.116371,16,32765
1.29476,-0.16108,-0.117266,16,32765
1.31397,-0.167972,-0.11904,16,32765
1.30353,-0.171079,-0.118039,16,32765
1.33255,-0.17955,-0.120728,16,32765
1.29247,-0.178669,-0.117035,16,32765
1.28199,-0.181763,-0.116065,16,32765
1.31093,-0.190501,-0.118617,16,32765
1.26102,-0.187633,-0.114122,15,32765
1.29977,-0.197985,-0.117476,16,32765
1.29908,-0.202451,-0.117466,15,32765
1.3279,-0.211619,-0.120024,15,32765
1.27801,-0.208217,-0.11549,16,32765
1.3166,-0.219064,-0.119017,15,32765
1.29623,-0.22021,-0.117065,15,32765
1.28568,-0.222875,-0.115961,15,32765
1.27511,-0.225453,-0.11513,15,32765
1.29395,-0.233344,-0.116814,15,32765
1.30296,-0.239539,-0.117524,15,32765
1.32171,-0.247717,-0.119215,16,32765
1.34044,-0.255971,-0.120777,15,32765
1.32003,-0.256628,-0.118984,15,32765
1.27031,-0.251396,-0.114467,16,32765
1.28901,-0.259583,-0.116025,15,32765
1.30767,-0.267951,-0.117528,15,32765
1.297,-0.270377,-0.116563,15,32765
1.30583,-0.276859,-0.117297,16,32765
1.26596,-0.272874,-0.113545,15,32765
1.28452,-0.281346,-0.115111,15,32765
1.32247,-0.29435,-0.118422,15,32765
1.34093,-0.303184,-0.11995,15,32765
1.33021,-0.305454,-0.118864,15,32765
1.29039,-0.300849,-0.115207,14,32765
1.3476,-0.318888,-0.119968,15,32765
1.29811,-0.311744,-0.115393,15,32765
1.32611,-0.323198,-0.117785,15,32765
1.33473,-0.33,-0.118359,15,32765
1.32399,-0.332002,-0.117155,15,32765
1.33257,-0.338834,-0.117633,15,32765
1.30251,-0.335826,-0.114816,15,32765
1.33998,-0.350245,-0.117826,15,32765
1.27142,-0.336808,-0.111531,15,32765
1.32806,-0.35653,-0.11643,15,32765
1.3173,-0.358308,-0.115046,15,32765
1.37376,-0.378586,-0.119773,16,32765
1.33415,-0.372447,-0.115906,15,32765
1.33297,-0.376775,-0.1155,15,32765
1.34135,-0.383867,-0.115852,15,32765
1.41673,-0.410395,-0.121857,15,32765
1.3389,-0.392608,-0.11492,15,32765
1.33761,-0.397104,-0.114432,15,32765
1.3459,-0.404349,-0.114684,15,32765
1.39231,-0.423196,-0.118186,15,32765
1.37197,-0.421715,-0.115957,15,32765
1.37064,-0.426164,-0.115436,15,32765
1.35979,-0.427648,-0.113955,15,32765
1.38696,-0.441135,-0.115527,15,32765
1.45204,-0.466951,-0.120158,15,32765
1.42219,-0.462294,-0.116898,15,32765
1.41132,-0.463676,-0.115288,15,32765
1.1634,0.0221629,-0.122058,15,32765
1.14363,0.0178833,-0.119583,15,32765
1.17356,0.014393,-0.122293,14,32765
1.16368,0.0102905,-0.121009,15,32765
1.12396,0.00613313,-0.116537,15,32765
1.13393,0.00235654,-0.117426,15,32765
1.15387,-0.00153303,-0.119128,15,32765
1.20361,-0.00563397,-0.12409,15,32765
1.14392,-0.00917482,-0.117714,15,32765
1.21355,-0.0137717,-0.124559,16,32765
1.22346,-0.0180708,-0.125367,16,32765
1.20351,-0.0218982,-0.123202,15,32765
1.14377,-0.0247299,-0.116906,15,32765
1.18348,-0.0296617,-0.120794,15,32765
1.1635,-0.0331194,-0.118608,15,32765
1.17334,-0.0374118,-0.119521,15,32765
1.20304,-0.0424744,-0.122407,15,32765
1.20291,-0.0465594,-0.122212,15,32765
1.18287,-0.0498001,-0.12014,15,32765
1.21254,-0.055149,-0.122877,15,32765
1.20241,-0.058775,-0.121842,16,32765
1.21215,-0.0634998,-0.122689,15,32765
1.21195,-0.0676667,-0.122512,16,32765
1.20178,-0.0712496,-0.121464,15,32765
1.14197,-0.07156,-0.115232,15,32765
1.18144,-0.0780245,-0.119183,15,32765
1.21095,-0.0841556,-0.122093,16,32765
1.21067,-0.0882461,-0.12199,15,32765
1.2203,-0.0932214,-0.122838,15,32765
1.21006,-0.0966297,-0.121759,15,32765
1.20973,-0.100783,-0.121629,15,32765
1.23913,-0.107527,-0.124522,16,32765
1.21894,-0.10993,-0.12245,15,32765
1.19875,-0.112218,-0.120457,15,32765
1.16867,-0.113422,-0.117206,16,32765
1.23758,-0.124409,-0.124145,16,32765
1.23715,-0.128696,-0.124096,16,32765
1.22681,-0.131899,-0.122996,16,32765
1.22635,-0.136176,-0.122922,16,32765
1.18636,-0.135796,-0.118801,16,32765
1.20565,-0.142186,-0.120747,15,32765
1.20517,-0.146301,-0.120657,16,32765
1.17505,-0.146668,-0.11769,15,32765
1.20416,-0.154439,-0.120641,16,32765
1.17404,-0.154587,-0.117579,16,32765
1.20309,-0.162634,-0.120549,16,32765
1.21239,-0.168142,-0.121427,16,32765
1.23151,-0.175171,-0.123328,16,32765
1.2309,-0.179448,-0.123208,16,32765
1.22044,-0.182179,-0.122187,15,32765
1.20015,-0.183397,-0.12002,15,32765
1.23884,-0.19368,-0.123945,16,32765
1.21852,-0.194809,-0.121874,16,32765
1.21785,-0.199047,-0.121789,16,32765
1.20735,-0.201525,-0.120782,15,32765
1.19686,-0.203974,-0.119638,15,32765
1.20599,-0.209723,-0.120414,16,32765
1.24447,-0.220731,-0.124382,16,32765
1.16537,-0.21082,-0.116467,15,32765
1.19402,-0.220204,-0.119243,15,32765
1.2226,-0.229863,-0.122104,15,32765
1.25115,-0.23967,-0.124843,15,32765
1.23081,-0.240033,-0.122864,16,32765
1.18119,-0.234492,-0.117885,15,32765
1.19993,-0.2424,-0.119644,15,32765
1.22837,-0.25249,-0.122322,16,32765
1.21776,-0.254653,-0.121268,16,32765
1.23637,-0.262951,-0.123072,16,32765
1.24522,-0.269243,-0.123794,16,32765
1.21517,-0.266987,-0.12072,16,32765
1.18513,-0.264604,-0.117664,16,32765
1.22308,-0.2774,-0.121327,16,32765
1.24156,-0.285984,-0.123048,16,32765
1.20184,-0.281075,-0.119029,16,32765
1.19126,-0.282769,-0.117682,16,32765
1.23872,-0.298403,-0.122218,16,32765
1.21838,-0.297863,-0.120131,16,32765
1.19808,-0.297135,-0.117967,16,32765
1.20677,-0.303546,-0.118602,16,32765
1.23473,-0.314928,-0.121098,16,32765
1.25297,-0.324053,-0.122739,16,32765
1.22302,-0.320665,-0.119548,16,32765
1.23161,-0.32727,-0.120139,16,32765
1.25937,-0.339137,-0.122791,16,32765
1.24868,-0.340694,-0.121341,17,32765
1.22837,-0.339565,-0.119195,16,32765
1.25604,-0.351725,-0.121501,16,32765
1.24534,-0.353095,-0.120193,16,32765
1.23465,-0.354423,-0.118827,16,32765
1.26223,-0.36677,-0.121041,16,32765
1.26105,-0.370922,-0.12071,16,32765
1.25029,-0.372327,-0.119339,16,32765
1.25865,-0.379303,-0.11972,16,32765
1.26699,-0.386291,-0.120112,16,32765
1.23726,-0.381481,-0.116851,16,32765
1.27409,-0.397367,-0.119961,16,32765
1.26334,-0.398541,-0.118433,16,32765
1.28109,-0.408717,-0.119457,16,32765
1.28932,-0.4159,-0.119534,16,32765
1.25965,-0.410722,-0.116096,16,32765
1.2868,-0.424068,-0.117956,15,32765
1.19368,0.0226082,-0.120893,15,32765
1.18375,0.0183573,-0.120391,15,32765
1.16386,0.0140742,-0.118876,15,32765
1.19372,0.0103798,-0.122176,16,32765
1.14396,0.00603843,-0.117515,15,32765
1.20363,0.00224375,-0.123944,15,32765
1.1439,-0.00177482,-0.118279,15,32765
1.13391,-0.00558926,-0.117498,15,32765
1.17366,-0.00970741,-0.121814,15,32765
1.16364,-0.0135373,-0.121049,15,32765
1.18345,-0.0177408,-0.123374,15,32765
1.15354,-0.0211646,-0.120363,15,32765
1.15343,-0.0250271,-0.120677,15,32765
1.14338,-0.0286834,-0.119842,15,32765
1.16314,-0.0331878,-0.122087,15,32765
1.17295,-0.0375184,-0.123201,15,32765
1.11316,-0.0394281,-0.117116,15,32765
1.15276,-0.0447729,-0.121414,15,32765
1.1824,-0.049887,-0.124668,15,32765
1.13254,-0.0516534,-0.119544,15,32765
1.18201,-0.057851,-0.124924,16,32765
1.13215,-0.0592354,-0.119714,15,32765
1.18157,-0.0658507,-0.125154,15,32765
1.15156,-0.0680884,-0.121947,16,32765
1.12153,-0.0702098,-0.118952,15,32765
1.18082,-0.0779709,-0.125272,16,32765
1.19045,-0.0826996,-0.126444,16,32765
1.17033,-0.0853222,-0.124302,15,32765
1.14028,-0.0869741,-0.121205,15,32765
1.1499,-0.0915888,-0.122275,15,32765
1.1694,-0.097055,-0.124458,15,32765
1.15916,-0.10012,-0.123352,15,32765
1.139,-0.102287,-0.121308,15,32765
1.12875,-0.10526,-0.12014,15,32765
1.14816,-0.111106,-0.122366,15,32765
1.13789,-0.114012,-0.12126,16,32765
1.09794,-0.113762,-0.116997,16,32765
1.12721,-0.120661,-0.120158,16,32765
1.1367,-0.125523,-0.121097,15,32765
1.15602,-0.131651,-0.123236,16,32765
1.12594,-0.132117,-0.119996,15,32765
1.15511,-0.13955,-0.123049,16,32765
1.16449,-0.144771,-0.124123,15,32765
1.10482,-0.141181,-0.117669,16,32765
1.13391,-0.148832,-0.120772,16,32765
1.16298,-0.156637,-0.123869,15,32765
1.1526,-0.159214,-0.122739,15,32765
1.13236,-0.160333,-0.120677,15,32765
1.14168,-0.165605,-0.121449,15,32765
1.12142,-0.166602,-0.11945,15,32765
1.12085,-0.170472,-0.119311,15,32765
1.13993,-0.177385,-0.121263,15,32765
1.12949,-0.179804,-0.120121,15,32765
1.13869,-0.185271,-0.121043,15,32765
1.1773,-0.195733,-0.125155,16,32765
1.16683,-0.198061,-0.124048,15,32765
1.13677,-0.196953,-0.120692,15,32765
1.16547,-0.206058,-0.123797,15,32765
1.10605,-0.199419,-0.117388,15,32765
1.13471,-0.20861,-0.120437,15,32765
1.13402,-0.212414,-0.120328,15,32765
1.16262,-0.221837,-0.12333,15,32765
1.17163,-0.227692,-0.124266,15,32765
1.18062,-0.233571,-0.125198,15,32765
1.12133,-0.225845,-0.118792,15,32765
1.15954,-0.237656,-0.122847,15,32765
1.16847,-0.243614,-0.123799,15,32765
1.13846,-0.2414,-0.120561,15,32765
1.17655,-0.253629,-0.12452,16,32765
1.13683,-0.249109,-0.120276,16,32765
1.16512,-0.259444,-0.123245,15,32765
1.13513,-0.256822,-0.120112,15,32765
1.17303,-0.269617,-0.12412,15,32765
1.15275,-0.269055,-0.121943,16,32765
1.17119,-0.277595,-0.12388,15,32765
1.11223,-0.267577,-0.117628,15,32765
1.14034,-0.278375,-0.120588,15,32765
1.14905,-0.284637,-0.121489,16,32765
1.1481,-0.288452,-0.121462,16,32765
1.14713,-0.292332,-0.121374,15,32765
1.14617,-0.296132,-0.121221,15,32765
1.13556,-0.297438,-0.120111,16,32765
1.12495,-0.298684,-0.119018,15,32765
1.15279,-0.310151,-0.121966,16,32765
1.19015,-0.324485,-0.125949,16,32765
1.15072,-0.317823,-0.121754,15,32765
1.1784,-0.329706,-0.124786,15,32765
1.16774,-0.330897,-0.123696,15,32765
1.17621,-0.337496,-0.12457,16,32765
1.18465,-0.344137,-0.125578,15,32765
1.15488,-0.339618,-0.122512,15,32765
1.1633,-0.34626,-0.123461,15,32765
1.13357,-0.341521,-0.120376,15,32765
1.18956,-0.362611,-0.126358,16,32765
1.16934,-0.36063,-0.124475,15,32765
1.09221,-0.340674,-0.116238,15,32765
1.13855,-0.359134,-0.121355,15,32765
1.13738,-0.3628,-0.121456,15,32765
1.15516,-0.372543,-0.123354,15,32765
1.15393,-0.376249,-0.12366,15,32765
1.07714,-0.354979,-0.115547,15,32765
1.08318,0.0204899,-0.120036,15,32765
1.08319,0.0167619,-0.120499,15,32765
1.08319,0.0130523,-0.120972,15,32765
1.09314,0.00944801,-0.122313,15,32765
1.09312,0.00570227,-0.122723,15,32765
1.08316,0.00194164,-0.121875,15,32765
1.1328,-0.0018497,-0.127942,15,32765
1.07314,-0.00538712,-0.121442,15,32765
1.11284,-0.00931585,-0.126123,15,32765
1.10283,-0.0129508,-0.12525,15,32765
1.05308,-0.0159119,-0.119836,15,32765
1.08282,-0.0200061,-0.123321,15,32765
1.07278,-0.023425,-0.122481,16,32765
1.03294,-0.0260653,-0.11813,15,32765
1.08248,-0.0310567,-0.123958,15,32765
1.08236,-0.0348015,-0.124024,16,32765
1.09214,-0.0388766,-0.125338,15,32765
1.11185,-0.043391,-0.127727,16,32765
1.09183,-0.0462795,-0.125551,15,32765
1.10158,-0.0504677,-0.126804,15,32765
1.09147,-0.0536541,-0.125788,15,32765
1.07143,-0.0562991,-0.123537,15,32765
1.09105,-0.0610616,-0.125999,16,32765
1.06109,-0.0629979,-0.122515,16,32765
1.11042,-0.0697963,-0.128397,15,32765
1.07053,-0.0709702,-0.123815,16,32765
1.09009,-0.0760251,-0.126217,16,32765
1.09973,-0.0804862,-0.127331,15,32765
1.07964,-0.0826641,-0.125096,15,32765
1.07935,-0.0862959,-0.125111,15,32765
1.06915,-0.089068,-0.124032,16,32765
1.06885,-0.0926624,-0.123984,15,32765
1.07841,-0.0972027,-0.125192,16,32765
1.0682,-0.0999764,-0.123936,16,32765
1.04805,-0.101786,-0.121749,15,32765
1.11689,-0.112311,-0.129739,15,32765
1.07699,-0.111991,-0.125101,15,32765
1.06673,-0.114592,-0.123952,15,32765
1.10584,-0.122547,-0.12843,15,32765
1.11528,-0.127457,-0.129609,15,32765
1.05565,-0.124302,-0.122651,15,32765
1.09468,-0.132708,-0.127136,15,32765
1.09421,-0.136504,-0.127157,15,32765
1.05434,-0.135195,-0.122438,15,32765
1.05388,-0.138801,-0.122392,15,32765
1.06325,-0.143694,-0.123487,16,32765
1.06277,-0.147305,-0.123412,16,32765
1.07209,-0.152315,-0.124589,16,32765
1.09126,-0.158826,-0.126609,16,32765
1.09069,-0.162583,-0.126701,16,32765
1.08032,-0.16486,-0.125425,16,32765
1.07976,-0.168585,-0.125291,15,32765
1.09879,-0.175502,-0.127474,16,32765
1.08839,-0.177676,-0.126218,15,32765
1.05838,-0.176547,-0.12275,15,32765
1.04798,-0.178478,-0.121556,15,32765
1.07676,-0.187173,-0.124747,15,32765
1.09567,-0.194357,-0.126999,16,32765
1.07547,-0.194544,-0.124568,15,32765
1.0748,-0.198245,-0.124504,15,32765
1.06438,-0.200024,-0.123269,15,32765
1.12226,-0.214838,-0.129947,15,32765
1.05326,-0.205358,-0.121946,15,32765
1.09155,-0.216656,-0.126366,15,32765
1.08108,-0.21845,-0.125047,15,32765
1.06087,-0.218143,-0.122723,15,32765
1.06986,-0.223781,-0.123774,15,32765
1.07883,-0.229499,-0.124763,15,32765
1.07806,-0.233153,-0.124613,15,32765
1.08698,-0.238959,-0.125613,15,32765
1.06678,-0.238317,-0.123264,15,32765
1.07565,-0.244155,-0.124335,16,32765
1.05545,-0.243378,-0.122006,15,32765
1.08366,-0.253748,-0.125244,15,32765
1.09246,-0.259773,-0.126257,16,32765
1.08193,-0.26113,-0.125033,15,32765
1.08106,-0.264759,-0.124929,15,32765
1.08981,-0.270835,-0.125929,15,32765
1.09854,-0.276892,-0.127016,15,32765
1.0591,-0.270769,-0.122478,16,32765
1.06783,-0.276782,-0.123447,15,32765
1.08613,-0.285408,-0.125584,15,32765
1.10438,-0.294169,-0.127732,15,32765
1.05543,-0.284875,-0.122082,16,32765
1.08324,-0.296291,-0.125336,15,32765
1.10142,-0.305188,-0.127427,15,32765
1.06212,-0.298132,-0.122983,15,32765
1.04201,-0.296225,-0.120699,15,32765
1.06969,-0.307923,-0.123892,15,32765
1.07821,-0.314229,-0.124993,15,32765
1.03904,-0.306541,-0.120543,15,32765
1.0666,-0.318504,-0.123801,15,32765
1.08456,-0.327814,-0.125964,15,32765
1.05498,-0.32263,-0.122571,16,32765
1.0539,-0.326084,-0.122695,15,32765
1.06235,-0.332436,-0.123663,15,32765
1.06127,-0.335846,-0.12372,16,32765
1.06017,-0.339273,-0.123813,16,32765
1.04018,-0.336552,-0.121488,15,32765
1.0485,-0.342989,-0.122869,16,32765
1.04741,-0.346306,-0.122864,16,32765
0.972144,0.0195263,-0.122292,15,32765
0.962323,0.0159927,-0.120745,15,32765
0.972326,0.0128217,-0.12173,15,32765
1.01207,0.00989908,-0.126531,15,32765
0.942682,0.00599817,-0.117538,15,32765
0.972472,0.00286138,-0.121204,15,32765
0.992354,-0.000516569,-0.123427,15,32765
0.972513,-0.00387117,-0.120847,14,32765
1.00227,-0.00743915,-0.124462,15,32765
0.952644,-0.0103184,-0.118163,15,32765
0.962537,-0.0136941,-0.119309,15,32765
0.982343,-0.0173484,-0.12166,15,32765
1.03191,-0.0217502,-0.127616,15,32765
1.01199,-0.0248123,-0.125136,15,32765
1.00198,-0.0279771,-0.123873,15,32765
1.03166,-0.0323304,-0.12743,15,32765
1.03155,-0.0358471,-0.127348,16,32765
1.05128,-0.0400869,-0.129645,15,32765
0.991635,-0.0411804,-0.122333,15,32765
1.02123,-0.0458845,-0.126022,15,32765
1.01118,-0.0488898,-0.124597,15,32765
1.02091,-0.0528823,-0.125854,15,32765
1.02073,-0.0563993,-0.125789,15,32765
1.01062,-0.0593113,-0.124589,16,32765
1.00053,-0.0621006,-0.123248,15,32765
1.02012,-0.0667917,-0.125666,16,32765
1.0199,-0.0702235,-0.125608,16,32765
0.999868,-0.072256,-0.123056,16,32765
1.0293,-0.077909,-0.126758,16,32765
1.01913,-0.0807313,-0.125496,16,32765
1.02874,-0.0851059,-0.126666,15,32765
1.03834,-0.0895661,-0.127774,15,32765
1.02813,-0.0922683,-0.126636,15,32765
1.0377,-0.0967116,-0.127735,15,32765
0.987978,-0.0954591,-0.121601,15,32765
1.03703,-0.103789,-0.127638,15,32765
1.01694,-0.105265,-0.125127,15,32765
1.01658,-0.108742,-0.125083,15,32765
1.05566,-0.116587,-0.129931,15,32765
1.00595,-0.114577,-0.123813,15,32765
1.00556,-0.118035,-0.123729,15,32765
1.00516,-0.121477,-0.123705,15,32765
1.02444,-0.127358,-0.12608,15,32765
1.05357,-0.13464,-0.129504,16,32765
1.04326,-0.136945,-0.128256,16,32765
1.00344,-0.135206,-0.123362,16,32765
1.04231,-0.144087,-0.128136,16,32765
1.02217,-0.144902,-0.125606,16,32765
1.02166,-0.148427,-0.12558,16,32765
1.03099,-0.153368,-0.126602,16,32765
1.01084,-0.153905,-0.124122,15,32765
1.02013,-0.158937,-0.125205,15,32765
1.02938,-0.164002,-0.126406,16,32765
1.01902,-0.165986,-0.125055,16,32765
1.02826,-0.171117,-0.126088,15,32765
1.02768,-0.174638,-0.12599,16,32765
0.987974,-0.171341,-0.121035,15,32765
1.01673,-0.179846,-0.124556,15,32765
1.01612,-0.183297,-0.124475,15,32765
0.996003,-0.18313,-0.121828,15,32765
1.00515,-0.188366,-0.122848,16,32765
1.02402,-0.19554,-0.125098,15,32765
1.03312,-0.200911,-0.126113,16,32765
1.01297,-0.200551,-0.123604,15,32765
1.03178,-0.207884,-0.12573,15,32765
1.04082,-0.213424,-0.12664,15,32765
1.00121,-0.208877,-0.121829,15,32765
1.03937,-0.220576,-0.126277,15,32765
1.01923,-0.219959,-0.123685,15,32765
1.0282,-0.22553,-0.124658,16,32765
1.05653,-0.235515,-0.127956,16,32765
1.02671,-0.232488,-0.124186,16,32765
1.03563,-0.238187,-0.125066,15,32765
1.02517,-0.239447,-0.123649,15,32765
0.9954,-0.236006,-0.119916,15,32765
1.00429,-0.24169,-0.120754,15,32765
1.06139,-0.259223,-0.127459,15,32765
1.02198,-0.253225,-0.122573,15,32765
1.01154,-0.254222,-0.121097,15,32765
1.05887,-0.269821,-0.126483,15,32765
1.03877,-0.268339,-0.12391,16,32765
1.04752,-0.274309,-0.12469,15,32765
1.04664,-0.277789,-0.124372,15,32765
1.03616,-0.278708,-0.122869,15,32765
1.06403,-0.290004,-0.125849,15,32765
1.05352,-0.290909,-0.124332,15,32765
1.04302,-0.291756,-0.122799,15,32765
1.02296,-0.289835,-0.120207,15,32765
1.06023,-0.304234,-0.124293,15,32765
1.04975,-0.304932,-0.122663,15,32765
1.05831,-0.311203,-0.123399,15,32765
1.01923,-0.303347,-0.11853,15,32765
1.09442,-0.329577,-0.126988,15,32765
1.06488,-0.324428,-0.123188,15,32765
1.04489,-0.322021,-0.120452,15,32765
1.06288,-0.331362,-0.122045,15,32765
1.12821,-0.355774,-0.129114,15,32765
1.10818,-0.353327,-0.126458,15,32765
1.07871,-0.347799,-0.122569,15,32765
1.04929,-0.34207,-0.118694,15,32765
1.08603,-0.357899,-0.122298,15,32765
0.931317,0.0186733,-0.126093,15,32765
0.931416,0.0154371,-0.125804,15,32765
0.941406,0.0123625,-0.126891,15,32765
0.941464,0.00914788,-0.126734,15,32765
0.911799,0.00573429,-0.122433,15,32765
0.931641,0.00266332,-0.12505,15,32765
0.921765,-0.00056588,-0.123487,15,32765
0.971329,-0.00396667,-0.130015,15,32765
0.961409,-0.00724444,-0.128607,15,32765
0.961397,-0.0105311,-0.128468,15,32765
0.901901,-0.0129507,-0.120442,15,32765
0.961328,-0.0171138,-0.128277,15,32765
0.941467,-0.0199866,-0.12546,15,32765
0.971124,-0.0239671,-0.129397,15,32765
0.91159,-0.0256092,-0.121442,15,32765
0.951142,-0.0299793,-0.126609,15,32765
0.970858,-0.0339231,-0.129169,15,32765
0.970756,-0.0372109,-0.129029,15,32765
0.97062,-0.0405117,-0.129054,15,32765
0.911058,-0.0411347,-0.121169,15,32765
0.94064,-0.0456952,-0.124933,15,32765
0.989971,-0.0515167,-0.131543,16,32765
0.999693,-0.0554862,-0.132794,15,32765
0.989598,-0.0583342,-0.1315,16,32765
0.959729,-0.0598267,-0.12744,15,32765
0.999091,-0.0656935,-0.132673,16,32765
0.969202,-0.0670128,-0.128677,15,32765
0.899769,-0.065291,-0.119384,15,32765
0.939076,-0.0713695,-0.124674,15,32765
0.91906,-0.0730969,-0.122009,15,32765
0.987961,-0.0820572,-0.131146,16,32765
0.92842,-0.0803994,-0.123179,15,32765
0.977494,-0.0880659,-0.129805,15,32765
1.00681,-0.0941947,-0.133624,15,32765
0.947288,-0.0918777,-0.125714,15,32765
0.956836,-0.0961257,-0.126983,15,32765
0.956513,-0.0993829,-0.126908,15,32765
0.96603,-0.103721,-0.128174,15,32765
0.926253,-0.102675,-0.122933,15,32765
0.985002,-0.112605,-0.130734,15,32765
0.964926,-0.113681,-0.128039,15,32765
0.974376,-0.118187,-0.129321,15,32765
0.954295,-0.119068,-0.126662,15,32765
0.993243,-0.127389,-0.131683,15,32765
0.943657,-0.124315,-0.12513,15,32765
0.953057,-0.128877,-0.126382,15,32765
0.952616,-0.132156,-0.126323,16,32765
0.971798,-0.138251,-0.12882,16,32765
0.981129,-0.143043,-0.130096,16,32765
0.970851,-0.14493,-0.12862,15,32765
0.950754,-0.145264,-0.125957,15,32765
0.989444,-0.154696,-0.131032,15,32765
0.959533,-0.153407,-0.127136,15,32765
0.988367,-0.161553,-0.130885,16,32765
0.978046,-0.163325,-0.129427,15,32765
0.987266,-0.168351,-0.130627,16,32765
0.976938,-0.170012,-0.12918,16,32765
0.966606,-0.171569,-0.127817,16,32765
0.975784,-0.176625,-0.129029,15,32765
0.975214,-0.179923,-0.128781,16,32765
0.964868,-0.181436,-0.127324,16,32765
0.983734,-0.188489,-0.129766,16,32765
0.973375,-0.189939,-0.128315,16,32765
0.953286,-0.189377,-0.125626,16,32765
0.981835,-0.198492,-0.129231,16,32765
0.981179,-0.201876,-0.128971,16,32765
0.98049,-0.205247,-0.128895,16,32765
0.950705,-0.202441,-0.124807,15,32765
0.969419,-0.209916,-0.127133,15,32765
0.988101,-0.217465,-0.129478,16,32765
0.987381,-0.220841,-0.129262,16,32765
0.967315,-0.219776,-0.126492,15,32765
0.966599,-0.223058,-0.12622,16,32765
0.99484,-0.233142,-0.129765,16,32765
0.98443,-0.234187,-0.128273,16,32765
0.964385,-0.232863,-0.125444,16,32765
0.99253,-0.243216,-0.128962,16,32765
0.972481,-0.241764,-0.126218,16,32765
0.990946,-0.249879,-0.128403,16,32765
0.99016,-0.253155,-0.128047,16,32765
0.979746,-0.253936,-0.126545,16,32765
0.959743,-0.25216,-0.123726,15,32765
0.997293,-0.265572,-0.128371,16,32765
0.98686,-0.26633,-0.126792,16,32765
1.00516,-0.27487,-0.128843,16,32765
0.994716,-0.275583,-0.127253,16,32765
1.0225,-0.286966,-0.130529,16,32765
1.00248,-0.284975,-0.127756,15,32765
1.0111,-0.291098,-0.128582,16,32765
1.02926,-0.299972,-0.130508,15,32765
1.01879,-0.300573,-0.128933,15,32765
1.00833,-0.301097,-0.12731,16,32765
1.03591,-0.312989,-0.130529,16,32765
1.03494,-0.31635,-0.130055,16,32765
1.03398,-0.319711,-0.129524,16,32765
0.995085,-0.311253,-0.12421,15,32765
1.01305,-0.320515,-0.126073,16,32765
1.00262,-0.320726,-0.124454,15,32765
1.02053,-0.330128,-0.12619,16,32765
1.00065,-0.32729,-0.123233,17,32765
1.04681,-0.346114,-0.128395,16,32765
0.911888,0.0182338,-0.120533,15,32765
0.931702,0.0155052,-0.123656,15,32765
0.931683,0.0123337,-0.124158,15,32765
0.931667,0.00916728,-0.124548,15,32765
0.981185,0.00632256,-0.131665,15,32765
0.951422,0.00292531,-0.128016,15,32765
0.891925,-0.000243845,-0.120287,14,32765
0.862152,-0.00318295,-0.116553,14,32765
0.941374,-0.00663083,-0.127559,15,32765
0.881863,-0.00920603,-0.11972,14,32765
0.911519,-0.0126125,-0.123989,15,32765
0.921353,-0.0159135,-0.125519,15,32765
0.842014,-0.017495,-0.114919,14,32765
0.92116,-0.0223621,-0.125951,14,32765
0.911141,-0.0252953,-0.124832,15,32765
0.891218,-0.0278014,-0.122297,14,32765
0.910907,-0.0315074,-0.125123,15,32765
0.940464,-0.0357458,-0.129418,15,32765
0.940332,-0.0389261,-0.129461,15,32765
0.910488,-0.0408048,-0.125487,15,32765
0.920218,-0.0443614,-0.127009,15,32765
0.929934,-0.0479563,-0.128544,15,32765
0.919874,-0.0505429,-0.127191,15,32765
0.919691,-0.0536286,-0.127248,15,32765
0.909608,-0.0561642,-0.125929,15,32765
0.93905,-0.061228,-0.130139,15,32765
0.909178,-0.0624217,-0.126093,15,32765
0.938586,-0.0677024,-0.13028,15,32765
0.967978,-0.0731704,-0.134405,15,32765
0.908467,-0.0718221,-0.126208,15,32765
0.93784,-0.0773606,-0.130272,15,32765
0.947443,-0.0814367,-0.131604,15,32765
0.947144,-0.0846787,-0.131712,15,32765
0.936993,-0.0869874,-0.1303,15,32765
0.916955,-0.0883287,-0.127636,16,32765
0.887078,-0.0885453,-0.123501,15,32765
0.916341,-0.0946872,-0.127489,15,32765
0.935697,-0.0999874,-0.130281,15,32765
0.935374,-0.10321,-0.130091,15,32765
0.935008,-0.106426,-0.130132,15,32765
0.964172,-0.113071,-0.134117,15,32765
0.944112,-0.113969,-0.131391,15,32765
0.953559,-0.11841,-0.132683,15,32765
0.933518,-0.119147,-0.129804,15,32765
0.933112,-0.122386,-0.129707,15,32765
0.9327,-0.125611,-0.129588,15,32765
0.912653,-0.126078,-0.126761,15,32765
0.931854,-0.131994,-0.129331,15,32765
0.902009,-0.130874,-0.125103,15,32765
0.960362,-0.142759,-0.133135,16,32765
0.950077,-0.144629,-0.131665,15,32765
0.959389,-0.149478,-0.132775,15,32765
0.929523,-0.148149,-0.1286,15,32765
0.92903,-0.151298,-0.1285,15,32765
0.948082,-0.1577,-0.131035,15,32765
0.947557,-0.160955,-0.130875,15,32765
0.947017,-0.164245,-0.130699,15,32765
0.946439,-0.167596,-0.130634,15,32765
0.936135,-0.169107,-0.12905,15,32765
0.916077,-0.168728,-0.126229,15,32765
0.896053,-0.168155,-0.12334,16,32765
0.924702,-0.176783,-0.127177,15,32765
0.943567,-0.183713,-0.129732,15,32765
0.913789,-0.181175,-0.12556,15,32765
0.952032,-0.192181,-0.130775,16,32765
0.90285,-0.185485,-0.123921,15,32765
0.931332,-0.194662,-0.127775,15,32765
0.959764,-0.204045,-0.131602,15,32765
0.978458,-0.211508,-0.134106,16,32765
0.939045,-0.206321,-0.128557,16,32765
0.967371,-0.215964,-0.132484,16,32765
0.918321,-0.208258,-0.12576,16,32765
0.927289,-0.213604,-0.126918,15,32765
0.897631,-0.209952,-0.122795,16,32765
0.945156,-0.224474,-0.129198,16,32765
0.934759,-0.225341,-0.127854,16,32765
0.924385,-0.226128,-0.126408,16,32765
0.942883,-0.234041,-0.12883,16,32765
0.922889,-0.232331,-0.126085,16,32765
0.931726,-0.237873,-0.127289,16,32765
0.950134,-0.24594,-0.129842,16,32765
0.930144,-0.244099,-0.12707,15,32765
0.948482,-0.252331,-0.129655,16,32765
0.918922,-0.247786,-0.125639,16,32765
0.927653,-0.253488,-0.1269,16,32765
0.955494,-0.264502,-0.130654,16,32765
0.935531,-0.262318,-0.127949,16,32765
0.915591,-0.259994,-0.125288,15,32765
0.924253,-0.265748,-0.12663,15,32765
0.923378,-0.268842,-0.126476,16,32765
0.931989,-0.274704,-0.127806,16,32765
0.921564,-0.274988,-0.126499,16,32765
0.920665,-0.278064,-0.126314,15,32765
0.929235,-0.283948,-0.127655,15,32765
0.890421,-0.275242,-0.122444,16,32765
0.936839,-0.292893,-0.129018,15,32765
0.926439,-0.292929,-0.127682,16,32765
0.887667,-0.283886,-0.122701,16,32765
0.896177,-0.289822,-0.123976,16,32765
0.914055,-0.298908,-0.126722,15,32765
0.931902,-0.308023,-0.12954,15,32765
0.841418,0.0167915,-0.119306,15,32765
0.881001,0.0146178,-0.125396,15,32765
0.890876,0.0117403,-0.127285,15,32765
0.871061,0.00851005,-0.124821,15,32765
0.890818,0.0056689,-0.128104,15,32765
0.870991,0.00259951,-0.12557,15,32765
0.791779,-0.000295709,-0.114396,15,32765
0.84122,-0.00319843,-0.121814,15,32765
0.860959,-0.00616795,-0.124944,14,32765
0.900484,-0.0095178,-0.13091,15,32765
0.831151,-0.0116172,-0.121053,15,32765
0.831082,-0.0144796,-0.121217,15,32765
0.830997,-0.0174,-0.121412,15,32765
0.880361,-0.0215227,-0.128845,15,32765
0.850576,-0.0237687,-0.124722,15,32765
0.840575,-0.0263832,-0.12344,15,32765
0.850354,-0.0295849,-0.124993,15,32765
0.889764,-0.0340079,-0.131009,15,32765
0.879753,-0.0366142,-0.129594,15,32765
0.85984,-0.0387351,-0.12679,15,32765
0.879444,-0.0426096,-0.129855,15,32765
0.829875,-0.0430064,-0.122711,15,32765
0.869234,-0.0479892,-0.128568,15,32765
0.859184,-0.0503351,-0.12716,15,32765
0.858999,-0.0532828,-0.127206,15,32765
0.858796,-0.0562477,-0.1273,15,32765
0.848719,-0.058529,-0.125896,15,32765
0.868234,-0.062901,-0.128894,15,32765
0.858146,-0.0651471,-0.127439,15,32765
0.83819,-0.0665472,-0.124538,15,32765
0.867539,-0.0718616,-0.128885,15,32765
0.837725,-0.0723042,-0.124456,15,32765
0.84731,-0.0760638,-0.126017,15,32765
0.8569,-0.0798748,-0.127445,15,32765
0.856607,-0.0828474,-0.127519,15,32765
0.86616,-0.0868022,-0.128967,15,32765
0.85603,-0.0888049,-0.127381,15,32765
0.875379,-0.093909,-0.130356,15,32765
0.855411,-0.0947542,-0.127252,15,32765
0.855074,-0.0977042,-0.127289,15,32765
0.844927,-0.0994677,-0.125717,16,32765
0.864223,-0.104724,-0.12865,15,32765
0.86387,-0.10768,-0.128581,15,32765
0.863518,-0.110629,-0.128447,15,32765
0.892566,-0.117508,-0.132733,15,32765
0.84315,-0.113976,-0.125332,15,32765
0.891767,-0.123652,-0.132522,15,32765
0.852177,-0.121155,-0.126553,15,32765
0.851782,-0.124043,-0.126417,16,32765
0.880717,-0.131401,-0.130659,16,32765
0.850923,-0.130009,-0.126204,15,32765
0.879821,-0.137581,-0.130329,16,32765
0.869579,-0.139099,-0.128777,16,32765
0.878881,-0.143649,-0.130128,16,32765
0.86865,-0.14501,-0.128526,16,32765
0.848658,-0.144675,-0.125494,15,32765
0.887169,-0.154418,-0.131098,16,32765
0.876881,-0.155835,-0.129597,16,32765
0.876368,-0.158876,-0.129374,16,32765
0.856372,-0.158293,-0.126374,16,32765
0.83641,-0.15752,-0.123312,16,32765
0.884491,-0.169695,-0.130303,16,32765
0.893638,-0.174607,-0.131619,16,32765
0.873639,-0.173826,-0.128604,16,32765
0.882748,-0.178824,-0.129914,16,32765
0.862764,-0.177874,-0.126885,15,32765
0.900916,-0.188967,-0.132448,16,32765
0.880921,-0.18794,-0.129446,15,32765
0.860946,-0.186758,-0.126465,16,32765
0.860337,-0.189689,-0.126246,16,32765
0.830719,-0.186104,-0.121948,16,32765
0.868708,-0.197695,-0.127525,16,32765
0.887342,-0.205115,-0.130199,16,32765
0.848117,-0.199062,-0.124389,16,32765
0.857085,-0.204265,-0.125622,16,32765
0.866014,-0.209494,-0.127009,15,32765
0.874935,-0.214775,-0.128298,16,32765
0.874228,-0.217753,-0.128101,16,32765
0.873513,-0.220664,-0.127991,15,32765
0.891964,-0.228511,-0.130698,16,32765
0.872041,-0.226508,-0.127821,16,32765
0.861718,-0.226926,-0.126278,16,32765
0.889649,-0.237499,-0.130454,15,32765
0.888853,-0.240508,-0.130369,15,32765
0.849848,-0.233032,-0.124717,15,32765
0.84909,-0.235861,-0.124564,15,32765
0.886439,-0.249413,-0.130075,15,32765
0.876091,-0.249638,-0.128627,15,32765
0.856229,-0.247042,-0.125864,15,32765
0.874425,-0.255471,-0.128515,15,32765
0.864072,-0.255567,-0.127142,15,32765
0.863209,-0.258468,-0.127138,15,32765
0.862364,-0.261358,-0.126964,15,32765
0.852037,-0.261261,-0.125603,15,32765
0.870099,-0.269893,-0.128393,15,32765
0.859769,-0.26973,-0.127052,16,32765
0.868334,-0.27551,-0.128417,16,32765
0.876818,-0.28139,-0.130039,16,32765
0.828808,-0.268967,-0.123019,15,32765
0.837313,-0.274765,-0.124541,15,32765
0.902194,-0.299243,-0.134533,15,32765
0,0,-0,0,32765
0.810154,0.0141291,-0.1259,16,32765
0.839835,0.0118539,-0.130527,15,32765
0.800341,0.00855255,-0.124421,15,32765
0.750957,0.00541276,-0.116764,15,32765
0.760841,0.00287648,-0.118377,15,32765
0.741091,0.000249717,-0.115258,15,32765
0.721332,-0.00221918,-0.112137,15,32765
0.701555,-0.00454842,-0.109083,15,32765
0.770712,-0.00764171,-0.119772,15,32765
0.82009,-0.0109477,-0.127409,15,32765
0.820049,-0.0137684,-0.1274,15,32765
0.80025,-0.0162037,-0.124247,15,32765
0.790317,-0.0187479,-0.122669,15,32765
0.819895,-0.0222882,-0.127185,15,32765
0.760566,-0.0232694,-0.117891,15,32765
0.819744,-0.0278712,-0.127057,15,32765
0.799904,-0.0299447,-0.12392,16,32765
0.789928,-0.0322841,-0.122359,15,32765
0.779946,-0.0345525,-0.120788,15,32765
0.789709,-0.0377178,-0.122218,15,32765
0.759982,-0.0389298,-0.117524,15,32765
0.799325,-0.043713,-0.123569,15,32765
0.79918,-0.0464526,-0.123504,15,32765
0.808884,-0.0497955,-0.12501,15,32765
0.828447,-0.0538218,-0.127977,15,32765
0.838144,-0.0573005,-0.129347,15,32765
0.798534,-0.0573235,-0.123116,15,32765
0.808178,-0.0607841,-0.124715,16,32765
0.837537,-0.0659513,-0.129157,15,32765
0.837309,-0.0688971,-0.129101,15,32765
0.807535,-0.0693242,-0.124421,15,32765
0.826986,-0.0739488,-0.12738,15,32765
0.866099,-0.0804965,-0.133389,15,32765
0.796946,-0.0768434,-0.122766,15,32765
0.836034,-0.0834993,-0.128747,15,32765
0.835756,-0.0863668,-0.128659,15,32765
0.835463,-0.0892253,-0.128607,15,32765
0.864637,-0.0953592,-0.133077,15,32765
0.834845,-0.0950083,-0.128481,15,32765
0.824698,-0.0967495,-0.126939,15,32765
0.853807,-0.103173,-0.131413,15,32765
0.843645,-0.104929,-0.129819,15,32765
0.882507,-0.112878,-0.135794,15,32765
0.862516,-0.113372,-0.132713,15,32765
0.832727,-0.112367,-0.128217,15,32765
0.822554,-0.113879,-0.126637,15,32765
0.82216,-0.116708,-0.126617,16,32765
0.831549,-0.120937,-0.128065,16,32765
0.801812,-0.119439,-0.123414,16,32765
0.830733,-0.126659,-0.127827,16,32765
0.859594,-0.134111,-0.132332,16,32765
0.829837,-0.13246,-0.127767,16,32765
0.848895,-0.138566,-0.130679,16,32765
0.799656,-0.133399,-0.123104,16,32765
0.828449,-0.141156,-0.127464,16,32765
0.857191,-0.149094,-0.131888,16,32765
0.837216,-0.148573,-0.128824,16,32765
0.817266,-0.147937,-0.125664,16,32765
0.826482,-0.152522,-0.127141,16,32765
0.845407,-0.158964,-0.130068,15,32765
0.835187,-0.159974,-0.128336,16,32765
0.834643,-0.162812,-0.128312,15,32765
0.834094,-0.165666,-0.128224,15,32765
0.833559,-0.168541,-0.127956,16,32765
0.842667,-0.173406,-0.129393,16,32765
0.832401,-0.174271,-0.12782,16,32765
0.802811,-0.170941,-0.123181,16,32765
0.831237,-0.179972,-0.127494,16,32765
0.820988,-0.180669,-0.125845,16,32765
0.830055,-0.185608,-0.127114,16,32765
0.819797,-0.186241,-0.125489,16,32765
0.828827,-0.191231,-0.126795,16,32765
0.818564,-0.191817,-0.125139,15,32765
0.817938,-0.194573,-0.124974,16,32765
0.865376,-0.208954,-0.132146,16,32765
0.835871,-0.204826,-0.127538,15,32765
0.825606,-0.205252,-0.12588,16,32765
0.853731,-0.215308,-0.129948,15,32765
0.824272,-0.210829,-0.125408,15,32765
0.852326,-0.221044,-0.129536,15,32765
0.870769,-0.228908,-0.132144,16,32765
0.822248,-0.219077,-0.124552,16,32765
0.850198,-0.229572,-0.128686,15,32765
0.859011,-0.235008,-0.129892,15,32765
0.877341,-0.24315,-0.132477,16,32765
0.847986,-0.238036,-0.1279,15,32765
0.85676,-0.243569,-0.128979,15,32765
0.89404,-0.25738,-0.13434,15,32765
0.836213,-0.24374,-0.125457,16,32765
0.873436,-0.257717,-0.130737,15,32765
0.882128,-0.263426,-0.131748,15,32765
0.852867,-0.257729,-0.127253,15,32765
0.871016,-0.266312,-0.129649,15,32765
0.879671,-0.272046,-0.130649,16,32765
0.878861,-0.274885,-0.130161,16,32765
0.849711,-0.268778,-0.125498,15,32765
0.886646,-0.283599,-0.1305,15,32765
0.885788,-0.286472,-0.130053,15,32765
0.866103,-0.283187,-0.126773,15,32765
0.874709,-0.289052,-0.127409,15,32765
0,0,-0,0,32765
0.779336,0.0135438,-0.128652,15,32765
0.749778,0.0105292,-0.123785,15,32765
0.769535,0.00816045,-0.127078,15,32765
0.779421,0.00554605,-0.128732,16,32765
0.749824,0.00275792,-0.123918,16,32765
0.720238,0.000161386,-0.118984,16,32765
0.710376,-0.00227292,-0.117307,15,32765
0.739959,-0.00489609,-0.122214,16,32765
0.769547,-0.00774069,-0.127037,16,32765
0.769522,-0.0103911,-0.126998,16,32765
0.769483,-0.0130459,-0.126989,16,32765
0.749717,-0.0153114,-0.123655,16,32765
0.759529,-0.0181582,-0.125241,15,32765
0.759475,-0.0207941,-0.125162,15,32765
0.739691,-0.0227828,-0.121814,16,32765
0.739612,-0.0253064,-0.121795,16,32765
0.739532,-0.027852,-0.121726,16,32765
0.759155,-0.031206,-0.124942,16,32765
0.798481,-0.0355708,-0.131389,16,32765
0.778656,-0.0373903,-0.128047,15,32765
0.768686,-0.0395814,-0.126314,16,32765
0.768554,-0.042244,-0.126256,16,32765
0.797969,-0.0466125,-0.131046,16,32765
0.74856,-0.0463058,-0.12294,16,32765
0.758257,-0.0494963,-0.124483,16,32765
0.777799,-0.0534235,-0.127573,15,32765
0.767792,-0.0553699,-0.125819,16,32765
0.787267,-0.0594794,-0.129122,15,32765
0.787071,-0.0622538,-0.129009,15,32765
0.806527,-0.0666562,-0.132179,16,32765
0.786639,-0.0678236,-0.128835,16,32765
0.806065,-0.0723873,-0.131982,15,32765
0.786161,-0.0733771,-0.128711,16,32765
0.785905,-0.0760972,-0.128698,16,32765
0.795472,-0.079779,-0.130229,15,32765
0.824659,-0.0855718,-0.134965,15,32765
0.814555,-0.0873484,-0.133307,16,32765
0.814258,-0.0901678,-0.133241,16,32765
0.804142,-0.0918832,-0.131578,16,32765
0.813626,-0.0958328,-0.133152,16,32765
0.7839,-0.0951028,-0.128285,16,32765
0.803164,-0.100289,-0.131412,16,32765
0.802819,-0.103089,-0.131355,15,32765
0.792678,-0.104599,-0.129694,16,32765
0.782527,-0.106004,-0.128119,15,32765
0.831053,-0.115501,-0.136054,16,32765
0.791563,-0.112797,-0.129631,15,32765
0.830252,-0.121212,-0.135973,16,32765
0.790798,-0.118249,-0.129445,16,32765
0.829435,-0.126942,-0.135734,16,32765
0.799731,-0.125245,-0.130937,15,32765
0.779797,-0.124943,-0.127693,15,32765
0.779366,-0.127695,-0.127606,16,32765
0.837343,-0.14021,-0.137107,16,32765
0.80768,-0.138132,-0.132184,16,32765
0.807209,-0.140924,-0.132113,16,32765
0.787292,-0.140234,-0.128866,16,32765
0.786828,-0.142956,-0.128708,16,32765
0.796044,-0.147448,-0.130278,16,32765
0.776147,-0.14648,-0.127041,16,32765
0.795072,-0.152851,-0.129991,16,32765
0.813929,-0.159355,-0.133137,16,32765
0.794025,-0.158286,-0.129883,16,32765
0.803192,-0.162996,-0.131208,16,32765
0.792961,-0.163774,-0.129578,16,32765
0.811733,-0.170564,-0.132655,16,32765
0.801516,-0.171287,-0.130895,16,32765
0.791294,-0.171947,-0.129185,16,32765
0.800373,-0.176772,-0.130597,16,32765
0.819073,-0.183816,-0.133535,17,32765
0.818465,-0.186611,-0.133388,16,32765
0.798612,-0.184925,-0.130084,16,32765
0.807614,-0.189934,-0.131471,16,32765
0.797387,-0.190368,-0.129745,16,32765
0.796762,-0.19308,-0.129579,17,32765
0.78654,-0.193431,-0.127825,16,32765
0.814665,-0.203259,-0.132312,16,32765
0.804442,-0.203606,-0.13045,16,32765
0.803775,-0.206324,-0.130293,16,32765
0.812675,-0.211516,-0.131608,16,32765
0.802458,-0.211705,-0.12978,16,32765
0.811341,-0.216944,-0.130998,15,32765
0.810639,-0.219673,-0.130796,16,32765
0.828996,-0.227607,-0.133641,16,32765
0.809238,-0.225076,-0.13029,16,32765
0.808524,-0.227768,-0.130044,16,32765
0.817315,-0.233183,-0.131231,15,32765
0.797594,-0.230432,-0.127848,16,32765
0.825326,-0.241422,-0.132108,16,32765
0.83406,-0.246973,-0.133222,15,32765
0.804893,-0.241215,-0.128305,16,32765
0.832512,-0.252471,-0.132594,15,32765
0.812841,-0.249407,-0.129176,16,32765
0.812089,-0.252037,-0.128798,15,32765
0.801906,-0.251704,-0.126854,16,32765
0.810576,-0.257308,-0.127903,16,32765
0.819235,-0.262964,-0.128857,15,32765
0.799626,-0.259521,-0.12549,15,32765
0.827046,-0.271373,-0.129429,16,32765
0,-0,-0,0,32765
7.66995,2.49039,1.48654,31,32765
7.73419,2.48435,1.49599,29,32765
7.76111,2.46595,1.49755,29,32765
7.84433,2.46431,1.51103,28,32765
7.87174,2.44421,1.51193,29,32765
7.89874,2.42447,1.51388,30,32765
7.9731,2.41856,1.52354,28,32765
8.03802,2.40933,1.53174,28,32765
8.07485,2.39107,1.53399,29,32765
8.14923,2.38387,1.54403,31,32765
8.18567,2.36592,1.54686,28,32765
8.47741,2.42093,1.5982,13,32765
8.43835,2.38055,1.58599,13,32765
8.42752,2.34793,1.57992,13,32765
8.33151,2.29167,1.55649,12,32765
8.39634,2.28015,1.56459,12,32765
8.45181,2.26558,1.57041,13,32765
8.49761,2.24835,1.57496,13,32765
8.42931,2.20086,1.55741,13,32765
8.52275,2.19555,1.57033,13,32765
8.48258,2.15551,1.55941,13,32765
8.47092,2.12302,1.55347,13,32765
8.45927,2.09067,1.54675,13,32765
8.40885,2.04944,1.53467,13,32765
8.38727,2.01508,1.5267,13,32765
8.35588,1.97867,1.51744,13,32765
8.42048,1.96441,1.52481,13,32765
8.43691,1.93864,1.52456,13,32765
8.41466,1.90439,1.51802,13,32765
8.33469,1.85732,1.50075,13,32765
8.34117,1.82999,1.49832,12,32765
8.34752,1.80263,1.49612,12,32765
8.28616,1.76111,1.4826,13,32765
8.32119,1.74022,1.48537,13,32765
8.36574,1.72092,1.49056,13,32765
8.30392,1.68008,1.47728,13,32765
8.2903,1.64896,1.47252,13,32765
8.27682,1.61782,1.46647,13,32765
8.22414,1.57943,1.45562,13,32765
8.2877,1.56336,1.46408,13,32765
8.31232,1.53997,1.46637,13,32765
8.27891,1.50516,1.45801,13,32765
8.24548,1.4704,1.44913,13,32765
8.25056,1.44279,1.44796,13,32765
8.20696,1.40714,1.43817,13,32765
8.24079,1.38558,1.4422,13,32765
8.24543,1.35924,1.44073,13,32765
8.24993,1.33238,1.4401,13,32765
8.25453,1.30507,1.43874,12,32765
8.25905,1.27729,1.43773,13,32765
8.3121,1.25691,1.44573,18,32765
8.34563,1.2331,1.45036,16,32765
8.3889,1.21084,1.45608,17,32765
8.37371,1.18008,1.45081,17,32765
8.39732,1.15477,1.45309,16,32765
8.3815,1.12477,1.44974,17,32765
8.38539,1.09715,1.44839,16,32765
8.30114,1.05829,1.43218,14,32765
0,0,0,0,32765
0,0,0,0,32765
0,0,0,0,32765
0,0,0,0,32765
0,0,0,0,32765
0,0,0,0,32765
0,0,0,14,32765
0,0,0,0,32765
0,0,0,0,32765
0,0,0,15,32765
0,0,0,0,32765
0,0,0,0,32765
14.9438,1.25678,2.53896,14,32765
14.9287,1.2057,2.53309,13,32765
14.8638,1.15135,2.52106,13,32765
14.878,1.10286,2.5192,14,32765
14.9017,1.05485,2.51959,13,32765
14.9446,1.00909,2.52541,12,32765
14.7122,0.945401,2.48191,11,32765
14.7057,0.897,2.47809,11,32765
15.0141,0.867055,2.52712,11,32765
8.1635,0.444594,1.37251,16,32765
8.17505,0.418505,1.37236,17,32765
8.17659,0.391675,1.37111,17,32765
8.17814,0.365095,1.36922,17,32765
8.15986,0.337723,1.36419,17,32765
7.95415,0.303305,1.32829,13,32765
7.93568,0.276712,1.32322,14,32765
7.91714,0.250037,1.31805,14,32765
7.88862,0.223481,1.31136,13,32765
7.90934,0.198314,1.31279,14,32765
7.92009,0.172863,1.3127,14,32765
7.91096,0.14752,1.30974,14,32765
7.87243,0.121374,1.30021,14,32765
7.873,0.0959586,1.29887,14,32765
7.87374,0.0703821,1.29602,14,32765
7.87433,0.0451406,1.29357,14,32765
7.83531,0.019934,1.28496,14,32765
7.79632,-0.00486792,1.27569,14,32765
7.83624,-0.0296748,1.27906,14,32765
7.85623,-0.0546334,1.27996,14,32765
7.61975,-0.0772891,1.23769,14,32765
7.58045,-0.100876,1.22839,14,32765
7.67275,2.49409,1.40873,38,32765
7.71833,2.48202,1.41418,36,32765
7.78282,2.47559,1.42242,35,32765
7.8286,2.46208,1.4283,35,32765
7.86543,2.44493,1.43072,35,32765
7.91129,2.43097,1.43591,35,32765
7.94804,2.41358,1.43809,35,32765
8.01303,2.40444,1.44574,34,32765
8.08766,2.39745,1.45452,35,32765
8.12432,2.37913,1.45711,36,32765
8.17971,2.36672,1.46306,38,32765
8.32975,2.38128,1.48625,15,32765
8.50862,2.4029,1.51337,14,32765
8.44086,2.35411,1.49735,14,32765
8.37319,2.30554,1.47998,13,32765
8.41912,2.28871,1.48416,13,32765
8.44611,2.26638,1.48448,15,32765
8.43477,2.23401,1.47863,14,32765
8.43305,2.20408,1.47352,14,32765
8.42159,2.17169,1.4673,14,32765
8.42904,2.14406,1.46518,14,32765
8.41729,2.11168,1.45943,14,32765
8.3864,2.07472,1.44961,14,32765
8.43165,2.05702,1.45463,14,32765
8.41962,2.02483,1.44859,14,32765
8.42658,1.99735,1.44627,14,32765
8.41448,1.9649,1.43991,14,32765
8.42131,1.93689,1.43793,14,32765
8.36052,1.89392,1.42511,13,32765
8.37665,1.86841,1.42506,14,32765
8.35425,1.83455,1.41771,14,32765
8.32203,1.79877,1.40898,13,32765
8.28949,1.76341,1.401,14,32765
8.29559,1.73642,1.39861,14,32765
8.28219,1.70524,1.39368,14,32765
8.34593,1.69005,1.40218,14,32765
8.26457,1.64526,1.38623,14,32765
8.29945,1.62363,1.38848,15,32765
8.27578,1.59068,1.38305,14,32765
8.28127,1.56343,1.38123,14,32765
8.2477,1.52924,1.37364,14,32765
8.2336,1.49811,1.36889,14,32765
8.2778,1.47732,1.37329,14,32765
8.22457,1.43936,1.36245,14,32765
8.24897,1.41541,1.36439,15,32765
8.23421,1.38549,1.3601,14,32765
8.23884,1.35914,1.35863,14,32765
8.24333,1.33225,1.358,14,32765
8.23818,1.30338,1.35503,13,32765
8.30122,1.28467,1.36364,13,32765
8.34461,1.26265,1.36957,19,32765
8.31962,1.23003,1.36431,19,32765
8.36294,1.20782,1.36966,19,32765
8.38679,1.18261,1.37098,20,32765
8.3811,1.15319,1.36827,19,32765
8.36525,1.12319,1.36511,20,32765
8.34955,1.09302,1.36058,19,32765
8.37287,1.06795,1.36274,17,32765
8.37656,1.04052,1.36127,11,32765
0,0,0,0,32765
0,0,0,0,32765
0,0,0,0,32765
0,0,0,0,32765
0,0,0,0,32765
0,0,0,0,32765
0,0,0,0,32765
0,0,0,17,32765
0,0,0,0,32765
0,0,0,15,32765
0,0,0,15,32765
14.9474,1.25702,2.39422,17,32765
14.8534,1.19948,2.37594,16,32765
14.877,1.15216,2.37873,15,32765
14.8616,1.10136,2.37206,14,32765
14.8854,1.05333,2.37227,15,32765
14.8889,1.0049,2.37145,14,32765
14.8926,0.95649,2.3678,12,32765
14.9157,0.90923,2.36875,12,32765
15.057,0.868872,2.38827,18,32765
8.17608,0.44488,1.29532,18,32765
8.16791,0.417701,1.29196,21,32765
8.16944,0.390853,1.29072,20,32765
8.14136,0.362937,1.28416,21,32765
8.14277,0.33646,1.28243,20,32765
7.92686,0.301684,1.24693,15,32765
7.89846,0.274797,1.2405,16,32765
7.88974,0.248517,1.23707,15,32765
7.87103,0.222292,1.23222,16,32765
7.872,0.196648,1.23038,16,32765
7.89262,0.171494,1.23174,15,32765
7.8637,0.145834,1.22581,16,32765
7.85471,0.12026,1.22128,15,32765
7.84539,0.0947434,1.2184,15,32765
7.8461,0.0692188,1.21557,15,32765
7.84665,0.0440283,1.21313,16,32765
7.8372,0.0189489,1.20947,17,32765
7.81789,-0.00590539,1.20362,17,32765
7.85784,-0.0308223,1.20661,16,32765
7.85806,-0.0557493,1.20429,16,32765
7.56188,-0.0777988,1.15519,16,32765
7.5818,-0.102029,1.15532,16,32765
7.67739,2.50068,1.31025,30,32765
7.73184,2.49178,1.32009,29,32765
7.76791,2.47618,1.32504,28,32765
7.79445,2.45739,1.32899,28,32765
7.88711,2.45831,1.34426,27,32765
7.91393,2.43841,1.3476,27,32765
7.95009,2.42163,1.35211,28,32765
7.99557,2.40775,1.35835,27,32765
8.04109,2.39357,1.36443,27,32765
8.10565,2.38436,1.37362,28,32765
8.17959,2.37753,1.38509,31,32765
8.32022,2.38894,1.40709,15,32765
8.48951,2.4075,1.43379,12,32765
8.51655,2.38475,1.43631,13,32765
8.37229,2.3148,1.40942,12,32765
8.41799,2.29786,1.41525,12,32765
8.47316,2.28351,1.42243,13,32765
8.49986,2.26091,1.42435,13,32765
8.4883,2.22807,1.42004,13,32765
8.4958,2.19999,1.41897,13,32765
8.37882,2.14051,1.39688,13,32765
8.37632,2.11072,1.39449,12,32765
8.47924,2.10693,1.40921,13,32765
8.352,2.04646,1.38574,13,32765
8.36845,2.02129,1.38629,13,32765
8.41375,2.00259,1.3914,13,32765
8.41084,1.97255,1.38903,13,32765
8.42721,1.94656,1.38948,13,32765
8.38575,1.90789,1.37958,13,32765
8.33433,1.86761,1.36874,13,32765
8.40816,1.85549,1.37784,13,32765
8.33739,1.81079,1.36331,13,32765
8.28551,1.77064,1.35333,13,32765
8.33023,1.75107,1.35847,13,32765
8.29783,1.71515,1.34929,13,32765
8.30343,1.68829,1.34874,13,32765
8.37688,1.6749,1.35836,13,32765
8.34392,1.63976,1.34994,13,32765
8.3203,1.6066,1.34456,13,32765
8.23862,1.56216,1.32848,14,32765
8.29271,1.54355,1.33417,13,32765
8.29795,1.51597,1.33321,13,32765
8.24477,1.47809,1.32265,13,32765
8.24994,1.45068,1.32079,13,32765
8.2745,1.42659,1.32194,13,32765
8.23066,1.39101,1.31292,13,32765
8.1966,1.35743,1.30434,13,32765
8.2402,1.33693,1.30928,13,32765
8.27408,1.31471,1.31209,12,32765
8.33715,1.2966,1.31999,12,32765
8.32217,1.26585,1.31509,17,32765
8.36567,1.24387,1.31986,17,32765
8.3699,1.21564,1.3193,17,32765
8.40367,1.19162,1.32155,18,32765
8.37832,1.15922,1.31663,17,32765
8.38245,1.13153,1.31444,17,32765
8.34722,1.09869,1.3066,17,32765
8.38021,1.0756,1.31063,15,32765
0,0,0,0,32765
0,0,0,0,32765
0,0,0,0,32765
0,0,0,0,32765
0,0,0,0,32765
0,0,0,0,32765
0,0,0,0,32765
0,0,0,0,32765
0,0,0,0,32765
0,0,0,0,32765
0,0,0,0,32765
0,0,0,0,32765
14.9008,1.26903,2.29635,14,32765
14.8755,1.2177,2.29063,13,32765
14.9092,1.17109,2.29372,14,32765
14.844,1.11794,2.28215,14,32765
14.7884,1.06502,2.27334,13,32765
14.9794,1.03057,2.30048,12,32765
14.9431,0.979115,2.29501,12,32765
15.0943,0.940015,2.31675,11,32765
15.1071,0.89146,2.31869,20,32765
8.20167,0.456784,1.25698,15,32765
8.17338,0.428822,1.25313,17,32765
8.19451,0.402863,1.25609,17,32765
8.19566,0.376304,1.25677,17,32765
8.17712,0.348581,1.25365,17,32765
7.97074,0.313678,1.22224,14,32765
7.90252,0.285538,1.21188,14,32765
7.90328,0.259725,1.21273,14,32765
7.93364,0.23493,1.2178,14,32765
7.92443,0.208547,1.21668,14,32765
7.925,0.182437,1.21719,14,32765
7.88589,0.156,1.21195,14,32765
7.8665,0.130492,1.20946,14,32765
7.90623,0.106172,1.21664,14,32765
7.84701,0.0803252,1.20893,14,32765
7.84703,0.054819,1.21027,14,32765
7.84691,0.0289848,1.2119,15,32765
7.87625,0.0030354,1.21883,15,32765
7.84648,-0.0225463,1.21486,15,32765
7.88546,-0.0480163,1.22379,14,32765
7.63804,-0.0713839,1.18667,14,32765
7.58782,-0.0952349,1.1825,14,32765
7.65024,2.49506,1.22805,36,32765
7.70477,2.48624,1.23742,33,32765
7.73146,2.46771,1.24057,32,32765
7.80515,2.46389,1.25189,33,32765
7.8508,2.45008,1.25876,33,32765
7.90596,2.43901,1.26645,33,32765
7.94218,2.42224,1.27068,33,32765
7.99719,2.41122,1.27806,33,32765
8.04278,2.39702,1.28377,34,32765
8.11692,2.39061,1.2939,34,32765
8.17201,2.37822,1.3017,37,32765
8.23682,2.36786,1.3103,22,32765
8.45383,2.40027,1.34298,14,32765
8.46184,2.37226,1.34229,14,32765
8.38402,2.3208,1.32746,13,32765
8.41072,2.29859,1.3299,13,32765
8.45642,2.28167,1.3351,15,32765
8.42582,2.24384,1.32781,15,32765
8.45243,2.22123,1.3297,14,32765
8.42163,2.1833,1.32262,14,32765
8.40977,2.15088,1.31827,14,32765
8.41689,2.12335,1.31748,14,32765
8.42404,2.09558,1.31626,14,32765
8.431,2.06813,1.31508,14,32765
8.38988,2.02873,1.30654,15,32765
8.42564,2.00764,1.30978,15,32765
8.3746,1.9662,1.30003,14,32765
8.35243,1.93138,1.29442,14,32765
8.33977,1.89948,1.28947,14,32765
8.32683,1.86793,1.28515,14,32765
8.33315,1.84089,1.28319,14,32765
8.30087,1.80476,1.27537,14,32765
8.3456,1.78534,1.28078,14,32765
8.33235,1.75333,1.27664,14,32765
8.33863,1.72535,1.27376,14,32765
8.3055,1.69042,1.26729,15,32765
8.29176,1.65955,1.26296,14,32765
8.2878,1.63035,1.25936,14,32765
8.27382,1.59919,1.25573,14,32765
8.27944,1.57142,1.25375,15,32765
8.26555,1.53996,1.24867,14,32765
8.23186,1.50531,1.24184,15,32765
8.25644,1.48156,1.24359,14,32765
8.26161,1.45407,1.24173,14,32765
8.20821,1.41644,1.23099,15,32765
8.21304,1.38926,1.22975,14,32765
8.16914,1.35407,1.22009,14,32765
8.19325,1.33046,1.22175,14,32765
8.21736,1.30681,1.22283,13,32765
8.30004,1.2919,1.23308,13,32765
8.32413,1.26718,1.23418,21,32765
8.29917,1.23496,1.22843,19,32765
8.34254,1.2126,1.23367,19,32765
8.36653,1.18726,1.2342,22,32765
8.38033,1.16035,1.23535,20,32765
8.36484,1.12996,1.23027,21,32765
8.36878,1.10229,1.22857,20,32765
8.36256,1.07405,1.22655,17,32765
8.34644,1.04428,1.22327,11,32765
0,0,0,16,32765
0,0,0,0,32765
0,0,0,0,32765
0,0,0,0,32765
0,0,0,14,32765
0,0,0,0,32765
0,0,0,0,32765
0,0,0,0,32765
0,0,0,0,32765
0,0,0,0,32765
0,0,0,0,32765
14.971,1.27526,2.16229,16,32765
14.9259,1.222,2.154,15,32765
14.8314,1.16507,2.13831,15,32765
14.8352,1.11729,2.13736,15,32765
14.8585,1.07,2.14049,15,32765
14.9016,1.02508,2.14453,14,32765
14.9641,0.980265,2.15364,12,32765
14.9673,0.931802,2.15267,12,32765
15.1283,0.892325,2.17583,16,32765
8.15386,0.453871,1.17092,17,32765
8.18484,0.429128,1.17587,20,32765
8.17633,0.401631,1.17438,20,32765
8.15772,0.37418,1.17222,20,32765
8.13914,0.346539,1.16928,20,32765
7.94236,0.312105,1.14125,15,32765
7.91361,0.285442,1.13723,16,32765
7.8847,0.258577,1.13381,16,32765
7.88543,0.232923,1.13434,16,32765
7.8663,0.206397,1.13188,16,32765
7.85697,0.180209,1.13096,16,32765
7.86729,0.154928,1.13322,16,32765
7.83798,0.129276,1.12948,15,32765
7.8085,0.104078,1.1263,17,32765
7.7987,0.0790087,1.12628,15,32765
7.81851,0.0537535,1.13047,16,32765
7.8481,0.0280764,1.13639,17,32765
7.82802,0.00206252,1.13587,17,32765
7.84769,-0.0235483,1.13936,16,32765
7.84717,-0.0488247,1.14215,17,32765
7.62909,-0.0723539,1.11168,16,32765
7.58873,-0.0963365,1.10942,16,32765
7.6488,2.48515,1.25679,30,32765
7.70435,2.47631,1.25974,28,32765
7.74137,2.46043,1.25931,27,32765
7.79715,2.45048,1.26193,27,32765
7.86273,2.4424,1.26534,27,32765
7.90883,2.42878,1.26817,27,32765
7.93606,2.40916,1.26766,27,32765
8.02022,2.40646,1.27514,28,32765
8.06629,2.39209,1.27789,28,32765
8.11259,2.37702,1.27991,28,32765
8.15893,2.36156,1.28181,31,32765
8.26229,2.362,1.29289,16,32765
8.52743,2.40732,1.33018,13,32765
8.45004,2.35561,1.3133,13,32765
8.39154,2.30951,1.29929,12,32765
8.39955,2.28232,1.29562,12,32765
8.47412,2.27299,1.30372,14,32765
8.4629,2.24027,1.2973,13,32765
8.47047,2.21276,1.29513,13,32765
8.47822,2.18502,1.29152,13,32765
8.44735,2.14765,1.28298,13,32765
8.49311,2.12972,1.28602,13,32765
8.36619,2.06825,1.26229,13,32765
8.42125,2.05258,1.26767,13,32765
8.38989,2.01554,1.25928,14,32765
8.43522,1.99731,1.26311,13,32765
8.43234,1.96781,1.25928,13,32765
8.36204,1.92229,1.24497,13,32765
8.36843,1.89528,1.24342,13,32765
8.35554,1.86355,1.23878,13,32765
8.37169,1.83811,1.23761,13,32765
8.32966,1.79979,1.22865,13,32765
8.32645,1.76924,1.22477,13,32765
8.31315,1.73733,1.22051,13,32765
8.31908,1.71001,1.21869,13,32765
8.28593,1.67549,1.21147,13,32765
8.23341,1.63716,1.20045,13,32765
8.25827,1.61416,1.20225,13,32765
8.25415,1.5852,1.19845,16,32765
8.31789,1.56874,1.20591,15,32765
8.25492,1.52862,1.1958,13,32765
8.26028,1.50131,1.19343,13,32765
8.23621,1.46862,1.18764,13,32765
8.20223,1.43456,1.1805,13,32765
8.24619,1.41404,1.18464,13,32765
8.28016,1.39178,1.18841,13,32765
8.17739,1.34705,1.17162,13,32765
8.22109,1.32626,1.17592,13,32765
8.22561,1.29937,1.17438,12,32765
8.31809,1.28585,1.18575,13,32765
8.34211,1.26093,1.18726,17,32765
8.38556,1.23889,1.1921,17,32765
8.35064,1.20482,1.18562,17,32765
8.42348,1.1867,1.19366,18,32765
8.4079,1.15575,1.19013,18,32765
8.40204,1.12642,1.18763,17,32765
8.34692,1.09094,1.17848,17,32765
8.3703,1.06571,1.18013,16,32765
8.38376,1.03929,1.18043,11,32765
0,0,0,0,32765
0,0,0,14,32765
0,0,0,0,32765
0,0,0,0,32765
0,0,0,0,32765
0,0,0,0,32765
0,0,0,13,32765
0,0,0,0,32765
0,0,0,0,32765
0,0,0,0,32765
0,0,0,0,32765
14.9258,1.25152,2.06607,14,32765
14.9102,1.20138,2.06215,13,32765
14.875,1.14951,2.05344,13,32765
14.8788,1.10128,2.05239,13,32765
14.8828,1.05239,2.04872,13,32765
14.9556,1.00791,2.0569,12,32765
14.9297,0.956304,2.04957,12,32765
14.8937,0.904247,2.0406,12,32765
15.0849,0.866542,2.06367,12,32765
8.20198,0.444269,1.11996,15,32765
8.18363,0.416927,1.11685,14,32765
8.15537,0.38933,1.11175,13,32765
8.12714,0.361668,1.10582,19,32765
8.14821,0.33618,1.10749,20,32765
7.94167,0.301601,1.07673,14,32765
7.9329,0.27545,1.07394,15,32765
7.93398,0.249578,1.07227,15,32765
7.90537,0.222506,1.06587,14,32765
7.90628,0.19709,1.06412,14,32765
7.88733,0.170722,1.05946,14,32765
7.8782,0.144785,1.05619,15,32765
7.88868,0.119538,1.05643,15,32765
7.89924,0.0939092,1.05552,15,32765
7.87998,0.0684549,1.05061,15,32765
7.84085,0.0430434,1.04272,15,32765
7.88098,0.018418,1.04517,15,32765
7.83181,-0.00653488,1.03569,14,32765
7.83208,-0.0318603,1.03321,14,32765
7.83228,-0.0569264,1.03059,15,32765
7.63425,-0.0800266,1.00094,14,32765
7.61456,-0.103372,0.995091,14,32765
7.66815,2.49477,1.18238,36,32765
7.72377,2.48587,1.18485,35,32765
7.74196,2.4639,1.18125,35,32765
7.8261,2.46284,1.1877,34,32765
7.8445,2.43997,1.1834,34,32765
7.90008,2.42931,1.18729,34,32765
7.93679,2.41257,1.18801,35,32765
7.99257,2.40133,1.1905,35,32765
8.05764,2.39266,1.19571,34,32765
8.09446,2.37482,1.19595,34,32765
8.15984,2.36491,1.20028,38,32765
8.19667,2.3463,1.20067,25,32765
8.47159,2.39466,1.23685,14,32765
8.46081,2.36166,1.23054,14,32765
8.40222,2.31543,1.21718,13,32765
8.42933,2.29336,1.21626,14,32765
8.46576,2.27365,1.21819,15,32765
8.44492,2.23836,1.21058,15,32765
8.45247,2.21086,1.20842,14,32765
8.441,2.17818,1.20209,14,32765
8.42925,2.14574,1.19665,14,32765
8.47504,2.12786,1.19932,14,32765
8.42485,2.08535,1.18776,14,32765
8.3934,2.04834,1.18047,14,32765
8.41013,2.02289,1.17921,16,32765
8.38803,1.98858,1.17323,15,32765
8.36581,1.95467,1.16681,14,32765
8.29534,1.90928,1.15327,15,32765
8.34035,1.8912,1.15709,15,32765
8.37577,1.8703,1.15933,13,32765
8.34354,1.83411,1.15139,13,32765
8.38861,1.81468,1.1549,12,32765
8.39511,1.78593,1.15243,12,32765
8.36244,1.74967,1.14568,12,32765
8.31016,1.71016,1.13588,12,32765
8.31582,1.68346,1.13434,12,32765
8.2049,1.63335,1.11594,19,32765
8.19087,1.60279,1.11228,15,32765
8.24508,1.58524,1.11649,17,32765
8.29916,1.56695,1.12208,19,32765
8.28484,1.53584,1.1192,15,32765
8.2707,1.50484,1.1142,15,32765
8.27588,1.47728,1.11262,14,32765
8.2614,1.44645,1.10846,15,32765
8.22727,1.41229,1.10175,15,32765
8.20262,1.38018,1.09739,15,32765
8.23662,1.35819,1.09993,15,32765
8.22168,1.3277,1.09602,15,32765
8.22619,1.30075,1.09448,14,32765
8.29918,1.28419,1.10241,13,32765
8.32323,1.25929,1.10372,20,32765
8.32748,1.23148,1.103,20,32765
8.36117,1.20746,1.10598,19,32765
8.40465,1.18513,1.10948,23,32765
8.37921,1.15284,1.10484,21,32765
8.3635,1.12224,1.10115,21,32765
8.34762,1.09196,1.09773,21,32765
8.34151,1.06293,1.09532,18,32765
8.37465,1.039,1.09811,13,32765
8.22063,0.992475,1.07648,11,32765
8.32251,0.977011,1.08801,12,32765
8.18785,0.934137,1.06895,12,32765
8.24037,0.912313,1.07404,13,32765
8.24343,0.885149,1.07333,12,32765
8.3254,0.865838,1.08239,11,32765
8.20015,0.825355,1.06419,11,32765
8.16344,0.794375,1.05833,11,32765
8.20585,0.770589,1.06125,11,32765
8.1492,0.73794,1.05286,12,32765
8.13204,0.709074,1.04885,12,32765
8.14436,0.683176,1.0489,12,32765
8.10708,0.653451,1.04316,12,32765
8.05007,0.622276,1.03378,12,32765
8.23018,0.609312,1.05605,12,32765
8.14335,0.575927,1.04262,12,32765
8.09582,0.545654,1.03556,12,32765
8.12751,0.520607,1.03759,12,32765
8.10965,0.492328,1.03313,12,32765
8.07178,0.4636,1.02665,13,32765
8.1032,0.438796,1.02859,14,32765
8.14425,0.414753,1.03321,16,32765
8.07631,0.385346,1.02338,21,32765
8.1273,0.361421,1.02777,23,32765
8.1583,0.336298,1.03051,24,32765
7.93165,0.300888,0.999216,16,32765
7.91294,0.274383,0.995268,16,32765
7.914,0.248533,0.993602,17,32765
7.88532,0.221485,0.987499,16,32765
7.89613,0.196339,0.986988,16,32765
7.89698,0.17039,0.984992,16,32765
7.89774,0.14456,0.983053,17,32765
7.88838,0.118909,0.980727,17,32765
7.86916,0.0928861,0.976034,16,32765
7.88954,0.0678296,0.976224,17,32765
7.88012,0.0425107,0.972381,16,32765
7.87064,0.0176064,0.968339,16,32765
7.87101,-0.00739526,0.965424,17,32765
7.8514,-0.0328059,0.960497,16,32765
7.83172,-0.0578281,0.95545,17,32765
7.61356,-0.0807294,0.925258,16,32765
7.59381,-0.104045,0.919609,16,32765
7.65403,2.49501,1.06071,31,32765
7.71862,2.48824,1.06955,30,32765
7.75477,2.4725,1.07446,29,32765
7.80963,2.46322,1.08155,28,32765
7.83635,2.44468,1.08333,28,32765
7.90097,2.43719,1.09106,28,32765
7.94657,2.42327,1.09735,28,32765
7.97352,2.40294,1.09949,27,32765
8.04797,2.39682,1.10742,28,32765
8.09384,2.3818,1.11217,29,32765
8.15873,2.37237,1.11889,32,32765
8.22338,2.36262,1.12734,22,32765
8.49819,2.41165,1.16309,13,32765
8.4491,2.36753,1.1533,13,32765
8.40915,2.32623,1.1467,13,32765
8.41704,2.29824,1.14524,12,32765
8.4341,2.27337,1.14622,14,32765
8.47992,2.256,1.1506,13,32765
8.44902,2.21852,1.14382,13,32765
8.45624,2.19112,1.14331,13,32765
8.44434,2.15852,1.13933,13,32765
8.46108,2.1334,1.1396,13,32765
8.38165,2.08423,1.12608,13,32765
8.38851,2.05697,1.12513,13,32765
8.40508,2.03147,1.12524,14,32765
8.45051,2.01276,1.12929,13,32765
8.37044,1.96419,1.11652,13,32765
8.31928,1.92264,1.10685,14,32765
8.33527,1.89733,1.10808,13,32765
8.5933,1.92627,1.13979,12,32765
8.61921,1.90241,1.14021,11,32765
8.60604,1.87041,1.13667,12,32765
8.57379,1.83347,1.12875,11,32765
8.54124,1.7966,1.12227,11,32765
8.26588,1.70934,1.08331,14,32765
8.46607,1.72121,1.10776,12,32765
8.23833,1.64681,1.0765,17,32765
8.18562,1.60824,1.06648,13,32765
8.23967,1.59089,1.07168,15,32765
8.30356,1.57471,1.0778,16,32765
8.28951,1.5434,1.07329,13,32765
8.2752,1.5126,1.06933,13,32765
8.28047,1.48469,1.06766,13,32765
8.25629,1.45207,1.06194,13,32765
8.22208,1.41788,1.05595,13,32765
8.18782,1.38404,1.04923,13,32765
8.1925,1.35731,1.04764,13,32765
8.23634,1.33637,1.05118,13,32765
8.24097,1.30884,1.04953,13,32765
8.37298,1.30074,1.0644,12,32765
8.33823,1.26669,1.058,17,32765
8.33272,1.23769,1.05546,17,32765
8.33705,1.20996,1.05345,17,32765
8.38046,1.18824,1.05683,18,32765
8.35502,1.15606,1.05218,18,32765
8.3098,1.12167,1.04477,18,32765
8.3039,1.09278,1.04145,18,32765
8.30765,1.0651,1.04028,19,32765
8.2915,1.03563,1.03675,18,32765
8.25572,1.00359,1.02973,18,32765
8.25908,0.976755,1.02858,19,32765
8.24253,0.947621,1.02585,18,32765
8.23587,0.919272,1.02365,18,32765
8.24901,0.893055,1.0227,18,32765
8.21258,0.861156,1.017,12,32765
8.20573,0.832709,1.01422,12,32765
8.1294,0.797961,1.00454,12,32765
8.21113,0.778927,1.0133,11,32765
8.15442,0.746874,1.00508,12,32765
8.21628,0.725108,1.01148,12,32765
8.19889,0.696275,1.0087,12,32765
8.18149,0.667324,1.00541,12,32765
8.25302,0.645429,1.01328,12,32765
8.14627,0.61035,0.999338,12,32765
8.14832,0.58365,0.998602,12,32765
8.11062,0.554631,0.993124,12,32765
8.19159,0.533773,1.00288,12,32765
8.15376,0.504541,0.997248,12,32765
8.15539,0.478127,0.996934,12,32765
8.17677,0.452613,0.999018,15,32765
8.17819,0.42622,0.99899,15,32765
8.11014,0.396333,0.990435,15,32765
8.1411,0.371251,0.994339,24,32765
8.16209,0.345497,0.996873,22,32765
7.96481,0.310805,0.972689,14,32765
7.9161,0.283051,0.967279,14,32765
7.94667,0.258365,0.971452,15,32765
7.92748,0.231936,0.970225,15,32765
7.9183,0.20574,0.968793,14,32765
7.91889,0.179516,0.969162,14,32765
7.9094,0.153675,0.968855,15,32765
7.90975,0.127937,0.969751,15,32765
7.91996,0.102373,0.971688,14,32765
7.90022,0.0767313,0.970712,14,32765
7.91022,0.0510393,0.973013,15,32765
7.89028,0.0255772,0.972248,15,32765
7.89016,0.000205827,0.973597,15,32765
7.79058,-0.0243895,0.963735,14,32765
7.87956,-0.0496757,0.976556,14,32765
7.64097,-0.0734233,0.948763,14,32765
7.60055,-0.098041,0.947466,14,32765
7.6432,2.49528,0.982379,38,32765
7.70788,2.48854,0.990656,39,32765
7.75353,2.47584,0.996493,35,32765
7.78955,2.46058,1.00069,36,32765
7.85418,2.45391,1.00713,35,32765
7.88096,2.43465,1.00945,36,32765
7.93612,2.42367,1.01658,36,32765
7.9631,2.40334,1.01852,35,32765
8.04713,2.4001,1.02701,37,32765
8.09307,2.38506,1.03138,37,32765
8.13897,2.37008,1.03512,38,32765
8.2037,2.36039,1.043,35,32765
8.44061,2.39877,1.07129,14,32765
8.42963,2.36548,1.06692,14,32765
8.38007,2.32151,1.05956,13,32765
8.44539,2.30927,1.06535,14,32765
8.42418,2.27392,1.06141,16,32765
8.47964,2.25912,1.06662,15,32765
8.4487,2.22156,1.06021,14,32765
8.45594,2.19411,1.0597,14,32765
8.46326,2.16638,1.05831,14,32765
8.43192,2.129,1.05248,14,32765
8.43907,2.10141,1.0506,14,32765
8.38814,2.05971,1.04245,14,32765
8.40473,2.03417,1.04247,15,32765
8.40193,2.00391,1.04017,15,32765
8.37972,1.96903,1.03541,14,32765
8.29949,1.92065,1.02272,15,32765
8.30581,1.89316,1.02266,17,32765
8.64161,1.93968,1.06146,12,32765
8.52214,1.88348,1.04387,12,32765
8.5283,1.85595,1.0429,12,32765
8.53478,1.82752,1.04011,12,32765
8.56046,1.80299,1.0411,12,32765
8.25562,1.70943,1.00131,20,32765
8.30035,1.68969,1.00504,12,32765
8.27673,1.65659,1.00076,22,32765
8.19473,1.61207,0.987767,16,32765
8.25861,1.59655,0.993666,17,32765
8.30305,1.57659,0.996876,21,32765
8.30851,1.54886,0.994891,16,32765
8.22581,1.50542,0.982946,15,32765
8.27015,1.48465,0.985946,15,32765
8.23614,1.45028,0.979341,15,32765
8.28019,1.42961,0.983026,15,32765
8.24591,1.39551,0.976668,15,32765
8.18203,1.35717,0.966952,15,32765
8.23571,1.33783,0.97128,15,32765
8.2109,1.30557,0.96617,14,32765
8.33322,1.29604,0.978671,13,32765
8.35734,1.27102,0.979556,20,32765
8.342,1.24044,0.975958,21,32765
8.38564,1.21835,0.978532,20,32765
8.38978,1.19084,0.976951,24,32765
8.37416,1.15994,0.97372,21,32765
8.3978,1.13474,0.974772,21,32765
8.36238,1.10161,0.968101,20,32765
8.31687,1.06736,0.961232,19,32765
8.35,1.04398,0.963573,13,32765
8.32405,1.01288,0.958043,11,32765
8.4557,1.00096,0.97163,11,32765
0,0,0,14,32765
0,0,0,0,32765
0,0,0,15,32765
0,0,0,0,32765
39.9175,4.0541,4.55003,15,32765
39.7625,3.90606,4.53127,14,32765
0,0,0,0,32765
0,0,0,0,32765
0,0,0,14,32765
14.911,1.26709,1.69136,17,32765
14.9054,1.21648,1.68869,15,32765
14.7807,1.15656,1.67295,15,32765
14.8936,1.11643,1.68422,15,32765
14.8676,1.0654,1.67952,14,32765
14.9206,1.0207,1.68397,15,32765
14.8346,0.966926,1.67399,13,32765
14.9072,0.922641,1.6804,13,32765
0,0,0,0,32765
8.16597,0.452034,0.919487,17,32765
8.16739,0.425629,0.919458,21,32765
8.16874,0.399122,0.91938,21,32765
8.16997,0.372446,0.919652,25,32765
8.16121,0.34529,0.918646,21,32765
7.93391,0.309389,0.892983,16,32765
7.94474,0.283818,0.894751,16,32765
7.90583,0.256735,0.89081,17,32765
7.90649,0.230973,0.892006,17,32765
7.89729,0.204801,0.890669,16,32765
7.89789,0.1786,0.891037,16,32765
7.88839,0.152782,0.890821,16,32765
7.90862,0.127386,0.893961,16,32765
7.8791,0.101269,0.891309,17,32765
7.87922,0.0759057,0.892765,17,32765
7.85943,0.0500456,0.891588,17,32765
7.84943,0.024734,0.89213,16,32765
7.85925,-0.000552098,0.894603,17,32765
7.83906,-0.0253418,0.894741,17,32765
7.83874,-0.0502638,0.896504,17,32765
7.63964,-0.0742801,0.875504,16,32765
7.58926,-0.0988059,0.873438,16,32765
7.6518,2.48946,1.01223,31,32765
7.66997,2.46767,1.00828,31,32765
7.75447,2.46628,1.01271,30,32765
7.80084,2.45331,1.0128,30,32765
7.83746,2.43748,1.01286,30,32765
7.92176,2.43582,1.01732,30,32765
7.94904,2.41619,1.0157,30,32765
7.9954,2.40182,1.01632,30,32765
8.05105,2.39022,1.01929,30,32765
8.09737,2.37536,1.01995,31,32765
8.15299,2.36307,1.02329,32,32765
8.21843,2.35295,1.02619,26,32765
8.45588,2.3907,1.05126,13,32765
8.50243,2.37349,1.05227,13,32765
8.46286,2.33194,1.04289,13,32765
8.51878,2.31698,1.04597,13,32765
8.45007,2.26844,1.03274,14,32765
8.4962,2.251,1.03446,13,32765
8.50373,2.22367,1.03166,13,32765
8.5305,2.20126,1.03051,13,32765
8.48016,2.15889,1.02088,13,32765
8.42961,2.11706,1.01109,13,32765
8.43677,2.08961,1.00845,13,32765
8.44397,2.0621,1.00479,13,32765
8.46066,2.03648,1.00376,13,32765
8.39028,1.99008,0.992558,13,32765
8.38732,1.96031,0.98945,13,32765
8.35536,1.92339,0.982553,14,32765
8.36193,1.89585,0.98019,15,32765
8.61077,1.92221,1.00705,12,32765
8.61749,1.89368,1.00363,12,32765
8.69183,1.88007,1.00988,12,32765
8.55263,1.82008,0.989884,12,32765
8.4712,1.77375,0.978116,12,32765
8.2728,1.70381,0.952838,17,32765
8.35649,1.69219,0.960187,12,32765
8.23549,1.63949,0.944097,17,32765
8.23131,1.61024,0.941454,14,32765
8.23693,1.58294,0.938518,15,32765
8.30075,1.56678,0.944812,18,32765
8.29628,1.53784,0.941769,14,32765
8.26229,1.50368,0.935975,13,32765
8.18919,1.4622,0.925251,13,32765
8.24299,1.44373,0.930142,14,32765
8.27738,1.42136,0.931291,13,32765
8.25274,1.38864,0.927572,14,32765
8.24767,1.35955,0.925006,14,32765
8.23268,1.32861,0.921909,13,32765
8.19807,1.29466,0.915396,13,32765
8.30069,1.28236,0.925552,12,32765
8.30511,1.25447,0.924144,17,32765
8.34857,1.23281,0.928215,17,32765
8.3627,1.2062,0.927513,17,32765
8.39627,1.18263,0.93004,19,32765
8.3806,1.15236,0.926093,18,32765
8.37471,1.12312,0.923501,18,32765
8.38827,1.09682,0.924154,18,32765
8.38218,1.06751,0.92167,17,32765
8.29694,1.02887,0.911235,12,32765
0,0,0,0,32765
14.9096,1.74845,1.62963,12,32765
14.8561,1.69304,1.6221,14,32765
14.8816,1.64593,1.6226,16,32765
14.8081,1.58851,1.61169,14,32765
0,0,0,0,32765
0,0,0,0,32765
39.4149,3.83183,4.26756,15,32765
39.5178,3.70803,4.2663,14,32765
0,0,0,0,32765
0,0,0,0,32765
14.922,1.25049,1.6039,15,32765
14.9463,1.20262,1.60302,14,32765
14.8712,1.14645,1.5917,13,32765
14.8949,1.09898,1.59173,13,32765
14.8291,1.04575,1.58303,14,32765
14.9022,1.00215,1.58762,14,32765
14.985,0.959204,1.59411,12,32765
14.9883,0.910174,1.59106,11,32765
0,0,0,0,32765
8.19237,0.443825,0.866408,14,32765
8.2039,0.417477,0.865603,17,32765
8.14573,0.388233,0.858088,18,32765
8.16705,0.362464,0.85809,17,32765
8.14852,0.334822,0.854113,17,32765
7.98078,0.301573,0.834888,14,32765
7.93221,0.273415,0.828023,14,32765
7.93328,0.247452,0.825947,15,32765
7.9342,0.221664,0.824441,14,32765
7.935,0.195776,0.82334,14,32765
7.93585,0.170061,0.820871,14,32765
7.92657,0.14412,0.81829,15,32765
7.92721,0.118811,0.816197,15,32765
7.90791,0.0931453,0.811701,15,32765
7.91839,0.0682812,0.809938,14,32765
7.859,0.0429317,0.802668,15,32765
7.84947,0.0169854,0.798538,15,32765
7.8497,-0.00859855,0.796344,15,32765
7.83004,-0.0339267,0.791352,15,32765
7.90978,-0.0587293,0.796512,15,32765
7.691,-0.0809482,0.771316,15,32765
7.60151,-0.10441,0.758799,15,32765
7.64994,2.49276,0.935209,38,32765
7.687,2.47702,0.933462,40,32765
7.75264,2.46956,0.934853,37,32765
7.78954,2.45359,0.933429,37,32765
7.85463,2.44663,0.936606,37,32765
7.90102,2.43323,0.9358,37,32765
7.9568,2.42231,0.93736,36,32765
7.97464,2.39931,0.934262,35,32765
8.03984,2.3906,0.937877,36,32765
8.07663,2.37295,0.937055,37,32765
8.13228,2.36071,0.939939,38,32765
8.19774,2.35064,0.942286,38,32765
8.40669,2.38045,0.961833,15,32765
8.47237,2.36873,0.964659,14,32765
8.45188,2.33249,0.957933,13,32765
8.44069,2.29925,0.95297,14,32765
8.50624,2.287,0.955617,17,32765
8.45635,2.24385,0.946193,15,32765
8.46385,2.21659,0.943396,14,32765
8.47133,2.1893,0.939944,14,32765
8.45942,2.15686,0.935149,14,32765
8.50522,2.13926,0.936549,14,32765
8.41594,2.08758,0.923289,14,32765
8.46175,2.06953,0.923859,14,32765
8.38179,2.0205,0.912208,15,32765
8.39835,1.99495,0.911219,16,32765
8.35665,1.95603,0.904012,15,32765
8.33432,1.92137,0.898541,16,32765
8.31178,1.88724,0.893056,20,32765
8.3764,1.87262,0.897814,14,32765
8.44121,1.85764,0.900708,12,32765
8.50577,1.84249,0.905297,12,32765
8.42465,1.79543,0.892957,12,32765
8.45987,1.77392,0.894407,12,32765
8.28075,1.70788,0.873153,18,32765
8.27678,1.67843,0.870521,13,32765
8.23365,1.64144,0.863851,19,32765
8.2197,1.61023,0.860278,18,32765
8.27415,1.59232,0.862437,17,32765
8.26964,1.56307,0.86104,23,32765
8.30426,1.54144,0.862159,17,32765
8.28982,1.51076,0.858766,16,32765
8.24603,1.47436,0.851819,15,32765
8.26073,1.4488,0.852192,16,32765
8.25593,1.41958,0.84902,15,32765
8.24107,1.38853,0.84659,15,32765
8.21636,1.35618,0.842107,15,32765
8.24062,1.33163,0.84322,15,32765
8.25511,1.30536,0.842091,15,32765
8.26936,1.27917,0.842289,13,32765
8.34263,1.26174,0.847885,19,32765
8.32711,1.23119,0.845581,21,32765
8.38062,1.2103,0.848778,21,32765
8.40438,1.18524,0.850024,25,32765
8.39855,1.15624,0.847257,22,32765
8.40251,1.12821,0.845748,21,32765
8.3865,1.09789,0.843328,22,32765
8.32118,1.06099,0.834994,21,32765
14.9311,1.85368,1.49642,17,32765
14.908,1.80052,1.48969,46,32765
14.8647,1.74513,1.48205,107,32765
14.8309,1.69202,1.47705,109,32765
14.8366,1.64272,1.4754,109,32765
14.8916,1.59915,1.47802,107,32765
14.9169,1.55164,1.47809,22,32765
0,0,0,0,32765
0,0,0,0,32765
0,0,0,0,32765
40.3414,3.65451,3.96258,14,32765
40.0861,3.49697,3.93169,15,32765
14.8967,1.24942,1.45869,16,32765
14.9308,1.20235,1.4586,15,32765
14.806,1.1423,1.4432,14,32765
14.8496,1.09643,1.44497,15,32765
14.8532,1.04815,1.44369,15,32765
14.8966,1.00238,1.44473,16,32765
14.8999,0.954286,1.44278,14,32765
14.8238,0.900617,1.43207,13,32765
16.2481,0.933851,1.56539,11,32765
8.17034,0.442776,0.786106,15,32765
8.18186,0.416453,0.785211,21,32765
8.17334,0.389598,0.783027,22,32765
8.17477,0.362809,0.780933,22,32765
8.14626,0.334685,0.776194,21,32765
7.99825,0.302142,0.760458,16,32765
7.90982,0.272506,0.750283,18,32765
7.92082,0.246881,0.749154,18,32765
7.92173,0.221086,0.747651,17,32765
7.92251,0.195192,0.746552,16,32765
7.92333,0.169472,0.744087,17,32765
7.89412,0.143165,0.739736,17,32765
7.91465,0.118212,0.739513,17,32765
7.8953,0.0925427,0.735209,18,32765
7.8759,0.0674183,0.730586,17,32765
7.87618,0.0424841,0.729418,17,32765
7.83674,0.016374,0.722621,17,32765
7.85687,-0.00923728,0.722262,18,32765
7.83715,-0.0346313,0.717455,17,32765
7.83727,-0.0589073,0.714598,18,32765
7.66805,-0.0814491,0.696017,17,32765
7.60832,-0.105283,0.687055,16,32765
7.64124,2.49593,0.81738,32,32765
7.69655,2.48662,0.822688,33,32765
7.72339,2.4679,0.825397,29,32765
7.77874,2.45792,0.830514,22,32765
7.84368,2.45028,0.836869,30,32765
7.87072,2.43053,0.838288,29,32765
7.93551,2.42279,0.844632,29,32765
7.98125,2.40912,0.848637,28,32765
8.03683,2.39762,0.851885,29,32765
8.06377,2.3769,0.85349,29,32765
8.11933,2.36404,0.858948,31,32765
8.17505,2.35127,0.861753,32,32765
8.38373,2.38155,0.882547,13,32765
8.51603,2.38919,0.895025,13,32765
8.31301,2.30293,0.871335,12,32765
8.49322,2.32314,0.889254,13,32765
8.46254,2.28511,0.883087,14,32765
8.54709,2.27744,0.8903,13,32765
8.53558,2.24376,0.88671,13,32765
8.4564,2.19277,0.87718,13,32765
8.46384,2.1645,0.875644,13,32765
8.45155,2.13235,0.872913,13,32765
8.45865,2.10486,0.870862,13,32765
8.42685,2.06805,0.865856,13,32765
8.39504,2.03127,0.860068,13,32765
8.38252,1.99878,0.856666,14,32765
8.40858,1.97547,0.857756,13,32765
8.39591,1.94285,0.854217,14,32765
8.34428,1.90167,0.846594,17,32765
8.35062,1.87401,0.845689,12,32765
8.40565,1.85695,0.848105,12,32765
8.50906,1.85055,0.856697,12,32765
8.43749,1.80559,0.847018,12,32765
8.37533,1.76341,0.839132,12,32765
8.28382,1.71561,0.827599,16,32765
8.27015,1.68387,0.824354,13,32765
8.27587,1.65617,0.823133,18,32765
8.23284,1.61837,0.81616,16,32765
8.23842,1.59076,0.81412,16,32765
8.31223,1.57646,0.819524,18,32765
8.27837,1.5415,0.814792,14,32765
8.28358,1.5146,0.812304,14,32765
8.2104,1.47303,0.802412,14,32765
8.25462,1.45289,0.804253,14,32765
8.25952,1.42554,0.802835,14,32765
8.2644,1.39784,0.801336,14,32765
8.22982,1.36395,0.796364,14,32765
8.18536,1.32849,0.789889,13,32765
8.20951,1.3042,0.790924,13,32765
8.31239,1.29193,0.798461,12,32765
8.36598,1.27153,0.802198,17,32765
8.35057,1.24052,0.799635,18,32765
8.39431,1.21839,0.800894,16,32765
8.3787,1.18815,0.797271,19,32765
8.39259,1.1616,0.797024,18,32765
8.38666,1.13227,0.794925,18,32765
8.37081,1.10157,0.791497,18,32765
8.35493,1.07087,0.787353,18,32765
8.37823,1.04585,0.78856,13,32765
15.0534,1.82919,1.41472,12,32765
14.8717,1.75779,1.3942,16,32765
14.9172,1.71384,1.39484,16,32765
14.923,1.66435,1.39279,14,32765
14.9089,1.61289,1.38862,12,32765
0,0,0,0,32765
0,0,0,0,32765
0,0,0,0,32765
0,0,0,0,32765
0,0,0,0,32765
0,0,0,0,32765
14.9035,1.26408,1.37378,16,32765
14.9077,1.2158,1.37241,14,32765
14.8721,1.16335,1.36697,14,32765
14.8758,1.115,1.36705,13,32765
14.9192,1.06904,1.36935,14,32765
14.9029,1.01836,1.36585,14,32765
14.8863,0.968449,1.36422,13,32765
14.9292,0.922073,1.36734,12,32765
0,0,0,0,32765
8.24305,0.455058,0.754378,14,32765
8.22462,0.42684,0.752583,18,32765
8.1663,0.397122,0.746982,18,32765
8.15758,0.369814,0.746422,18,32765
8.13889,0.342383,0.744119,18,32765
8.03049,0.311517,0.734249,14,32765
7.9916,0.284105,0.731068,15,32765
7.9526,0.257017,0.728165,15,32765
7.94337,0.230728,0.728052,14,32765
7.92419,0.204111,0.726015,15,32765
7.91477,0.177869,0.726101,15,32765
7.91522,0.151851,0.727191,15,32765
7.93549,0.126426,0.729985,15,32765
7.93585,0.100553,0.730106,15,32765
7.91604,0.0746389,0.730251,15,32765
7.91619,0.0490887,0.730771,15,32765
7.87632,0.0232173,0.728787,15,32765
7.91596,-0.00203036,0.734912,15,32765
7.84612,-0.0275989,0.729396,14,32765
7.85574,-0.0527799,0.732565,15,32765
7.68608,-0.0763115,0.718845,15,32765
7.62577,-0.100391,0.716299,15,32765
7.64693,2.50217,0.741626,39,32765
7.68336,2.48669,0.744626,41,32765
7.71023,2.46799,0.747145,37,32765
7.77514,2.46105,0.752708,37,32765
7.81164,2.44449,0.75574,36,32765
7.88624,2.43952,0.761564,36,32765
7.92256,2.42299,0.764587,37,32765
7.95881,2.40646,0.767295,35,32765
8.0335,2.40072,0.77191,36,32765
8.07003,2.38279,0.774242,35,32765
8.12566,2.3699,0.779229,37,32765
8.16229,2.35157,0.779732,41,32765
8.25621,2.34928,0.787591,20,32765
8.45562,2.37623,0.805247,13,32765
8.44431,2.34322,0.801853,14,32765
8.45191,2.3157,0.80168,15,32765
8.49808,2.29853,0.803165,18,32765
8.46728,2.25992,0.79873,15,32765
8.39791,2.21122,0.789905,15,32765
8.48243,2.20314,0.796615,14,32765
8.45131,2.16485,0.791457,14,32765
8.4197,2.12779,0.787108,14,32765
8.40745,2.09553,0.783262,14,32765
8.40461,2.06594,0.781333,15,32765
8.39211,2.03385,0.777717,15,32765
8.40864,2.00825,0.777186,16,32765
8.36689,1.96884,0.771824,15,32765
8.34447,1.93405,0.767585,16,32765
8.34132,1.90403,0.764987,24,32765
8.42542,1.8938,0.771196,13,32765
8.38329,1.85495,0.764252,13,32765
8.52569,1.8571,0.775448,13,32765
8.35669,1.79111,0.757684,13,32765
8.40164,1.77172,0.760163,13,32765
8.30032,1.72171,0.748682,17,32765
8.29641,1.69184,0.746499,14,32765
8.23378,1.6503,0.739135,21,32765
8.23955,1.62218,0.737012,22,32765
8.24514,1.5945,0.734968,20,32765
8.28965,1.57458,0.737102,25,32765
8.30472,1.54876,0.737092,18,32765
8.29034,1.51813,0.732862,15,32765
8.26613,1.48527,0.728036,16,32765
8.27116,1.45798,0.726041,16,32765
8.22699,1.42204,0.720321,16,32765
8.23185,1.3944,0.718827,16,32765
8.20705,1.36218,0.71509,15,32765
8.17237,1.32832,0.709943,16,32765
8.23589,1.31029,0.714203,14,32765
8.2798,1.28872,0.715687,13,32765
8.32357,1.2669,0.718108,20,32765
8.3377,1.24036,0.718282,23,32765
8.39131,1.21968,0.720014,20,32765
8.41514,1.19499,0.719955,25,32765
8.38957,1.16279,0.716236,22,32765
8.35401,1.12941,0.711707,22,32765
8.3974,1.10658,0.713509,22,32765
8.36175,1.07319,0.70787,22,32765
8.29608,1.03697,0.701365,13,32765
0,0,0,0,32765
0,0,0,0,32765
14.7017,1.69125,1.23404,12,32765
14.8559,1.65897,1.24445,12,32765
0,0,0,0,32765
0,0,0,0,32765
0,0,0,0,32765
0,0,0,0,32765
0,0,0,0,32765
0,0,0,11,32765
0,0,0,0,32765
14.9057,1.26562,1.23181,17,32765
14.8999,1.21643,1.22961,15,32765
14.904,1.16702,1.22783,15,32765
14.868,1.1155,1.22463,16,32765
14.8121,1.06234,1.21838,16,32765
14.8355,1.01464,1.21834,16,32765
14.9481,0.973273,1.22752,13,32765
14.9215,0.922301,1.22455,13,32765
0,0,0,0,32765
8.18012,0.451868,0.670755,15,32765
8.17161,0.424321,0.669963,21,32765
8.17296,0.397628,0.669822,21,32765
8.1742,0.370698,0.670173,21,32765
8.17541,0.343999,0.669688,20,32765
8.02709,0.311414,0.657588,17,32765
7.91846,0.281484,0.649068,18,32765
7.94915,0.256834,0.652256,17,32765
7.92,0.229929,0.650601,17,32765
7.9008,0.203339,0.648752,17,32765
7.88142,0.1769,0.64811,17,32765
7.92173,0.151706,0.652478,17,32765
7.91214,0.125735,0.65262,18,32765
7.8826,0.0995115,0.650274,18,32765
7.88272,0.0739076,0.652243,17,32765
7.87291,0.0483554,0.651936,18,32765
7.86292,0.0226636,0.652801,17,32765
7.87271,-0.00258367,0.656055,19,32765
7.86262,-0.0282698,0.656182,17,32765
7.87226,-0.0535538,0.659262,18,32765
7.67258,-0.0768716,0.644633,17,32765
7.61225,-0.100951,0.642646,16,32765
7.64713,2.49292,0.770168,33,32765
7.67472,2.47406,0.766675,33,32765
7.72119,2.46144,0.764273,31,32765
7.7674,2.44874,0.763863,30,32765
7.83266,2.44162,0.765162,31,32765
7.86957,2.4248,0.763607,31,32765
7.95409,2.42234,0.766316,30,32765
7.97188,2.39941,0.762578,29,32765
8.01811,2.38505,0.762537,29,32765
8.06433,2.37032,0.762704,30,32765
8.1299,2.36032,0.763948,30,32765
8.19534,2.35017,0.765928,35,32765
8.26079,2.33971,0.767776,16,32765
8.43172,2.35854,0.779407,13,32765
8.44917,2.33396,0.777239,12,32765
8.5245,2.32458,0.778496,14,32765
8.52262,2.29421,0.775306,16,32765
8.5208,2.26365,0.7709,14,32765
8.47068,2.22027,0.762926,13,32765
8.44936,2.18488,0.756466,13,32765
8.48577,2.16423,0.756271,13,32765
8.42536,2.11959,0.747735,13,32765
8.47115,2.10186,0.747966,13,32765
8.50725,2.08129,0.747646,13,32765
8.38826,2.02327,0.734257,13,32765
8.39522,1.99545,0.730807,14,32765
8.40182,1.96805,0.729283,13,32765
8.35991,1.92908,0.722914,14,32765
8.33738,1.89475,0.717261,20,32765
8.43122,1.88685,0.72334,12,32765
8.43775,1.85874,0.719991,12,32765
8.483,1.83924,0.721132,12,32765
8.41129,1.79447,0.71206,12,32765
8.41734,1.76627,0.711028,12,32765
8.28671,1.71023,0.696846,16,32765
8.29253,1.68234,0.695509,14,32765
8.22005,1.63926,0.686823,17,32765
8.19622,1.60639,0.682584,18,32765
8.24081,1.58658,0.684302,18,32765
8.2755,1.56487,0.685439,20,32765
8.30046,1.54079,0.685059,16,32765
8.29576,1.51171,0.683148,14,32765
8.30081,1.48404,0.682464,14,32765
8.28628,1.453,0.678141,14,32765
8.22239,1.41378,0.671164,14,32765
8.1977,1.38129,0.667378,14,32765
8.24174,1.36085,0.667981,14,32765
8.21681,1.32868,0.664128,13,32765
8.22122,1.30144,0.663577,13,32765
8.24527,1.27721,0.664228,12,32765
8.34827,1.26411,0.670326,17,32765
8.32302,1.23133,0.666856,20,32765
8.38645,1.21178,0.670175,17,32765
8.41024,1.18614,0.671862,20,32765
8.39449,1.15553,0.668813,18,32765
8.41822,1.13014,0.668463,17,32765
8.38239,1.09714,0.664946,18,32765
8.34648,1.06458,0.660681,18,32765
8.35992,1.03826,0.660495,13,32765
0,0,0,0,32765
0,0,0,0,32765
0,0,0,0,32765
14.9234,1.65266,1.1682,12,32765
0,0,0,0,32765
0,0,0,0,32765
0,0,0,0,32765
0,0,0,0,32765
0,0,0,0,32765
0,0,0,0,32765
0,0,0,0,32765
14.9238,1.25098,1.14687,15,32765
14.9083,1.20046,1.14147,13,32765
14.8823,1.14983,1.13822,14,32765
14.8961,1.10176,1.13691,14,32765
14.9197,1.05463,1.13617,14,32765
14.8737,1.00181,1.12748,14,32765
14.8971,0.953886,1.12639,13,32765
14.9302,0.906539,1.12628,12,32765
15.66,0.898476,1.17882,14,32765
8.20498,0.443854,0.615605,13,32765
8.18658,0.41598,0.612617,18,32765
8.18801,0.389197,0.611044,17,32765
8.1694,0.361734,0.608328,18,32765
8.17064,0.335384,0.606747,18,32765
8.0323,0.303645,0.594643,15,32765
7.94365,0.274125,0.586668,15,32765
7.96465,0.248552,0.585436,15,32765
7.92565,0.221267,0.580995,15,32765
7.88663,0.194379,0.575685,15,32765
7.92718,0.169808,0.577505,15,32765
7.88795,0.143487,0.572487,15,32765
7.94835,0.118969,0.574871,15,32765
7.8691,0.0923369,0.566466,15,32765
7.88938,0.0671184,0.566795,16,32765
7.94957,0.0421041,0.568729,16,32765
7.88005,0.0164017,0.560778,17,32765
7.84031,-0.00882847,0.555953,16,32765
7.83048,-0.033763,0.552162,15,32765
7.87042,-0.0591284,0.552335,16,32765
7.70086,-0.0828585,0.536949,15,32765
7.62096,-0.106534,0.528411,14,32765
7.63342,2.49292,0.692659,39,32765
7.67046,2.47713,0.689838,40,32765
7.72642,2.46754,0.687906,39,32765
7.76316,2.4518,0.686275,37,32765
7.81893,2.44171,0.686176,38,32765
7.90344,2.4396,0.688491,37,32765
7.93083,2.41959,0.685484,38,32765
7.97722,2.40532,0.684117,37,32765
8.01392,2.38806,0.682881,37,32765
8.06016,2.37332,0.682671,37,32765
8.12575,2.36332,0.683351,38,32765
8.18165,2.35042,0.683967,41,32765
8.22793,2.33455,0.68366,26,32765
8.40854,2.35623,0.694499,14,32765
8.41636,2.32902,0.691454,13,32765
8.46284,2.31185,0.689718,15,32765
8.50903,2.2946,0.690542,18,32765
8.50718,2.26402,0.686233,15,32765
8.44737,2.21806,0.67805,14,32765
8.41635,2.18016,0.67111,14,32765
8.42377,2.15218,0.668342,14,32765
8.43094,2.1247,0.665825,14,32765
8.41869,2.09249,0.661115,15,32765
8.42572,2.06493,0.658259,15,32765
8.42289,2.03515,0.655159,15,32765
8.40077,2.00024,0.649443,16,32765
8.37825,1.96593,0.64567,15,32765
8.31687,1.92246,0.638284,17,32765
8.34289,1.89927,0.636637,26,32765
8.38815,1.88044,0.638165,15,32765
8.40438,1.85456,0.635568,14,32765
8.44963,1.83514,0.636339,14,32765
8.41685,1.79872,0.630951,14,32765
8.36436,1.75813,0.625536,14,32765
8.36057,1.7284,0.622133,16,32765
8.28826,1.68432,0.614981,15,32765
8.31353,1.6607,0.614274,18,32765
8.24081,1.61784,0.606691,29,32765
8.2267,1.58651,0.603711,25,32765
8.281,1.56852,0.606,27,32765
8.28636,1.54073,0.603999,21,32765
8.25223,1.50626,0.600042,16,32765
8.25726,1.47868,0.59936,16,32765
8.23286,1.446,0.594529,16,32765
8.2377,1.41873,0.593172,16,32765
8.24251,1.39109,0.591782,16,32765
8.20787,1.35745,0.586369,16,32765
8.24199,1.3349,0.58701,15,32765
8.1873,1.29814,0.582252,14,32765
8.29021,1.28622,0.588314,13,32765
8.32426,1.26248,0.588578,19,32765
8.33846,1.23556,0.588177,25,32765
8.38219,1.21306,0.589539,20,32765
8.41588,1.18878,0.591731,27,32765
8.41989,1.16082,0.590253,22,32765
8.40409,1.12997,0.586946,21,32765
8.40781,1.10214,0.586565,22,32765
8.35209,1.0669,0.581294,22,32765
8.33584,1.03682,0.57895,15,32765
0,0,0,0,32765
0,0,0,0,32765
14.9972,1.71325,1.03303,11,32765
14.8144,1.64296,1.01835,13,32765
0,0,0,0,32765
0,0,0,0,32765
41.1462,4.14749,2.809,16,32765
41.1408,4.00721,2.7974,16,32765
0,0,0,0,32765
41.1974,3.73262,2.78752,14,32765
0,0,0,0,32765
14.9537,1.25509,1.00689,16,32765
14.8784,1.19956,0.997666,16,32765
14.8624,1.1497,0.995364,15,32765
14.8463,1.09939,0.991973,15,32765
14.8699,1.05233,0.991051,15,32765
14.9433,1.00763,0.990764,16,32765
14.897,0.954911,0.984864,13,32765
14.94,0.908078,0.98513,14,32765
15.9294,0.914828,1.04784,12,32765
8.17053,0.4424,0.535453,14,32765
8.182,0.416106,0.534613,21,32765
8.20336,0.390233,0.534339,21,32765
8.21463,0.363993,0.533752,22,32765
8.19593,0.336627,0.530871,22,32765
8.0874,0.30588,0.522009,18,32765
7.94882,0.274403,0.511662,18,32765
7.93989,0.247829,0.508325,20,32765
7.9208,0.221131,0.505538,18,32765
7.92164,0.195192,0.503141,18,32765
7.89236,0.168963,0.500153,18,32765
7.90298,0.143613,0.49867,18,32765
7.90353,0.118101,0.496722,19,32765
7.90403,0.0925021,0.494075,18,32765
7.8844,0.0667825,0.491722,18,32765
7.90468,0.0415238,0.490615,19,32765
7.88499,0.0160225,0.486419,19,32765
7.88513,-0.0093169,0.484422,18,32765
7.87527,-0.0344408,0.480708,17,32765
7.85531,-0.0595462,0.476854,18,32765
7.66565,-0.0830449,0.461872,17,32765
7.61562,-0.107067,0.455894,17,32765
7.64052,2.50093,0.57568,32,32765
7.68631,2.4889,0.579646,33,32765
7.7132,2.47046,0.581195,32,32765
7.74957,2.45469,0.584094,32,32765
7.80515,2.44431,0.587389,31,32765
7.87036,2.43623,0.591488,31,32765
7.907,2.4192,0.592349,31,32765
7.97193,2.41138,0.596779,30,32765
8.01795,2.39708,0.598883,29,32765
8.05432,2.37976,0.600884,30,32765
8.10056,2.36431,0.60212,30,32765
8.15636,2.35124,0.604554,32,32765
8.24089,2.34631,0.60888,23,32765
8.49813,2.38976,0.627149,13,32765
8.4483,2.3458,0.622554,13,32765
8.5138,2.33365,0.625882,14,32765
8.49275,2.29758,0.621827,16,32765
8.49078,2.26683,0.619799,13,32765
8.45003,2.2263,0.614955,13,32765
8.45725,2.19881,0.614673,13,32765
8.46461,2.17096,0.61226,13,32765
8.47175,2.14333,0.61092,13,32765
8.47877,2.11576,0.609628,13,32765
8.40825,2.06893,0.602796,14,32765
8.41511,2.04121,0.60153,14,32765
8.35409,1.99675,0.595276,14,32765
8.4289,1.9846,0.597844,13,32765
8.3384,1.93386,0.589603,16,32765
8.31575,1.89914,0.586524,23,32765
8.36109,1.88023,0.587359,14,32765
8.43567,1.8672,0.590486,14,32765
8.41271,1.83265,0.587003,14,32765
8.3409,1.78772,0.579609,14,32765
8.29815,1.74951,0.574393,16,32765
8.27465,1.71586,0.571699,16,32765
8.24141,1.68008,0.566914,16,32765
8.23733,1.65049,0.564546,20,32765
8.24291,1.62307,0.562643,27,32765
8.23855,1.59388,0.560306,22,32765
8.29283,1.57612,0.562477,23,32765
8.30806,1.55001,0.56078,17,32765
8.3035,1.52056,0.558072,14,32765
8.30868,1.49255,0.556492,14,32765
8.27438,1.45792,0.55266,14,32765
8.24001,1.42348,0.548062,14,32765
8.2645,1.39907,0.548362,14,32765
8.24958,1.36815,0.545012,14,32765
8.23449,1.33747,0.542173,14,32765
8.23905,1.30971,0.540697,14,32765
8.33216,1.29631,0.545099,12,32765
8.32666,1.26697,0.543199,19,32765
8.38027,1.24693,0.544396,20,32765
8.36475,1.21602,0.541418,17,32765
8.40844,1.19361,0.541764,21,32765
8.40262,1.16385,0.539825,18,32765
8.40665,1.13543,0.537621,18,32765
8.38077,1.1036,0.534492,17,32765
8.36468,1.07334,0.531623,18,32765
8.36824,1.04612,0.529851,13,32765
0,0,0,0,32765
0,0,0,0,32765
0,0,0,0,32765
14.8591,1.65648,0.929506,12,32765
0,0,0,0,32765
0,0,0,0,32765
0,0,0,0,32765
0,0,0,0,32765
41.0874,3.89646,2.54262,14,32765
0,0,0,0,32765
0,0,0,0,32765
14.9779,1.27091,0.922091,14,32765
14.9423,1.21818,0.919314,13,32765
14.9263,1.16731,0.917307,13,32765
14.8607,1.11221,0.910111,13,32765
14.9537,1.07052,0.916402,14,32765
14.8877,1.01613,0.909303,15,32765
14.9606,0.971926,0.914693,14,32765
14.9239,0.920615,0.91061,13,32765
16.2023,0.946105,0.988535,12,32765
8.25217,0.454742,0.503226,13,32765
8.17388,0.423519,0.498262,18,32765
8.23503,0.399823,0.502079,18,32765
8.17647,0.370375,0.498138,18,32765
8.1577,0.342846,0.496749,19,32765
8.049,0.312243,0.490904,17,32765
7.93031,0.281075,0.483444,16,32765
7.94121,0.255011,0.483414,17,32765
7.892,0.227569,0.482327,16,32765
7.93263,0.202907,0.484535,15,32765
7.93317,0.177255,0.485756,15,32765
7.89374,0.150591,0.483954,16,32765
7.93405,0.125306,0.487421,16,32765
7.8745,0.0984814,0.484369,16,32765
7.84476,0.0726728,0.483791,16,32765
7.90477,0.0480454,0.488502,17,32765
7.84491,0.0226489,0.486328,17,32765
7.88484,-0.00290365,0.489106,17,32765
7.86464,-0.0285011,0.490996,15,32765
7.84443,-0.053959,0.491561,16,32765
7.68435,-0.0778026,0.484546,15,32765
7.66396,-0.102539,0.485444,15,32765
7.60593,2.49454,0.497481,37,32765
7.65175,2.4826,0.501062,36,32765
7.68814,2.46729,0.503042,39,32765
7.74357,2.45761,0.506898,39,32765
7.80871,2.45022,0.510343,39,32765
7.83585,2.43029,0.511386,38,32765
7.90112,2.42212,0.51383,37,32765
7.95655,2.41141,0.517072,39,32765
8.00259,2.39713,0.518798,37,32765
8.04857,2.38266,0.521134,38,32765
8.09484,2.3672,0.521992,38,32765
8.15068,2.35413,0.523954,40,32765
8.22565,2.34647,0.526911,37,32765
8.41578,2.37114,0.53843,15,32765
8.42357,2.34341,0.538085,13,32765
8.47948,2.32868,0.540236,15,32765
8.47766,2.29786,0.537689,18,32765
8.51426,2.27742,0.538193,15,32765
8.47352,2.23672,0.533812,15,32765
8.46146,2.20407,0.532311,15,32765
8.46884,2.17615,0.529893,15,32765
8.41794,2.13373,0.52493,15,32765
8.42493,2.10627,0.523644,14,32765
8.36403,2.0619,0.518169,14,32765
8.40967,2.0437,0.519304,15,32765
8.37774,2.00614,0.515498,15,32765
8.39432,1.98014,0.513831,16,32765
8.37183,1.94521,0.510685,18,32765
8.3492,1.91031,0.507882,22,32765
8.32642,1.8759,0.504202,23,32765
8.30356,1.84134,0.500797,23,32765
8.29025,1.80929,0.498203,23,32765
8.25735,1.77307,0.493923,23,32765
8.26336,1.74536,0.492101,23,32765
8.26917,1.71785,0.491433,23,32765
8.25546,1.68601,0.488181,22,32765
8.2416,1.65434,0.485325,21,32765
8.24718,1.62685,0.483419,20,32765
8.27224,1.60329,0.482889,18,32765
8.25792,1.57231,0.480587,19,32765
8.2535,1.5426,0.477669,16,32765
8.25872,1.51507,0.475632,16,32765
8.25406,1.48538,0.473495,17,32765
8.28854,1.46301,0.473981,16,32765
8.22463,1.42335,0.468075,16,32765
8.26882,1.40228,0.469303,16,32765
8.19479,1.36146,0.462802,16,32765
8.2388,1.34052,0.463486,16,32765
8.22364,1.30955,0.460902,16,32765
8.20827,1.27926,0.458398,13,32765
8.33103,1.26983,0.463752,22,32765
8.3254,1.24091,0.461193,27,32765
8.34937,1.21588,0.460594,20,32765
8.38318,1.19206,0.460023,26,32765
8.36746,1.16096,0.457639,22,32765
8.40115,1.13662,0.457059,21,32765
8.40495,1.10866,0.455822,21,32765
8.36905,1.07571,0.452066,20,32765
8.35279,1.04594,0.449226,17,32765
8.36612,1.01961,0.449549,11,32765
0,0,0,0,32765
15.0297,1.72921,0.801008,11,32765
14.8867,1.66226,0.789504,13,32765
0,0,0,0,32765
0,0,0,0,32765
0,0,0,0,32765
0,0,0,0,32765
40.92,3.88663,2.14333,13,32765
40.903,3.74859,2.13865,13,32765
0,0,0,0,32765
14.9062,1.26673,0.776118,15,32765
14.9302,1.219,0.776826,15,32765
14.8744,1.16495,0.772937,14,32765
14.8386,1.11214,0.767955,14,32765
14.9018,1.0683,0.771848,15,32765
14.8855,1.01738,0.767988,15,32765
14.9485,0.972443,0.772202,15,32765
14.9517,0.92353,0.770552,15,32765
8.28488,0.48439,0.426944,11,32765
8.21663,0.453334,0.423188,13,32765
8.18816,0.424752,0.421544,21,32765
8.19947,0.398536,0.422228,21,32765
8.17081,0.370502,0.420393,21,32765
8.18196,0.344195,0.420731,22,32765
8.0832,0.313841,0.416439,20,32765
7.92452,0.281083,0.408053,20,32765
7.92545,0.254664,0.407415,18,32765
7.92614,0.228658,0.409373,19,32765
7.89691,0.202045,0.407597,18,32765
7.92741,0.177125,0.410362,18,32765
7.87799,0.150236,0.408419,18,32765
7.91833,0.12495,0.411508,17,32765
7.89869,0.0986233,0.411099,18,32765
7.86895,0.072684,0.410807,19,32765
7.82914,0.0473226,0.40973,19,32765
7.88909,0.0224591,0.414401,20,32765
7.88911,-0.00327478,0.414704,19,32765
7.8789,-0.0289763,0.417314,17,32765
7.89864,-0.0548098,0.420196,17,32765
7.68857,-0.0783632,0.412033,17,32765
7.60828,-0.102358,0.409894,16,32765
7.61609,2.48965,0.527069,31,32765
7.67189,2.48055,0.52475,32,32765
7.71834,2.46756,0.522214,33,32765
7.75536,2.4511,0.518674,31,32765
7.80147,2.43832,0.517467,31,32765
7.85724,2.42806,0.515584,31,32765
7.89398,2.41139,0.512953,30,32765
7.97838,2.40904,0.51424,31,32765
8.00566,2.38851,0.511302,30,32765
8.06144,2.37667,0.510847,33,32765
8.09822,2.35843,0.509072,33,32765
8.15416,2.34556,0.507992,34,32765
8.20038,2.32979,0.507448,31,32765
8.46779,2.37541,0.51972,14,32765
8.45658,2.3422,0.514192,13,32765
8.45483,2.31166,0.510315,15,32765
8.50109,2.29442,0.509449,16,32765
8.49908,2.26402,0.505961,14,32765
8.54529,2.24632,0.504652,13,32765
8.5528,2.21815,0.501934,13,32765
8.47325,2.16752,0.493399,13,32765
8.44178,2.12996,0.487888,13,32765
8.41,2.09307,0.483044,13,32765
8.38789,2.0584,0.478297,13,32765
8.34624,2.0192,0.472301,13,32765
8.33368,1.98662,0.468517,13,32765
8.389,1.97024,0.46875,15,32765
8.40537,1.94457,0.466963,14,32765
8.38271,1.91008,0.462457,13,32765
8.38906,1.88253,0.460317,13,32765
8.41489,1.859,0.45901,13,32765
8.40163,1.82679,0.455636,14,32765
8.36868,1.79053,0.451861,14,32765
8.35523,1.75817,0.448931,13,32765
8.3807,1.73446,0.447738,14,32765
8.31805,1.69255,0.441909,13,32765
8.32379,1.66472,0.439556,13,32765
8.3098,1.6331,0.43653,13,32765
8.32516,1.60697,0.435324,14,32765
8.3012,1.5732,0.432193,14,32765
8.33595,1.55091,0.432199,14,32765
8.31158,1.5182,0.429383,14,32765
8.27733,1.48377,0.424977,14,32765
8.28225,1.4564,0.423809,14,32765
8.24784,1.42181,0.419599,14,32765
8.25264,1.39407,0.418321,14,32765
8.23755,1.3632,0.417259,14,32765
8.26194,1.33875,0.415422,14,32765
8.21709,1.30348,0.41151,14,32765
8.19181,1.27167,0.40886,13,32765
8.33431,1.26513,0.415057,19,32765
8.3583,1.2403,0.41479,22,32765
8.37241,1.21332,0.414082,17,32765
8.43585,1.19366,0.415318,22,32765
8.41019,1.1612,0.412648,19,32765
8.38443,1.12901,0.409396,17,32765
8.3882,1.10114,0.408071,17,32765
8.40181,1.07425,0.407347,18,32765
8.38554,1.04384,0.405862,15,32765
8.49813,1.02933,0.408853,11,32765
0,0,0,0,32765
0,0,0,0,32765
14.9511,1.66066,0.714723,12,32765
0,0,0,0,32765
0,0,0,0,32765
0,0,0,0,32765
0,0,0,0,32765
0,0,0,15,32765
0,0,0,0,32765
0,0,0,0,32765
14.9115,1.25398,0.689866,14,32765
14.9156,1.20456,0.687693,14,32765
14.8897,1.15329,0.684835,15,32765
14.9135,1.10585,0.681949,14,32765
14.8972,1.05561,0.678721,14,32765
14.9207,1.00746,0.677619,14,32765
14.8842,0.955394,0.672835,15,32765
14.9272,0.909064,0.672369,16,32765
8.20816,0.472673,0.368308,11,32765
8.20971,0.446056,0.366915,12,32765
8.19128,0.417806,0.364032,18,32765
8.19268,0.390685,0.362605,19,32765
8.16405,0.362718,0.359353,19,32765
8.16527,0.335821,0.357737,19,32765
8.07654,0.305944,0.35221,17,32765
7.95776,0.275402,0.345075,16,32765
7.93871,0.249156,0.342524,15,32765
7.93954,0.22329,0.340983,16,32765
7.94036,0.196637,0.33844,16,32765
7.94105,0.17039,0.336523,16,32765
7.96162,0.144816,0.335449,15,32765
7.90219,0.118475,0.330761,16,32765
7.88263,0.0933548,0.327827,16,32765
7.88298,0.0677919,0.325815,16,32765
7.88326,0.0419921,0.323437,16,32765
7.86347,0.0159445,0.320204,17,32765
7.87358,-0.00896058,0.318006,16,32765
7.87362,-0.0335842,0.315269,16,32765
7.85361,-0.0588627,0.311267,16,32765
7.73358,-0.0838531,0.303757,15,32765
7.63352,-0.10754,0.295618,15,32765
7.60949,2.49253,0.451048,36,32765
7.66528,2.48344,0.44826,38,32765
7.70222,2.4674,0.4448,42,32765
7.74872,2.45396,0.441528,40,32765
7.80437,2.44416,0.440483,38,32765
7.83153,2.42501,0.436529,37,32765
7.90644,2.42008,0.435732,37,32765
7.95264,2.40612,0.43417,37,32765
7.99902,2.39135,0.432088,37,32765
8.03566,2.37385,0.430137,37,32765
8.0916,2.36125,0.429105,39,32765
8.13794,2.34561,0.427051,40,32765
8.19377,2.3326,0.426633,43,32765
8.26896,2.3243,0.426448,17,32765
8.43079,2.33974,0.430043,14,32765
8.46755,2.31978,0.428216,16,32765
8.50418,2.29986,0.426481,18,32765
8.49253,2.2668,0.422603,15,32765
8.46146,2.22873,0.417108,14,32765
8.50758,2.21083,0.416305,15,32765
8.43763,2.16272,0.409102,14,32765
8.44485,2.13499,0.40584,14,32765
8.42276,2.10042,0.40183,14,32765
8.41035,2.06801,0.397817,14,32765
8.41724,2.04042,0.394555,15,32765
8.39501,2.00522,0.390481,15,32765
8.43096,1.98402,0.389324,15,32765
8.35977,1.93785,0.383412,14,32765
8.38577,1.91455,0.381415,15,32765
8.35313,1.87817,0.377511,14,32765
8.39846,1.85903,0.376898,15,32765
8.36566,1.82255,0.372844,15,32765
8.35221,1.79052,0.370316,15,32765
8.3583,1.76226,0.368438,15,32765
8.34465,1.73038,0.36534,16,32765
8.35048,1.70247,0.363157,16,32765
8.36604,1.67644,0.361215,15,32765
8.33248,1.64074,0.357523,15,32765
8.33805,1.61258,0.355798,15,32765
8.3239,1.58056,0.353361,14,32765
8.27028,1.54167,0.349344,15,32765
8.24587,1.5091,0.346819,15,32765
8.27058,1.48541,0.34527,16,32765
8.2755,1.45801,0.3441,16,32765
8.28045,1.43017,0.341894,16,32765
8.25572,1.39726,0.339393,17,32765
8.24064,1.36632,0.338517,16,32765
8.21572,1.33379,0.334481,15,32765
8.1807,1.30017,0.331447,16,32765
8.22451,1.27916,0.331871,15,32765
8.3177,1.26499,0.334757,20,32765
8.37134,1.24457,0.335491,29,32765
8.33603,1.21031,0.332712,21,32765
8.39947,1.19073,0.333388,28,32765
8.38369,1.15969,0.331395,24,32765
8.3678,1.12886,0.328819,21,32765
8.37156,1.10099,0.327495,20,32765
8.35544,1.07029,0.325519,21,32765
8.34907,1.0412,0.32461,19,32765
8.38232,1.01716,0.32351,13,32765
8.13759,0.960089,0.312794,12,32765
8.3294,0.954588,0.319213,12,32765
14.9369,1.66208,0.572056,17,32765
8.30586,0.895892,0.315694,12,32765
8.2691,0.864436,0.311732,12,32765
8.27194,0.836974,0.311344,13,32765
8.31447,0.813446,0.312229,13,32765
8.27739,0.782003,0.309307,13,32765
8.28007,0.753832,0.307446,13,32765
8.25273,0.723574,0.304825,14,32765
8.2552,0.695408,0.303647,14,32765
8.25751,0.667993,0.302444,15,32765
8.2298,0.638514,0.30053,16,32765
8.22197,0.610684,0.298069,17,32765
8.23394,0.584416,0.297149,17,32765
8.24585,0.557675,0.296397,18,32765
8.2178,0.528333,0.29368,18,32765
8.19958,0.50014,0.29172,18,32765
8.22119,0.474157,0.29109,19,32765
8.21276,0.4469,0.289343,20,32765
8.20429,0.419091,0.286996,22,32765
8.18572,0.390917,0.284871,23,32765
8.18702,0.364247,0.282938,22,32765
8.18823,0.337219,0.281318,23,32765
8.08947,0.306828,0.276293,20,32765
7.93069,0.274798,0.268931,19,32765
7.93159,0.249214,0.267247,18,32765
7.95239,0.223879,0.266377,18,32765
7.9332,0.196634,0.263167,18,32765
7.9039,0.169712,0.260264,18,32765
7.91446,0.144025,0.258684,19,32765
7.91495,0.118682,0.256517,19,32765
7.91536,0.0937065,0.254411,19,32765
7.91569,0.0679847,0.252391,19,32765
7.89595,0.0419188,0.249372,19,32765
7.89612,0.0158167,0.246949,19,32765
7.89622,-0.00923127,0.244336,19,32765
7.88624,-0.0339327,0.241286,18,32765
7.88618,-0.059453,0.238071,18,32765
7.71611,-0.0840551,0.230191,17,32765
7.60598,-0.107587,0.222712,17,32765
7.59417,2.49336,0.334331,31,32765
7.64957,2.48442,0.337872,31,32765
7.6955,2.47221,0.339891,34,32765
7.74159,2.45933,0.341169,32,32765
7.8068,2.45187,0.343855,32,32765
7.84342,2.4353,0.34406,31,32765
7.89909,2.42441,0.34577,32,32765
7.91644,2.40181,0.345935,32,32765
7.98175,2.3929,0.348235,32,32765
8.04703,2.38385,0.350037,33,32765
8.08373,2.36557,0.349653,33,32765
8.12989,2.35015,0.350048,33,32765
8.20485,2.34261,0.352398,35,32765
8.38554,2.36475,0.359164,15,32765
8.42216,2.34538,0.359033,13,32765
8.4685,2.32814,0.358357,14,32765
8.58221,2.32897,0.362631,15,32765
8.54162,2.2878,0.359506,14,32765
8.48159,2.24163,0.355235,13,32765
8.51803,2.2211,0.354827,13,32765
8.47714,2.18004,0.350809,13,32765
8.48443,2.15166,0.349778,13,32765
8.45281,2.11382,0.346678,13,32765
8.42107,2.0761,0.343069,13,32765
8.46673,2.05785,0.343706,13,32765
8.36672,2.00408,0.337273,13,32765
8.48037,2.00158,0.33977,13,32765
8.44806,1.96447,0.336944,13,32765
8.41566,1.9273,0.334215,14,32765
8.35389,1.8838,0.329691,14,32765
8.39934,1.86419,0.328628,14,32765
8.4056,1.83601,0.327248,14,32765
8.35312,1.79541,0.323249,14,32765
8.3982,1.77601,0.322825,14,32765
8.31603,1.7298,0.318444,13,32765
8.33163,1.70412,0.316163,14,32765
8.31772,1.67249,0.313633,14,32765
8.29399,1.63861,0.310389,14,32765
8.32895,1.61624,0.310558,14,32765
8.35406,1.59197,0.308852,14,32765
8.27106,1.54699,0.304563,14,32765
8.27624,1.51944,0.302555,14,32765
8.27142,1.49025,0.301493,14,32765
8.23699,1.45615,0.297535,14,32765
8.29108,1.43723,0.297881,14,32765
8.25653,1.40254,0.295036,14,32765
8.19227,1.36309,0.291104,15,32765
8.22659,1.34003,0.288479,14,32765
8.25079,1.31562,0.288369,14,32765
8.24527,1.28684,0.28645,13,32765
8.33853,1.27271,0.287579,18,32765
8.37251,1.24876,0.287393,24,32765
8.38672,1.22171,0.28426,19,32765
8.42049,1.19781,0.284234,24,32765
8.3948,1.16548,0.281682,19,32765
8.37883,1.13507,0.280078,18,32765
8.39256,1.10833,0.278338,17,32765
8.37649,1.07747,0.275538,17,32765
8.36026,1.04708,0.272965,18,32765
8.3637,1.01908,0.273789,17,32765
8.36711,0.991311,0.271413,17,32765
8.3307,0.958856,0.268535,17,32765
8.31402,0.929077,0.266148,17,32765
8.3469,0.90483,0.265747,18,32765
8.33,0.875056,0.264258,18,32765
8.30298,0.844779,0.263358,18,32765
8.28591,0.815089,0.261226,19,32765
8.2886,0.787751,0.259735,19,32765
8.28122,0.759526,0.258628,21,32765
8.29368,0.732909,0.257996,22,32765
8.29609,0.705116,0.258224,19,32765
8.27857,0.675248,0.255814,18,32765
8.28079,0.647695,0.255228,18,32765
8.26294,0.618734,0.255268,19,32765
8.26492,0.592028,0.254256,18,32765
8.26682,0.565134,0.253743,18,32765
8.26864,0.538023,0.253496,18,32765
8.27035,0.511106,0.253187,18,32765
8.25205,0.482721,0.252045,19,32765
8.1937,0.452489,0.250337,19,32765
8.19515,0.425483,0.250217,20,32765
8.18654,0.39777,0.249739,19,32765
8.18779,0.370945,0.250106,19,32765
8.17902,0.34324,0.248989,20,32765
8.10017,0.313364,0.247428,17,32765
7.99126,0.282643,0.244699,18,32765
7.94219,0.254906,0.243291,15,32765
7.94296,0.229153,0.243532,16,32765
7.96361,0.203815,0.245425,16,32765
7.90427,0.176404,0.244014,16,32765
7.94476,0.151195,0.245931,16,32765
7.89522,0.123904,0.245112,17,32765
7.88555,0.0980994,0.246021,17,32765
7.89579,0.0725828,0.247336,17,32765
7.87596,0.047003,0.248004,16,32765
7.88604,0.0211332,0.249162,16,32765
7.85602,-0.00472469,0.249925,16,32765
7.8559,-0.030117,0.251934,15,32765
7.81573,-0.0549608,0.252475,15,32765
7.73548,-0.0791815,0.252228,15,32765
7.63515,-0.103141,0.2519,15,32765
7.60468,2.50233,0.25942,38,32765
7.63164,2.48406,0.261513,38,32765
7.6776,2.47188,0.263151,38,32765
7.7237,2.45903,0.264049,40,32765
7.77941,2.44862,0.265841,38,32765
7.82557,2.43507,0.266088,39,32765
7.88126,2.42421,0.267325,39,32765
7.94644,2.41616,0.269011,40,32765
7.98311,2.3985,0.269772,40,32765
8.01968,2.3809,0.270037,40,32765
8.07556,2.36829,0.270014,41,32765
8.13134,2.35565,0.270349,42,32765
8.20634,2.34809,0.272037,44,32765
8.24282,2.32951,0.272338,23,32765
8.43337,2.35355,0.277004,14,32765
8.4701,2.33358,0.275631,15,32765
8.50671,2.31343,0.276359,18,32765
8.48536,2.2776,0.274335,16,32765
8.51225,2.25454,0.273522,15,32765
8.4327,2.20353,0.269119,15,32765
8.42077,2.17015,0.266508,15,32765
8.39897,2.13452,0.264564,15,32765
8.43515,2.11388,0.263977,15,32765
8.46163,2.09052,0.262552,15,32765
8.3811,2.04134,0.258904,15,32765
8.38792,2.01341,0.256799,15,32765
8.43353,1.99472,0.256184,15,32765
8.41092,1.95995,0.254033,15,32765
8.36876,1.92059,0.25139,15,32765
8.36545,1.89037,0.249275,15,32765
8.38165,1.86417,0.246966,15,32765
8.39767,1.83813,0.245872,15,32765
8.35495,1.79956,0.24272,16,32765
8.31204,1.76146,0.239382,15,32765
8.33745,1.73788,0.238941,15,32765
8.33348,1.70805,0.236002,15,32765
8.33918,1.68029,0.234208,16,32765
8.34487,1.65209,0.232056,16,32765
8.3112,1.61615,0.230033,16,32765
8.32648,1.59001,0.227872,15,32765
8.34171,1.56344,0.227108,16,32765
8.26829,1.52112,0.222959,16,32765
8.26347,1.49189,0.22199,15,32765
8.2684,1.46472,0.219453,16,32765
8.27328,1.4371,0.218022,16,32765
8.25843,1.40575,0.216071,16,32765
8.20402,1.36784,0.213052,16,32765
8.23833,1.3447,0.210137,15,32765
8.20333,1.31073,0.208331,15,32765
8.19779,1.28204,0.206514,16,32765
8.31081,1.27106,0.207297,18,32765
8.36456,1.25011,0.20732,31,32765
8.33918,1.21726,0.20313,22,32765
8.39273,1.19628,0.203305,30,32765
8.42644,1.17224,0.202466,25,32765
8.42039,1.143,0.201282,21,32765
8.41432,1.11345,0.198967,21,32765
8.37842,1.07989,0.195886,21,32765
8.37211,1.05067,0.193728,22,32765
8.36564,1.02136,0.194321,21,32765
8.33926,0.989988,0.19126,21,32765
8.36242,0.964428,0.190117,21,32765
8.34574,0.934479,0.187911,21,32765
8.32895,0.904676,0.186111,21,32765
8.28221,0.871757,0.184147,23,32765
8.30492,0.846641,0.184634,23,32765
8.28784,0.816879,0.182689,23,32765
8.28057,0.788528,0.180979,24,32765
8.28315,0.761184,0.180183,25,32765
8.25578,0.730976,0.178594,25,32765
8.29803,0.706643,0.179682,22,32765
8.26057,0.675075,0.177032,21,32765
8.24286,0.64596,0.176021,21,32765
8.24494,0.618558,0.176672,21,32765
8.22698,0.59042,0.175237,21,32765
8.25879,0.565642,0.175361,22,32765
8.21073,0.535247,0.174056,21,32765
8.22242,0.509078,0.17396,21,32765
8.2041,0.480789,0.173009,23,32765
8.22559,0.455067,0.17355,23,32765
8.18712,0.42582,0.172587,23,32765
8.18849,0.398559,0.172413,23,32765
8.21971,0.373029,0.173412,23,32765
8.15101,0.342638,0.171127,23,32765
8.09213,0.313565,0.170739,20,32765
7.96322,0.282096,0.168624,20,32765
7.93412,0.255034,0.168109,19,32765
7.9449,0.22954,0.168562,20,32765
7.94558,0.203628,0.169839,18,32765
7.9362,0.177333,0.170063,18,32765
7.91673,0.150821,0.170316,19,32765
7.90718,0.124194,0.170829,20,32765
7.91751,0.0985419,0.172269,19,32765
7.89778,0.0725895,0.172838,20,32765
7.91794,0.0471857,0.174577,19,32765
7.88804,0.0210143,0.174759,20,32765
7.89802,-0.00493163,0.1767,18,32765
7.89792,-0.0305164,0.17872,18,32765
7.86775,-0.0556197,0.179877,18,32765
7.75751,-0.0797513,0.179705,18,32765
7.62718,-0.103427,0.179623,18,32765
7.59663,2.49169,0.287531,31,32765
7.66195,2.48543,0.284098,31,32765
7.69874,2.46965,0.279888,33,32765
7.74492,2.45706,0.275786,33,32765
7.7911,2.4441,0.272012,32,32765
7.8086,2.42199,0.268596,31,32765
7.88341,2.41729,0.266448,32,32765
7.93917,2.40625,0.263604,32,32765
7.98571,2.39097,0.259506,32,32765
8.02258,2.37256,0.257057,33,32765
8.07856,2.35978,0.254512,32,32765
8.13427,2.34753,0.252329,32,32765
8.18991,2.33529,0.249297,35,32765
8.25528,2.32499,0.24736,21,32765
8.45557,2.35149,0.249548,12,32765
8.56949,2.35239,0.249535,14,32765
8.56779,2.3211,0.244653,15,32765
8.48854,2.2697,0.239147,14,32765
8.51539,2.24681,0.236912,14,32765
8.47444,2.20635,0.231123,13,32765
8.48175,2.17832,0.228844,13,32765
8.45024,2.14045,0.224425,14,32765
8.45725,2.11283,0.221871,14,32765
8.46424,2.08499,0.218715,14,32765
8.3934,2.03826,0.214224,13,32765
8.47795,2.02908,0.213551,14,32765
8.48474,2.00081,0.210729,14,32765
8.43295,1.95915,0.206491,13,32765
8.41032,1.92405,0.203562,13,32765
8.39727,1.8915,0.200312,13,32765
8.40361,1.8634,0.198176,14,32765
8.4293,1.83989,0.196551,13,32765
8.35718,1.79532,0.192117,14,32765
8.36319,1.76738,0.18974,14,32765
8.3104,1.72688,0.187725,14,32765
8.3358,1.7029,0.185971,14,32765
8.38076,1.68279,0.18325,14,32765
8.32753,1.64311,0.180557,14,32765
8.3036,1.60942,0.177654,14,32765
8.26963,1.57446,0.175359,14,32765
8.31423,1.55402,0.174008,14,32765
8.31938,1.52637,0.172568,14,32765
8.32451,1.4984,0.170134,14,32765
8.25074,1.45656,0.167621,14,32765
8.24577,1.4271,0.165968,14,32765
8.25052,1.39945,0.16531,14,32765
8.26503,1.37376,0.162904,14,32765
8.2401,1.34097,0.15849,14,32765
8.25447,1.31473,0.15741,14,32765
8.25891,1.28677,0.155473,15,32765
8.32253,1.26788,0.155923,14,32765
8.35648,1.2441,0.155034,24,32765
8.35077,1.21439,0.153475,19,32765
8.43394,1.19799,0.154708,22,32765
8.4181,1.16711,0.152938,22,32765
8.38239,1.13335,0.15072,19,32765
8.40598,1.10778,0.150862,19,32765
8.42957,1.08143,0.151309,18,32765
8.39347,1.04819,0.150359,18,32765
8.37712,1.01776,0.146946,18,32765
8.38047,0.989988,0.145773,18,32765
8.36388,0.959687,0.144569,18,32765
8.34716,0.929778,0.142736,18,32765
8.31046,0.897745,0.141247,18,32765
8.31342,0.869985,0.140471,18,32765
8.3163,0.842246,0.139216,18,32765
8.28928,0.811136,0.136975,19,32765
8.29195,0.783598,0.135725,19,32765
8.29453,0.756048,0.134699,19,32765
8.29701,0.728448,0.133876,19,32765
8.27949,0.699091,0.131782,19,32765
8.30175,0.673021,0.130219,18,32765
8.28399,0.644063,0.129331,19,32765
8.28612,0.616473,0.127417,18,32765
8.2682,0.587501,0.125706,18,32765
8.27013,0.560197,0.123703,19,32765
8.25202,0.531299,0.121942,19,32765
8.25374,0.504158,0.120614,19,32765
8.25537,0.476905,0.119736,19,32765
8.19703,0.446274,0.117006,19,32765
8.19848,0.419297,0.115212,19,32765
8.19985,0.392061,0.113268,19,32765
8.2011,0.365429,0.111659,19,32765
8.19226,0.338611,0.110328,19,32765
8.13339,0.309901,0.107173,18,32765
7.96449,0.277597,0.103619,15,32765
7.96539,0.251383,0.101266,15,32765
7.9462,0.224602,0.0998197,15,32765
7.96693,0.198448,0.097626,15,32765
7.94757,0.171602,0.0958059,15,32765
7.87813,0.144253,0.0931692,15,32765
7.85859,0.118243,0.0908219,15,32765
7.85896,0.0928035,0.0879195,15,32765
7.88924,0.0676328,0.0865739,15,32765
7.83944,0.0417547,0.0834317,15,32765
7.85956,0.0164081,0.0811007,15,32765
7.8496,-0.00919049,0.078764,15,32765
7.84956,-0.0345718,0.0761,14,32765
7.84943,-0.0596496,0.0735948,14,32765
7.76924,-0.0838359,0.0693974,14,32765
7.66898,-0.107234,0.0644055,15,32765
7.58771,2.49436,0.212023,38,32765
7.62448,2.47885,0.207253,37,32765
7.66122,2.46315,0.202781,38,32765
7.69781,2.44762,0.198081,39,32765
7.75348,2.43778,0.194196,38,32765
7.81867,2.43058,0.191871,37,32765
7.87438,2.41996,0.188597,37,32765
7.92056,2.40601,0.18506,38,32765
7.96706,2.39076,0.180593,38,32765
8.00392,2.37237,0.177866,39,32765
8.05028,2.35681,0.174647,37,32765
8.11557,2.3474,0.172206,38,32765
8.17119,2.3352,0.16871,40,32765
8.19806,2.31407,0.165436,34,32765
8.3983,2.34082,0.165761,14,32765
8.4929,2.3366,0.164357,15,32765
8.52972,2.31598,0.160332,17,32765
8.50839,2.28011,0.15675,16,32765
8.49659,2.24688,0.153617,15,32765
8.44594,2.20386,0.148135,16,32765
8.45324,2.17586,0.14586,15,32765
8.43139,2.14046,0.141988,15,32765
8.43839,2.11284,0.139436,15,32765
8.41625,2.07781,0.135814,15,32765
8.42309,2.05004,0.133317,15,32765
8.42989,2.02209,0.130671,15,32765
8.43664,1.99391,0.127862,15,32765
8.40429,1.95685,0.124491,15,32765
8.39139,1.92401,0.121989,15,32765
8.41735,1.90024,0.119485,14,32765
8.36513,1.859,0.116524,15,32765
8.32243,1.82061,0.113783,15,32765
8.36753,1.80155,0.111698,16,32765
8.3442,1.76728,0.108933,16,32765
8.35015,1.739,0.108243,16,32765
8.356,1.71081,0.106038,16,32765
8.34215,1.67875,0.102208,16,32765
8.32813,1.64687,0.100558,16,32765
8.35329,1.62264,0.098513,16,32765
8.30953,1.58556,0.0964689,15,32765
8.32468,1.55941,0.0943936,16,32765
8.27083,1.52082,0.0922914,16,32765
8.2661,1.49117,0.0897619,16,32765
8.20215,1.45118,0.0881126,15,32765
8.24642,1.43035,0.0870795,15,32765
8.24133,1.40096,0.0863156,16,32765
8.26568,1.37689,0.0839168,16,32765
8.23087,1.34242,0.0796866,16,32765
8.19587,1.30827,0.0780416,17,32765
8.21017,1.28199,0.0762077,19,32765
8.27378,1.26322,0.0760941,14,32765
8.36704,1.2484,0.0754632,28,32765
8.33166,1.21427,0.0737326,25,32765
8.39504,1.19507,0.0740344,26,32765
8.44852,1.17389,0.0730571,28,32765
8.42273,1.14129,0.0712929,23,32765
8.38687,1.10767,0.0707412,23,32765
8.38072,1.0775,0.0707464,21,32765
8.39422,1.05056,0.0705903,22,32765
8.35801,1.01764,0.0672046,21,32765
8.35142,0.988697,0.0659543,22,32765
8.35469,0.96071,0.0650949,22,32765
8.35785,0.932983,0.0636016,22,32765
8.34103,0.902995,0.0626371,21,32765
8.32412,0.872985,0.0617087,22,32765
8.30711,0.843129,0.0603061,22,32765
8.31989,0.815884,0.0586288,23,32765
8.2927,0.785354,0.0571678,23,32765
8.27536,0.755921,0.056005,23,32765
8.25792,0.72657,0.0550497,23,32765
8.25035,0.698122,0.0532166,23,32765
8.25265,0.670472,0.0513457,23,32765
8.2648,0.643942,0.0508329,24,32765
8.23699,0.614125,0.0487453,22,32765
8.24898,0.587383,0.0474019,24,32765
8.23093,0.558727,0.045293,23,32765
8.21281,0.529896,0.043727,24,32765
8.19455,0.501602,0.0423007,24,32765
8.15624,0.472172,0.0412272,25,32765
8.1378,0.443982,0.0392771,24,32765
8.10927,0.415606,0.0373572,25,32765
8.09064,0.387649,0.0353465,25,32765
8.07189,0.360421,0.0336756,23,32765
8.05303,0.333548,0.032417,24,32765
7.98413,0.304843,0.0298299,24,32765
7.72524,0.269812,0.027583,19,32765
7.74609,0.244962,0.025365,19,32765
7.73686,0.219128,0.0241715,20,32765
7.65758,0.191125,0.0215715,19,32765
7.5982,0.164383,0.0198964,20,32765
7.49872,0.137572,0.0179276,20,32765
7.40914,0.111691,0.0157221,20,32765
7.33948,0.0868262,0.0128629,20,32765
7.18973,0.0617388,0.0110678,20,32765
7.08989,0.0378139,0.00856822,19,32765
6.99998,0.0146152,0.00619387,19,32765
6.87999,-0.00810264,0.00413001,18,32765
6.77993,-0.0299552,0.00176904,19,32765
6.68981,-0.0509769,-0.000389448,18,32765
6.57961,-0.0711814,-0.00330242,18,32765
6.44936,-0.0904031,-0.00668397,19,32765
7.58778,2.50133,0.0948248,33,32765
7.64346,2.49197,0.0961115,32,32765
7.67052,2.47334,0.0963509,31,32765
7.72617,2.46354,0.0969548,31,32765
7.7533,2.44411,0.0975801,32,32765
7.81846,2.43684,0.0977861,31,32765
7.87411,2.4262,0.0973237,31,32765
7.901,2.4067,0.09802,31,32765
7.98543,2.40394,0.0974223,31,32765
8.03173,2.38878,0.0971426,32,32765
8.06846,2.37037,0.0970955,31,32765
8.10517,2.3517,0.0968361,31,32765
8.17067,2.34118,0.0948886,31,32765
8.21686,2.32504,0.0951321,24,32765
8.43638,2.3571,0.0956246,14,32765
8.47294,2.33757,0.0960002,15,32765
8.49025,2.31233,0.0940437,15,32765
8.50742,2.28723,0.0924963,14,32765
8.51488,2.25935,0.0911028,13,32765
8.47393,2.21859,0.089415,13,32765
8.44252,2.18049,0.0878023,14,32765
8.51772,2.16911,0.0864556,13,32765
8.49596,2.13282,0.0856597,14,32765
8.42553,2.08473,0.0825655,13,32765
8.43246,2.05656,0.0808618,13,32765
8.41982,2.02386,0.0792892,14,32765
8.44605,2.00015,0.0777688,13,32765
8.43314,1.96775,0.0753378,14,32765
8.39094,1.92846,0.0728016,14,32765
8.37785,1.89595,0.0714228,14,32765
8.38419,1.86776,0.0697511,14,32765
8.39047,1.83947,0.0670813,14,32765
8.37705,1.80711,0.0660072,14,32765
8.36357,1.77455,0.0642271,14,32765
8.33032,1.73842,0.0619901,14,32765
8.37536,1.71824,0.0592184,14,32765
8.29288,1.67223,0.0575663,14,32765
8.38666,1.66229,0.0564148,14,32765
8.30381,1.61721,0.0540971,14,32765
8.3289,1.5928,0.0527625,14,32765
8.25567,1.54965,0.049797,14,32765
8.28058,1.52513,0.0481606,14,32765
8.2463,1.49023,0.0458788,14,32765
8.23148,1.45955,0.044978,15,32765
8.27575,1.43884,0.0414446,14,32765
8.26076,1.40806,0.0397041,14,32765
8.26543,1.38044,0.0387685,14,32765
8.201,1.34111,0.0335599,14,32765
8.20544,1.3137,0.0313284,15,32765
8.21969,1.28765,0.0312828,17,32765
8.2437,1.26339,0.0285589,15,32765
8.3072,1.24487,0.0268599,23,32765
8.34105,1.22113,0.0254983,21,32765
8.35507,1.19408,0.023482,22,32765
8.3195,1.15992,0.0214217,23,32765
8.32337,1.13183,0.0206869,23,32765
8.23791,1.09208,0.0192662,20,32765
8.27127,1.06834,0.0176389,20,32765
8.30469,1.04342,0.0182114,20,32765
8.21877,1.00494,0.0160963,21,32765
8.13274,0.966671,0.0149591,21,32765
8.17566,0.944057,0.0134174,19,32765
8.1291,0.911012,0.0119313,19,32765
8.08238,0.878589,0.0103043,21,32765
8.0057,0.843332,0.00889774,17,32765
7.82935,0.7988,0.00761362,18,32765
8.01112,0.790229,0.00621769,18,32765
0,0,0,0,32765
7.91661,0.727818,0.00473765,16,32765
7.81937,0.692732,0.00354488,18,32765
8.00101,0.681696,0.00240206,18,32765
7.72418,0.632042,0.0020377,18,32765
7.65646,0.600871,0.00115799,18,32765
0,0,0,0,32765
0,0,0,17,32765
0,0,-0,0,32765
0,0,-0,16,32765
0,0,-0,17,32765
0,0,-0,16,32765
0,0,-0,0,32765
7.65963,0.398779,-0.00112571,16,32765
7.28136,0.354712,-0.00203158,17,32765
7.28249,0.330868,-0.00153683,16,32765
0,0,-0,0,32765
7.25453,0.281846,-0.00116612,17,32765
0,0,-0,0,32765
0,0,-0,17,32765
0,0,-0,0,32765
7.06769,0.180852,-5.76671e-05,15,32765
7.2182,0.16104,0.000506541,17,32765
7.1387,0.136184,0.00129935,17,32765
6.98913,0.110555,0.00201804,18,32765
7.13944,0.0897559,0.00269682,16,32765
6.9397,0.0647001,0.0039399,17,32765
7.07987,0.0427253,0.00542791,16,32765
0,0,0,0,32765
7.25999,-0.00396554,0.0080037,17,32765
7.12994,-0.0271666,0.00966385,17,32765
7.17981,-0.0508292,0.0115114,16,32765
7.3496,-0.0756717,0.0142296,17,32765
7.38931,-0.0998649,0.0169523,17,32765
7.56749,2.50072,0.0196266,35,32765
7.60417,2.48519,0.0203855,33,32765
7.65026,2.47279,0.0204832,32,32765
7.68686,2.45695,0.0205612,33,32765
7.75214,2.44965,0.0210954,33,32765
7.79823,2.4364,0.0206819,34,32765
7.85388,2.4258,0.0197472,34,32765
7.92861,2.42092,0.0203725,36,32765
7.95564,2.40073,0.0188759,36,32765
8.01152,2.38849,0.0182397,36,32765
8.04825,2.3701,0.0179068,37,32765
8.10417,2.35705,0.0174032,40,32765
8.14085,2.33822,0.0148342,38,32765
8.19666,2.32487,0.0147148,35,32765
8.35838,2.34088,0.0130466,17,32765
8.49128,2.34821,0.0132858,20,32765
8.40251,2.29388,0.0110862,18,32765
8.38099,2.2586,0.00941406,17,32765
8.39803,2.23364,0.00804632,18,32765
8.30864,2.18049,0.00680166,18,32765
8.33521,2.15787,0.00562425,18,32765
8.33281,2.12705,0.00360661,19,32765
8.30122,2.08887,0.00309642,19,32765
8.25005,2.04614,0.000806832,19,32765
8.19857,2.00425,-0.000859137,19,32765
8.17604,1.96991,-0.00220596,18,32765
8.10479,1.92386,-0.00382347,19,32765
8.1111,1.89707,-0.00599289,19,32765
8.07841,1.86101,-0.0079906,19,32765
8.03584,1.82284,-0.00910623,18,32765
7.98338,1.78266,-0.0106351,19,32765
7.83309,1.72132,-0.0129229,17,32765
7.8486,1.69709,-0.0138023,18,32765
7.73695,1.64546,-0.0151035,18,32765
7.65432,1.6011,-0.0167141,19,32765
7.54216,1.55094,-0.019219,18,32765
7.50815,1.51755,-0.0200535,18,32765
7.48371,1.4868,-0.0215518,18,32765
7.30213,1.42546,-0.0225338,17,32765
7.1989,1.37993,-0.0234673,18,32765
7.07581,1.33129,-0.0251688,18,32765
7.0213,1.29623,-0.0264497,18,32765
6.93706,1.25657,-0.0278458,18,32765
6.8624,1.21965,-0.0281918,18,32765
6.73837,1.17429,-0.0307204,18,32765
6.68309,1.14181,-0.0317814,18,32765
6.65728,1.11446,-0.0323965,18,32765
6.52286,1.06919,-0.0356119,19,32765
6.47702,1.03941,-0.0371059,18,32765
6.35207,0.997413,-0.0364369,18,32765
6.29603,0.967163,-0.0382365,18,32765
6.21021,0.932807,-0.0391218,18,32765
6.08471,0.892889,-0.039377,19,32765
6.04812,0.866409,-0.040604,19,32765
5.88269,0.822099,-0.040854,18,32765
5.82599,0.794086,-0.0409572,19,32765
5.79888,0.770551,-0.0415938,19,32765
5.80142,0.751089,-0.0427855,19,32765
5.64526,0.710944,-0.0412706,18,32765
5.51855,0.676356,-0.0416177,19,32765
5.49101,0.654201,-0.0420441,19,32765
5.38389,0.623146,-0.0422724,18,32765
5.44558,0.611708,-0.0436824,18,32765
5.31834,0.579485,-0.0436699,19,32765
5.36996,0.567009,-0.0449546,18,32765
5.26236,0.538163,-0.0447692,19,32765
5.37359,0.531308,-0.0467543,19,32765
5.24592,0.501076,-0.0459255,19,32765
5.18782,0.478068,-0.0460304,20,32765
5.23917,0.465242,-0.0472323,20,32765
4.93184,0.421191,-0.045204,16,32765
4.8834,0.400534,-0.0449256,16,32765
4.86476,0.382684,-0.0452903,16,32765
5.10532,0.384482,-0.0479462,21,32765
4.937,0.355413,-0.0466333,17,32765
4.93815,0.339055,-0.047002,17,32765
4.85941,0.317558,-0.0465954,17,32765
4.90035,0.304013,-0.0471026,18,32765
4.94125,0.290373,-0.0472186,19,32765
4.89225,0.271367,-0.0468975,19,32765
4.93306,0.25744,-0.0473218,17,32765
4.89394,0.238979,-0.0475855,19,32765
4.88471,0.222461,-0.0471569,18,32765
4.76553,0.201315,-0.0458963,17,32765
4.74618,0.184838,-0.0455692,16,32765
4.89667,0.174465,-0.0468244,18,32765
4.7673,0.153952,-0.0451588,17,32765
4.80777,0.139244,-0.045752,17,32765
4.8282,0.123849,-0.0456015,18,32765
4.83858,0.108217,-0.0453172,19,32765
4.83891,0.0925413,-0.0447762,18,32765
4.85919,0.077057,-0.0444427,19,32765
4.82942,0.060871,-0.0437386,18,32765
4.8496,0.0453336,-0.0429984,19,32765
4.87973,0.029531,-0.0422936,19,32765
4.79981,0.0132991,-0.0410987,18,32765
4.97983,-0.00271195,-0.0414882,17,32765
4.8898,-0.0186608,-0.0395016,18,32765
4.90973,-0.0348256,-0.038446,18,32765
4.9496,-0.0510669,-0.0371122,18,32765
4.93942,-0.0668984,-0.0352689,17,32765
7.56999,2.49276,0.0468688,30,32765
7.62558,2.48377,0.0415579,29,32765
7.67168,2.47137,0.0356228,27,32765
7.71772,2.45882,0.0319254,29,32765
7.76387,2.44564,0.0267849,26,32765
7.78141,2.42314,0.0224505,28,32765
7.86578,2.42118,0.0173603,29,32765
7.89292,2.40085,0.0126507,29,32765
7.96775,2.39527,0.00965664,29,32765
8.03306,2.38626,0.00498568,29,32765
8.06948,2.36887,0.00175661,30,32765
8.10593,2.35108,-0.00319737,31,32765
8.19053,2.3464,-0.00503319,30,32765
8.16947,2.31081,-0.00916171,24,32765
8.24462,2.30211,-0.0132221,17,32765
0,0,-0,0,32765
7.98949,2.17394,-0.019406,16,32765
0,0,-0,0,32765
7.88754,2.09085,-0.0255506,15,32765
0,0,-0,0,32765
0,0,-0,15,32765
0,0,-0,0,32765
0,0,-0,16,32765
0,0,-0,0,32765
0,0,-0,15,32765
0,0,-0,17,32765
0,0,-0,16,32765
0,0,-0,0,32765
0,0,-0,15,32765
0,0,-0,0,32765
0,0,-0,15,32765
0,0,-0,17,32765
0,0,-0,16,32765
0,0,-0,0,32765
0,0,-0,17,32765
0,0,-0,17,32765
0,0,-0,17,32765
0,0,-0,16,32765
0,0,-0,17,32765
0,0,-0,18,32765
0,0,-0,17,32765
0,0,-0,0,32765
0,0,-0,16,32765
0,0,-0,0,32765
5.46773,0.95033,-0.0572001,17,32765
5.2343,0.891661,-0.0560169,18,32765
5.36543,0.895766,-0.0584197,17,32765
5.30916,0.86811,-0.0602911,19,32765
4.97633,0.796572,-0.0568072,16,32765
5.12717,0.802867,-0.0602116,18,32765
5.07057,0.776236,-0.0606649,17,32765
5.04351,0.75456,-0.0604483,18,32765
4.94712,0.722805,-0.0597384,16,32765
4.90991,0.700502,-0.0606791,15,32765
4.83299,0.672948,-0.0608509,14,32765
4.83521,0.656711,-0.0623068,15,32765
4.92656,0.652499,-0.0641556,15,32765
4.70064,0.606422,-0.0619086,16,32765
4.69281,0.588836,-0.0606099,15,32765
4.68481,0.572075,-0.0606497,16,32765
4.83566,0.573821,-0.0632546,17,32765
4.59915,0.530149,-0.0608068,15,32765
4.64064,0.519175,-0.0620082,16,32765
4.64235,0.503565,-0.0628386,15,32765
4.47494,0.470275,-0.061452,15,32765
4.51626,0.459438,-0.0625793,15,32765
4.57748,0.45007,-0.0642872,17,32765
4.54908,0.431979,-0.0647545,17,32765
4.52061,0.414088,-0.0649732,16,32765
4.47215,0.394551,-0.0653544,16,32765
4.34391,0.368648,-0.0640298,16,32765
4.38498,0.357365,-0.0651224,17,32765
4.33629,0.338782,-0.0654251,17,32765
4.41717,0.330166,-0.0673732,16,32765
4.28859,0.305977,-0.0661424,16,32765
4.16985,0.283687,-0.0652318,16,32765
4.22065,0.273132,-0.066538,17,32765
4.17161,0.256051,-0.0670289,16,32765
4.11252,0.239003,-0.0666167,15,32765
4.12326,0.225924,-0.0676219,16,32765
4.09401,0.210844,-0.0678055,15,32765
4.02476,0.193945,-0.0679173,16,32765
4.01538,0.18016,-0.0684009,16,32765
3.96599,0.164872,-0.0683478,17,32765
3.99647,0.152829,-0.0697527,18,32765
3.907,0.136537,-0.0692768,16,32765
3.89742,0.123288,-0.0698696,16,32765
3.79785,0.10766,-0.0691017,17,32765
3.88812,0.0974156,-0.0717333,17,32765
3.95837,0.0861436,-0.0741811,17,32765
3.77868,0.069923,-0.0714295,15,32765
3.76887,0.0574745,-0.0722464,15,32765
3.76901,0.045246,-0.0736614,17,32765
3.78911,0.0332571,-0.0750283,16,32765
3.70919,0.020426,-0.0747285,16,32765
3.74921,0.00845332,-0.07648,16,32765
3.7092,-0.00376853,-0.077123,16,32765
3.59917,-0.0151785,-0.0759813,16,32765
3.60907,-0.0266747,-0.0774018,16,32765
3.56894,-0.0381945,-0.0782974,16,32765
3.43881,-0.0480502,-0.0767974,16,32765
7.53975,2.48897,-0.0279803,29,32765
7.54775,2.46453,-0.0335332,26,32765
7.44148,2.40317,-0.0389895,24,32765
7.32534,2.33961,-0.0420234,22,32765
7.10407,2.24336,-0.0455644,20,32765
7.00638,2.18722,-0.0488285,19,32765
6.78416,2.09343,-0.0518166,18,32765
6.62846,2.02124,-0.0545708,18,32765
6.43394,1.93899,-0.0554255,17,32765
6.20065,1.84651,-0.0570266,17,32765
6.05306,1.78135,-0.0580556,16,32765
5.88594,1.71143,-0.0600048,17,32765
5.73777,1.64783,-0.0597068,17,32765
5.66627,1.60674,-0.0617859,18,32765
5.58497,1.56334,-0.0635445,18,32765
5.48413,1.51532,-0.0645698,20,32765
5.3733,1.4657,-0.0654807,20,32765
5.37806,1.44803,-0.0677206,21,32765
5.3151,1.41244,-0.0689937,20,32765
5.18434,1.3592,-0.069407,21,32765
5.16946,1.33689,-0.0709055,19,32765
5.08669,1.29727,-0.0719835,18,32765
4.80977,1.2095,-0.0692459,17,32765
4.95931,1.22964,-0.0730384,20,32765
4.73994,1.15856,-0.0715836,17,32765
4.61736,1.11244,-0.0706555,16,32765
4.70858,1.11777,-0.0740059,17,32765
4.68306,1.09521,-0.0748349,17,32765
4.56,1.05037,-0.0741592,17,32765
4.42701,1.00385,-0.0736768,16,32765
4.45964,0.995384,-0.0754026,16,32765
4.46296,0.980304,-0.0765401,18,32765
4.38801,0.948483,-0.076419,17,32765
4.29331,0.913108,-0.0761661,16,32765
4.27675,0.894643,-0.0771499,17,32765
4.26013,0.876249,-0.0773456,17,32765
4.16505,0.841974,-0.0767929,18,32765
4.16788,0.827825,-0.0774409,17,32765
3.994,0.779293,-0.0746492,17,32765
4.11443,0.788324,-0.0781501,18,32765
4.07775,0.767076,-0.0778555,18,32765
4.06058,0.74991,-0.0790758,18,32765
3.96467,0.718476,-0.0779015,18,32765
3.96705,0.705112,-0.0790192,18,32765
3.95956,0.68991,-0.0793122,19,32765
3.9717,0.67826,-0.08049,19,32765
3.78655,0.633743,-0.0774244,18,32765
3.86755,0.633966,-0.0808714,18,32765
3.87952,0.622552,-0.0813334,19,32765
3.77295,0.592282,-0.0803193,18,32765
3.79471,0.582369,-0.0816012,18,32765
3.78678,0.567954,-0.0814937,18,32765
3.73924,0.54769,-0.0807902,18,32765
3.69156,0.527995,-0.0807893,18,32765
3.7131,0.518308,-0.0821075,19,32765
3.61574,0.492316,-0.0810077,18,32765
3.73627,0.496092,-0.0842027,19,32765
3.56936,0.461634,-0.0809549,18,32765
3.62056,0.455435,-0.0811791,18,32765
3.55259,0.434906,-0.0797505,19,32765
3.56397,0.42398,-0.0804735,18,32765
3.49584,0.403984,-0.0794141,19,32765
3.55678,0.398921,-0.0812868,19,32765
3.51833,0.382605,-0.0810088,18,32765
3.50963,0.369764,-0.0814873,19,32765
3.47105,0.354005,-0.0810112,19,32765
3.48216,0.343246,-0.0819142,18,32765
3.34394,0.318349,-0.07929,18,32765
3.42462,0.314497,-0.0816663,19,32765
3.40572,0.301236,-0.0820274,19,32765
3.42662,0.291549,-0.0829554,19,32765
3.4176,0.279244,-0.0831086,19,32765
3.3587,0.263085,-0.0824631,20,32765
3.32965,0.249525,-0.082291,19,32765
3.30055,0.236098,-0.0821268,19,32765
3.34119,0.227907,-0.0838691,18,32765
3.27208,0.212305,-0.0825247,19,32765
3.34259,0.20571,-0.0853099,19,32765
3.31329,0.193069,-0.0849895,20,32765
3.25401,0.178775,-0.0841196,19,32765
3.26455,0.168582,-0.0849161,18,32765
3.22512,0.155838,-0.084895,18,32765
3.23559,0.145575,-0.0856837,19,32765
3.266,0.136154,-0.0871342,19,32765
3.25643,0.124884,-0.0875919,19,32765
3.17688,0.111343,-0.0863319,18,32765
3.10727,0.0985833,-0.0850457,18,32765
3.15752,0.0897795,-0.0872643,18,32765
3.18775,0.0801176,-0.0889086,18,32765
3.05806,0.0667667,-0.0861794,18,32765
3.10822,0.0577121,-0.088098,18,32765
3.06839,0.0469623,-0.0877839,19,32765
3.0385,0.0366223,-0.088067,18,32765
3.03858,0.0267928,-0.0888499,18,32765
3.00864,0.0166673,-0.0890146,19,32765
3.03864,0.00692835,-0.0906684,19,32765
2.97864,-0.00297303,-0.0900504,18,32765
2.98858,-0.0125723,-0.0913034,18,32765
2.93852,-0.0217094,-0.0907613,18,32765
2.93839,-0.0314594,-0.0922047,18,32765
2.83829,-0.0396932,-0.0901838,18,32765
4.78387,1.58365,-0.0905722,18,32765
4.72256,1.5461,-0.0891578,15,32765
4.56573,1.47875,-0.0861832,15,32765
4.47519,1.43374,-0.0842504,15,32765
4.68002,1.48247,-0.088273,15,32765
4.66585,1.46088,-0.088395,15,32765
4.48916,1.3893,-0.0851527,14,32765
4.59884,1.40678,-0.087865,15,32765
4.66077,1.40932,-0.0892465,14,32765
4.55035,1.35981,-0.0879227,14,32765
4.41088,1.3026,-0.0856969,15,32765
4.53032,1.32165,-0.088801,16,32765
4.37139,1.25936,-0.0863429,16,32765
4.30833,1.22536,-0.0848609,14,32765
4.39909,1.23497,-0.0880128,15,32765
4.36464,1.2096,-0.0876045,16,32765
4.32043,1.18182,-0.0872307,16,32765
4.38222,1.18309,-0.0897854,16,32765
4.12524,1.09915,-0.0846916,15,32765
4.11921,1.08279,-0.0852469,15,32765
4.05504,1.05144,-0.0848698,14,32765
4.09728,1.04773,-0.0864437,15,32765
4.06193,1.02435,-0.0866279,14,32765
4.075,1.01327,-0.0875809,15,32765
4.17543,1.02351,-0.0905403,17,32765
3.87757,0.936698,-0.0845909,14,32765
3.89043,0.925864,-0.0855813,15,32765
3.94219,0.924108,-0.0873164,15,32765
4.14981,0.958114,-0.0930335,15,32765
3.85081,0.875291,-0.0871415,16,32765
3.86347,0.864552,-0.0879391,16,32765
3.84681,0.847238,-0.0884873,17,32765
3.93761,0.853094,-0.0914158,16,32765
3.75468,0.800185,-0.0878461,16,32765
3.80628,0.797658,-0.0898305,16,32765
3.77955,0.778813,-0.0897284,15,32765
3.69394,0.748247,-0.0884596,15,32765
3.80427,0.757259,-0.0919794,17,32765
3.63995,0.711959,-0.089436,17,32765
3.56378,0.68455,-0.0881687,16,32765
3.60536,0.679922,-0.0894987,16,32765
3.64693,0.675045,-0.09122,16,32765
3.50164,0.635836,-0.0883883,16,32765
3.50377,0.623892,-0.0892425,16,32765
3.5157,0.613719,-0.0900998,16,32765
3.47831,0.595163,-0.0896556,17,32765
3.43098,0.575155,-0.0893506,16,32765
3.36384,0.552184,-0.0881472,16,32765
3.47423,0.558252,-0.0919804,17,32765
3.38722,0.53241,-0.0903268,16,32765
3.36921,0.517982,-0.0905581,17,32765
3.37093,0.506589,-0.0910887,17,32765
3.35282,0.49225,-0.0914102,18,32765
3.32477,0.476622,-0.0913322,17,32765
3.33624,0.466707,-0.0924975,18,32765
3.33777,0.455592,-0.092862,17,32765
3.29964,0.43907,-0.0921083,17,32765
3.29115,0.426771,-0.0927775,16,32765
3.32228,0.419594,-0.0941685,17,32765
3.2046,0.393796,-0.0913733,16,32765
3.18603,0.380697,-0.0914501,16,32765
3.21708,0.37338,-0.0925902,16,32765
3.25804,0.366968,-0.0942251,17,32765
3.13007,0.341772,-0.0912406,17,32765
3.18091,0.336432,-0.0930383,16,32765
3.15217,0.322772,-0.0924283,17,32765
3.12337,0.309328,-0.0919275,17,32765
3.14427,0.300807,-0.0930786,17,32765
3.11538,0.28759,-0.0926364,17,32765
3.09641,0.275331,-0.0925602,16,32765
3.15706,0.270139,-0.0943534,16,32765
3.13802,0.257909,-0.0940402,16,32765
3.05912,0.241256,-0.0920405,16,32765
3.16953,0.239525,-0.095533,17,32765
3.10051,0.224039,-0.0936659,16,32765
3.0713,0.211789,-0.0929832,16,32765
3.04207,0.199537,-0.0922471,17,32765
3.0427,0.189474,-0.0924675,16,32765
3.07325,0.181142,-0.0935403,17,32765
3.02392,0.168141,-0.0922432,16,32765
3.08436,0.161311,-0.0939825,16,32765
3.05492,0.149661,-0.0931777,16,32765
3.09533,0.141487,-0.0942754,16,32765
3.06582,0.130021,-0.0934218,16,32765
3.07622,0.120307,-0.0937959,15,32765
3.05663,0.10945,-0.0929501,16,32765
3.10693,0.10091,-0.0943529,17,32765
3.06729,0.0894248,-0.0929844,16,32765
3.07757,0.0795479,-0.0930727,17,32765
3.1078,0.0699567,-0.093771,17,32765
3.00808,0.057879,-0.0905902,17,32765
3.03825,0.0484161,-0.0911438,17,32765
3.05839,0.0386896,-0.0913925,17,32765
3.01853,0.0283987,-0.0898206,16,32765
3.0686,0.0186634,-0.090817,17,32765
3.07865,0.00869788,-0.0908207,17,32765
3.07868,-0.00138326,-0.0901457,17,32765
3.07868,-0.0111486,-0.0894469,17,32765
3.11863,-0.0214888,-0.0899585,17,32765
3.11857,-0.032097,-0.0889739,16,32765
3.10848,-0.0422677,-0.0874901,16,32765
3.66209,1.21553,-0.105641,18,32765
3.59011,1.17848,-0.103335,17,32765
3.4227,1.11149,-0.0984734,17,32765
3.38816,1.08836,-0.0972776,16,32765
3.51556,1.11656,-0.101026,17,32765
3.44297,1.08085,-0.0991939,17,32765
3.48471,1.08129,-0.100445,17,32765
3.45,1.05814,-0.0998858,17,32765
3.55862,1.07889,-0.10315,18,32765
3.49507,1.04721,-0.101883,18,32765
3.40258,1.00748,-0.0995191,17,32765
3.47304,1.01587,-0.102149,18,32765
3.38999,0.979192,-0.100186,18,32765
3.36447,0.959424,-0.0992169,18,32765
3.31959,0.934368,-0.0988937,17,32765
3.32269,0.92325,-0.0991714,17,32765
3.26791,0.896252,-0.0978973,18,32765
3.2419,0.877526,-0.0980586,17,32765
3.22546,0.861662,-0.0976691,18,32765
3.21865,0.848283,-0.0979675,17,32765
3.2408,0.842513,-0.0993759,19,32765
3.22424,0.826633,-0.0993854,18,32765
3.18818,0.806105,-0.0989796,18,32765
3.18113,0.793072,-0.0992631,18,32765
3.20315,0.787226,-0.100541,18,32765
3.14748,0.762318,-0.0991835,18,32765
3.12087,0.744658,-0.0988912,18,32765
3.14282,0.738646,-0.10004,18,32765
3.12578,0.723568,-0.100318,18,32765
3.06973,0.699573,-0.0991442,18,32765
2.98428,0.669554,-0.0967587,18,32765
3.02554,0.668097,-0.0988055,18,32765
3.00826,0.65345,-0.0988627,18,32765
3.04953,0.651605,-0.100749,17,32765
3.01259,0.632979,-0.100124,18,32765
3.03427,0.626874,-0.10125,17,32765
2.95798,0.600737,-0.0992979,18,32765
2.96977,0.592693,-0.100361,19,32765
2.93246,0.575079,-0.100235,18,32765
2.90494,0.559457,-0.0997695,17,32765
2.88716,0.545906,-0.0993838,17,32765
2.86932,0.532501,-0.0992957,18,32765
2.91042,0.529867,-0.101369,18,32765
2.83349,0.505863,-0.0993212,17,32765
2.89424,0.50656,-0.101891,17,32765
2.89591,0.496812,-0.102363,17,32765
2.82856,0.475415,-0.100722,17,32765
2.83014,0.465798,-0.101223,17,32765
2.79221,0.449845,-0.100609,17,32765
2.74435,0.432501,-0.0993978,16,32765
2.70626,0.41716,-0.0985774,17,32765
2.74717,0.413942,-0.10045,18,32765
2.74854,0.4046,-0.101152,17,32765
2.76966,0.398098,-0.10249,18,32765
2.75118,0.385885,-0.102495,17,32765
2.71284,0.371277,-0.101318,17,32765
2.73388,0.364756,-0.102347,17,32765
2.69541,0.350454,-0.101639,17,32765
2.70646,0.342733,-0.102464,17,32765
2.66791,0.328724,-0.101444,16,32765
2.68882,0.32215,-0.102742,17,32765
2.64026,0.307259,-0.101081,17,32765
2.69092,0.303909,-0.103388,18,32765
2.61245,0.286026,-0.100963,17,32765
2.62333,0.278214,-0.101635,17,32765
2.63418,0.270467,-0.10224,16,32765
2.60522,0.258718,-0.101395,17,32765
2.62595,0.251909,-0.102642,17,32765
2.61681,0.242231,-0.102625,17,32765
2.62755,0.234287,-0.103453,17,32765
2.59845,0.222959,-0.102284,17,32765
2.61909,0.21586,-0.103304,17,32765
2.57993,0.204036,-0.102061,17,32765
2.58058,0.195568,-0.10222,17,32765
2.56127,0.1856,-0.101626,17,32765
2.54193,0.175785,-0.101018,16,32765
2.55247,0.167904,-0.101557,17,32765
2.53306,0.158195,-0.100948,17,32765
2.55351,0.150948,-0.101879,17,32765
2.57395,0.143544,-0.102863,17,32765
2.51454,0.131902,-0.1004,18,32765
2.52494,0.124071,-0.100888,17,32765
2.52534,0.115786,-0.10079,16,32765
2.54567,0.108296,-0.101636,17,32765
2.50608,0.0983194,-0.100099,17,32765
2.50639,0.0900364,-0.0999051,17,32765
2.52666,0.0823346,-0.100607,18,32765
2.55689,0.0747976,-0.101671,17,32765
2.55713,0.0663282,-0.101493,17,32765
2.52737,0.0571002,-0.100134,17,32765
2.53754,0.0490147,-0.100391,17,32765
2.58766,0.0414077,-0.10207,17,32765
2.55782,0.0325064,-0.100594,17,32765
2.56791,0.0242885,-0.100666,16,32765
2.53802,0.0155432,-0.0990852,16,32765
2.53807,0.00725715,-0.0988444,16,32765
2.57807,-0.00109142,-0.0998358,16,32765
2.5381,-0.00914521,-0.097712,15,32765
2.57805,-0.0177382,-0.0987134,16,32765
2.57801,-0.0265296,-0.0978995,16,32765
2.67786,-0.0364306,-0.100661,17,32765
4.02432,1.33133,-0.100084,15,32765
3.90501,1.27791,-0.0997906,15,32765
3.89004,1.25909,-0.10198,16,32765
3.77022,1.20694,-0.101483,15,32765
3.74548,1.18558,-0.1033,16,32765
3.70157,1.15845,-0.103854,15,32765
3.5334,1.09312,-0.101036,14,32765
3.53697,1.08131,-0.103214,17,32765
3.45431,1.04369,-0.102644,16,32765
3.40974,1.01817,-0.10306,16,32765
3.41296,1.00713,-0.10478,15,32765
3.34901,0.976415,-0.104182,15,32765
3.22737,0.929095,-0.102302,16,32765
3.26893,0.929011,-0.105092,16,32765
3.20465,0.899039,-0.104267,16,32765
3.14017,0.869629,-0.103461,15,32765
3.09476,0.846105,-0.103237,14,32765
3.12643,0.843692,-0.105782,15,32765
3.10982,0.82831,-0.106347,15,32765
3.02549,0.795207,-0.10464,16,32765
2.94102,0.762495,-0.102852,15,32765
3.02095,0.77256,-0.10683,16,32765
2.93626,0.740458,-0.104911,16,32765
2.93869,0.730621,-0.105763,16,32765
2.93138,0.718351,-0.106577,15,32765
2.86573,0.692158,-0.104987,15,32765
2.84854,0.677931,-0.10544,16,32765
2.90915,0.682032,-0.10841,15,32765
2.85299,0.65865,-0.10736,15,32765
2.77721,0.631279,-0.105222,16,32765
2.80856,0.628399,-0.107236,16,32765
2.77157,0.610492,-0.106353,16,32765
2.68568,0.58205,-0.104145,15,32765
2.75601,0.587631,-0.107193,16,32765
2.72861,0.572093,-0.107113,15,32765
2.75009,0.566849,-0.108497,15,32765
2.67362,0.541676,-0.106103,15,32765
2.72442,0.54229,-0.10879,15,32765
2.66736,0.521648,-0.107134,15,32765
2.74756,0.527755,-0.111232,15,32765
2.68055,0.50568,-0.108935,15,32765
2.69202,0.498563,-0.109875,15,32765
2.57568,0.468081,-0.105683,15,32765
2.60672,0.464733,-0.107338,15,32765
2.65745,0.464617,-0.109837,16,32765
2.63927,0.452291,-0.109842,15,32765
2.61119,0.438444,-0.109259,15,32765
2.58309,0.424626,-0.10834,15,32765
2.62398,0.422083,-0.110334,15,32765
2.54643,0.400635,-0.107686,15,32765
2.56752,0.394984,-0.108817,15,32765
2.58858,0.389268,-0.110141,15,32765
2.5009,0.367324,-0.107097,15,32765
2.53178,0.363114,-0.108717,16,32765
2.55277,0.357285,-0.110119,16,32765
2.51434,0.343306,-0.108804,16,32765
2.50556,0.333539,-0.108723,16,32765
2.53638,0.328837,-0.110535,16,32765
2.53746,0.320314,-0.110841,16,32765
2.55834,0.314243,-0.112014,15,32765
2.54943,0.304495,-0.112147,15,32765
2.53058,0.293661,-0.111565,16,32765
2.53152,0.285111,-0.112242,15,32765
2.56225,0.279826,-0.113899,17,32765
2.51349,0.26593,-0.112044,15,32765
2.45472,0.251426,-0.109643,17,32765
2.46548,0.244282,-0.110196,15,32765
2.43643,0.23307,-0.109562,16,32765
2.47697,0.228569,-0.111798,15,32765
2.50755,0.222833,-0.113684,15,32765
2.39879,0.205035,-0.109001,15,32765
2.43927,0.200226,-0.111133,16,32765
2.43991,0.191979,-0.111806,16,32765
2.4206,0.182282,-0.11122,16,32765
2.42116,0.174241,-0.111878,16,32765
2.41175,0.165562,-0.111489,15,32765
2.37238,0.155045,-0.110374,15,32765
2.43268,0.150877,-0.113675,15,32765
2.34341,0.137537,-0.109606,15,32765
2.38373,0.13179,-0.112122,16,32765
2.33426,0.121223,-0.11024,15,32765
2.36456,0.115007,-0.111976,15,32765
2.29505,0.103962,-0.109295,15,32765
2.35523,0.0989638,-0.112599,15,32765
2.32558,0.0899904,-0.11165,15,32765
2.36578,0.0836973,-0.113996,15,32765
2.30611,0.0738866,-0.111741,16,32765
2.26638,0.0650028,-0.110482,15,32765
2.28653,0.0580225,-0.111899,16,32765
2.28668,0.0504392,-0.112377,16,32765
2.26685,0.0426111,-0.11168,16,32765
2.24697,0.0350501,-0.111361,16,32765
2.21708,0.0273715,-0.110564,15,32765
2.23709,0.020281,-0.112384,15,32765
2.23712,0.0127742,-0.112843,15,32765
2.20716,0.00522897,-0.111792,15,32765
2.23709,-0.00195692,-0.114084,16,32765
2.20707,-0.00906635,-0.113416,15,32765
2.16705,-0.0157975,-0.111985,16,32765
2.17692,-0.0228553,-0.113485,15,32765
2.19678,-0.0301502,-0.11518,15,32765
3.02612,1.00381,-0.105269,17,32765
3.01978,0.990893,-0.107088,17,32765
2.93735,0.953313,-0.106079,17,32765
2.89276,0.928556,-0.106471,17,32765
2.87666,0.913035,-0.107758,18,32765
2.82236,0.885687,-0.107044,17,32765
2.84428,0.882319,-0.10938,18,32765
2.81849,0.863997,-0.110016,17,32765
2.76387,0.837348,-0.109334,18,32765
2.76653,0.828343,-0.110826,17,32765
2.6829,0.793851,-0.108729,17,32765
2.70462,0.790684,-0.110689,17,32765
2.63042,0.759305,-0.109181,18,32765
2.59452,0.739352,-0.108836,17,32765
2.65468,0.746774,-0.112366,17,32765
2.60898,0.72449,-0.111484,18,32765
2.59204,0.710589,-0.111804,17,32765
2.62325,0.709832,-0.114378,17,32765
2.58691,0.690908,-0.113711,17,32765
2.44422,0.644177,-0.108371,16,32765
2.53334,0.65859,-0.113278,16,32765
2.46773,0.632802,-0.111292,16,32765
2.54727,0.644117,-0.115794,18,32765
2.41368,0.601729,-0.110332,17,32765
2.42535,0.595968,-0.111739,16,32765
2.39817,0.58081,-0.111135,17,32765
2.43893,0.582032,-0.113934,17,32765
2.37277,0.557801,-0.111419,16,32765
2.40381,0.556468,-0.113738,17,32765
2.35695,0.537217,-0.11211,17,32765
2.34898,0.52701,-0.112407,17,32765
2.3702,0.523514,-0.11386,16,32765
2.31335,0.502733,-0.112051,17,32765
2.32478,0.497045,-0.112859,16,32765
2.30687,0.484996,-0.112809,17,32765
2.30848,0.477132,-0.113327,17,32765
2.32964,0.473282,-0.114894,17,32765
2.21367,0.441838,-0.109707,18,32765
2.28373,0.447852,-0.113698,16,32765
2.25576,0.434483,-0.113013,16,32765
2.28661,0.432555,-0.114901,17,32765
2.28802,0.424913,-0.115362,17,32765
2.26976,0.413626,-0.114918,16,32765
2.19246,0.391959,-0.111314,16,32765
2.1839,0.382881,-0.111205,17,32765
2.22452,0.382273,-0.1139,17,32765
2.17653,0.366475,-0.11192,17,32765
2.18761,0.360615,-0.112697,17,32765
2.16911,0.349886,-0.111963,17,32765
2.18014,0.343963,-0.113047,17,32765
2.18129,0.336505,-0.113299,17,32765
2.16265,0.326127,-0.112682,17,32765
2.15384,0.317237,-0.112805,17,32765
2.17466,0.312772,-0.114141,17,32765
2.13613,0.299815,-0.112529,17,32765
2.1569,0.295333,-0.113908,16,32765
2.15786,0.288067,-0.114208,16,32765
2.15881,0.28068,-0.114654,18,32765
2.13001,0.269645,-0.113334,17,32765
2.12098,0.261265,-0.113062,17,32765
2.16148,0.258898,-0.115657,18,32765
2.12265,0.24703,-0.113778,18,32765
2.12344,0.23984,-0.114347,17,32765
2.1143,0.231572,-0.114091,17,32765
2.09519,0.222317,-0.113314,17,32765
2.06611,0.21224,-0.11192,18,32765
2.07674,0.206368,-0.11255,17,32765
2.06746,0.198356,-0.112605,17,32765
2.09792,0.194164,-0.114608,16,32765
2.07865,0.185269,-0.113969,16,32765
2.07925,0.178255,-0.114212,16,32765
2.09973,0.172874,-0.115583,17,32765
2.0505,0.16183,-0.113411,17,32765
2.04106,0.154172,-0.113136,17,32765
2.06145,0.148812,-0.1148,17,32765
2.01212,0.138558,-0.112088,17,32765
2.08227,0.136514,-0.116611,17,32765
2.00297,0.124622,-0.112574,17,32765
1.9934,0.117371,-0.11212,16,32765
2.00373,0.111142,-0.113228,17,32765
2.00407,0.104421,-0.113626,17,32765
2.01436,0.0983042,-0.114467,17,32765
2.02462,0.0920274,-0.115586,17,32765
1.98499,0.0836998,-0.11369,17,32765
1.98523,0.0770972,-0.114102,17,32765
2.00541,0.0712114,-0.115613,17,32765
1.98565,0.0638635,-0.115006,18,32765
1.9459,0.0560346,-0.113275,17,32765
2.00593,0.0511162,-0.11715,17,32765
1.94618,0.0431202,-0.114059,17,32765
1.95628,0.0369499,-0.11489,17,32765
1.90645,0.0298957,-0.112524,17,32765
1.91648,0.0238033,-0.113708,17,32765
1.90653,0.0174111,-0.113818,17,32765
1.90655,0.0109977,-0.114209,17,32765
1.92652,0.00466033,-0.115807,17,32765
1.93646,-0.00161257,-0.117077,17,32765
1.86653,-0.00760373,-0.11358,18,32765
1.88643,-0.0137022,-0.115336,17,32765
1.90628,-0.0199786,-0.117418,17,32765
1.86625,-0.0255941,-0.115515,17,32765
2.37878,0.791972,-0.119467,16,32765
2.40988,0.793427,-0.120594,15,32765
2.34607,0.763632,-0.11718,15,32765
2.34859,0.75581,-0.117351,15,32765
2.38915,0.760176,-0.119084,16,32765
2.40114,0.75535,-0.119945,16,32765
2.40357,0.747538,-0.120057,15,32765
2.34874,0.721977,-0.117413,16,32765
2.36066,0.717059,-0.118298,15,32765
2.35348,0.70626,-0.118118,15,32765
2.37495,0.70413,-0.119284,16,32765
2.32928,0.682336,-0.117375,15,32765
2.32193,0.671807,-0.117128,16,32765
2.35292,0.672349,-0.119176,15,32765
2.31672,0.653546,-0.117506,16,32765
2.32851,0.648377,-0.118552,16,32765
2.33067,0.640513,-0.118925,16,32765
2.3328,0.632606,-0.119441,15,32765
2.35418,0.629957,-0.12086,16,32765
2.25969,0.596552,-0.116391,16,32765
2.26164,0.588982,-0.116997,16,32765
2.25389,0.579018,-0.11675,16,32765
2.25578,0.571482,-0.117242,15,32765
2.27702,0.568782,-0.118978,15,32765
2.24012,0.551544,-0.117403,15,32765
2.21281,0.536934,-0.116519,15,32765
2.27287,0.543413,-0.119934,16,32765
2.26491,0.533544,-0.120075,16,32765
2.21803,0.514617,-0.117924,15,32765
2.22947,0.509295,-0.11908,16,32765
2.22142,0.499565,-0.11895,15,32765
2.18408,0.483358,-0.117354,15,32765
2.18565,0.47602,-0.118088,15,32765
2.23605,0.479105,-0.121015,16,32765
2.19854,0.463251,-0.119583,15,32765
2.16096,0.447645,-0.118167,15,32765
2.14287,0.436302,-0.117605,15,32765
2.14433,0.42889,-0.118244,15,32765
2.15555,0.423521,-0.119251,15,32765
2.09813,0.404807,-0.116616,15,32765
2.1485,0.407035,-0.119795,16,32765
2.14001,0.398024,-0.119658,15,32765
2.1413,0.390826,-0.120434,15,32765
2.12291,0.380121,-0.119761,15,32765
2.12417,0.372797,-0.120455,16,32765
2.06637,0.355359,-0.117625,15,32765
2.11679,0.356545,-0.120817,15,32765
2.09826,0.346054,-0.120171,16,32765
2.02054,0.32625,-0.116072,15,32765
2.06104,0.325617,-0.119026,15,32765
2.1213,0.327821,-0.123045,16,32765
2.02367,0.305642,-0.117613,15,32765
2.03456,0.300122,-0.118707,15,32765
2.00591,0.288904,-0.117354,15,32765
2.05628,0.289034,-0.120704,16,32765
2.02753,0.278104,-0.119421,16,32765
1.99875,0.267342,-0.117994,16,32765
2.00952,0.261825,-0.119125,17,32765
1.98066,0.251251,-0.117738,16,32765
2.00129,0.24704,-0.119211,16,32765
2.01198,0.241557,-0.120295,17,32765
1.98301,0.231502,-0.118641,16,32765
1.99367,0.226057,-0.119518,16,32765
2.00431,0.220488,-0.120514,16,32765
2.04474,0.217842,-0.123269,16,32765
1.96602,0.20268,-0.118635,16,32765
1.97662,0.197078,-0.119333,16,32765
1.98718,0.191323,-0.120402,16,32765
1.99774,0.18563,-0.121219,16,32765
1.95856,0.175322,-0.119204,15,32765
2.02875,0.174697,-0.123471,16,32765
1.95968,0.162068,-0.119458,16,32765
1.97017,0.156215,-0.120076,16,32765
1.91095,0.145123,-0.116651,15,32765
1.97113,0.143141,-0.120697,17,32765
1.96163,0.136007,-0.120054,16,32765
1.97203,0.130164,-0.120704,16,32765
1.95253,0.122309,-0.11945,16,32765
1.99277,0.118171,-0.122153,16,32765
1.98318,0.110941,-0.121564,16,32765
1.95364,0.10287,-0.119696,16,32765
1.95396,0.0964419,-0.119756,16,32765
1.93434,0.0890345,-0.118313,16,32765
1.96454,0.0839598,-0.120081,17,32765
1.97478,0.0778272,-0.120845,16,32765
1.97503,0.0713103,-0.12073,16,32765
2.0052,0.0657482,-0.122324,16,32765
1.9655,0.0578538,-0.119806,16,32765
2.01558,0.0526313,-0.122682,16,32765
1.93592,0.0441097,-0.117766,16,32765
1.97598,0.038557,-0.120116,16,32765
1.95616,0.0317711,-0.118439,16,32765
1.96624,0.0253971,-0.118947,17,32765
1.96634,0.0189892,-0.118491,16,32765
1.98637,0.0126808,-0.119483,16,32765
1.95647,0.00602938,-0.117409,16,32765
1.96649,-0.000460087,-0.117494,15,32765
1.96651,-0.00708258,-0.116955,15,32765
1.97649,-0.0137347,-0.117069,15,32765
1.98645,-0.0203401,-0.117041,16,32765
2.01637,-0.0270507,-0.118054,16,32765
2.0076,0.670327,-0.120791,17,32765
2.06672,0.68241,-0.123954,17,32765
2.02158,0.659909,-0.121035,17,32765
2.04276,0.659284,-0.122321,17,32765
2.02592,0.646456,-0.121044,17,32765
2.03753,0.642808,-0.121942,17,32765
2.01102,0.627244,-0.120327,17,32765
2.01307,0.620573,-0.120513,18,32765
2.04376,0.62258,-0.122581,18,32765
1.95979,0.589804,-0.117676,17,32765
2.01915,0.600357,-0.121296,17,32765
2.04981,0.602188,-0.123459,18,32765
1.99427,0.578655,-0.120202,16,32765
2.00575,0.574783,-0.121289,17,32765
1.96924,0.557112,-0.119204,17,32765
2.01917,0.563848,-0.122596,17,32765
2.03067,0.559663,-0.123507,18,32765
1.994,0.542277,-0.121608,17,32765
1.97651,0.530406,-0.120797,17,32765
1.95896,0.518637,-0.12004,17,32765
1.94134,0.507013,-0.119378,16,32765
1.93333,0.498085,-0.119003,16,32765
1.93496,0.491604,-0.119427,17,32765
1.91719,0.480267,-0.118848,17,32765
1.92847,0.476171,-0.119837,16,32765
1.91064,0.464937,-0.119187,17,32765
1.88306,0.451502,-0.117662,17,32765
1.9428,0.458975,-0.121863,17,32765
1.87627,0.436569,-0.117959,17,32765
1.86799,0.42794,-0.117884,17,32765
1.88888,0.425999,-0.119445,18,32765
1.8903,0.419541,-0.119871,17,32765
1.89166,0.413172,-0.120507,18,32765
1.90279,0.408869,-0.121377,18,32765
1.89437,0.400306,-0.121343,17,32765
1.86637,0.387733,-0.120081,17,32765
1.86766,0.38136,-0.120524,18,32765
1.83958,0.368996,-0.11918,18,32765
1.85059,0.364651,-0.120216,17,32765
1.8322,0.35452,-0.119484,18,32765
1.82355,0.346472,-0.119231,17,32765
1.85411,0.345847,-0.121511,18,32765
1.83559,0.336001,-0.120891,17,32765
1.80722,0.324534,-0.11932,17,32765
1.78864,0.314823,-0.118609,17,32765
1.80934,0.312065,-0.120364,17,32765
1.78087,0.30084,-0.118732,17,32765
1.82124,0.301246,-0.121772,17,32765
1.79267,0.290305,-0.120165,16,32765
1.72463,0.273269,-0.116121,17,32765
1.70579,0.264386,-0.115279,16,32765
1.75599,0.265997,-0.118864,17,32765
1.747,0.258467,-0.118644,16,32765
1.72811,0.249632,-0.117628,16,32765
1.75856,0.247921,-0.120037,17,32765
1.75935,0.242039,-0.120435,16,32765
1.7008,0.228171,-0.116649,17,32765
1.751,0.228828,-0.120518,17,32765
1.71216,0.217846,-0.118118,17,32765
1.71287,0.212076,-0.118371,17,32765
1.69373,0.203965,-0.117419,17,32765
1.7142,0.20073,-0.1189,17,32765
1.70492,0.193909,-0.118456,17,32765
1.73529,0.19148,-0.12087,17,32765
1.68632,0.180212,-0.117721,17,32765
1.69684,0.175473,-0.118546,16,32765
1.66763,0.16679,-0.11655,18,32765
1.70788,0.164948,-0.119729,17,32765
1.68854,0.157396,-0.118519,17,32765
1.69898,0.15257,-0.119561,16,32765
1.69948,0.146812,-0.119588,17,32765
1.7099,0.141867,-0.120483,17,32765
1.71037,0.136057,-0.120494,16,32765
1.70086,0.129592,-0.119984,17,32765
1.7112,0.124677,-0.121033,16,32765
1.7315,0.120453,-0.122411,17,32765
1.68213,0.111405,-0.118929,17,32765
1.7024,0.107006,-0.120307,17,32765
1.72265,0.102508,-0.121943,17,32765
1.67319,0.0939299,-0.118437,18,32765
1.70337,0.0900137,-0.120522,17,32765
1.68373,0.0834073,-0.119164,17,32765
1.68401,0.0778007,-0.118972,16,32765
1.71416,0.073538,-0.121031,17,32765
1.72435,0.0682237,-0.121869,17,32765
1.70464,0.0617957,-0.120361,17,32765
1.69488,0.0558051,-0.119459,16,32765
1.69506,0.0501106,-0.119387,17,32765
1.71517,0.0449917,-0.120652,16,32765
1.72529,0.0395016,-0.121302,16,32765
1.66557,0.0326705,-0.117029,17,32765
1.7056,0.0278612,-0.119428,17,32765
1.71566,0.0223063,-0.120042,16,32765
1.70578,0.0166032,-0.118949,16,32765
1.69586,0.0109414,-0.118074,16,32765
1.70588,0.00535824,-0.11853,16,32765
1.72587,-0.00031655,-0.119466,16,32765
1.70594,-0.00607299,-0.117617,16,32765
1.70594,-0.0117985,-0.117203,17,32765
1.70593,-0.0174264,-0.116671,17,32765
1.75579,-0.0235271,-0.119429,16,32765
2.17918,0.725194,-0.123527,16,32765
2.13398,0.702586,-0.122511,15,32765
2.11717,0.689423,-0.123152,15,32765
2.09082,0.673328,-0.122823,16,32765
2.12147,0.675546,-0.126043,16,32765
2.09508,0.659427,-0.125731,15,32765
2.03042,0.63178,-0.123037,16,32765
2.08015,0.639701,-0.127182,16,32765
2.02486,0.615458,-0.124754,16,32765
2.04591,0.614588,-0.127066,15,32765
2.03829,0.60495,-0.127746,16,32765
2.0019,0.586981,-0.126264,15,32765
1.97505,0.571862,-0.125531,16,32765
1.97688,0.565274,-0.126554,15,32765
1.96908,0.556012,-0.126812,16,32765
1.98046,0.552144,-0.128555,16,32765
1.96298,0.540311,-0.128029,15,32765
1.93584,0.525819,-0.127081,16,32765
1.91829,0.514098,-0.126424,16,32765
1.85241,0.489788,-0.122778,15,32765
1.85401,0.483519,-0.123527,15,32765
1.8459,0.47483,-0.123575,16,32765
1.87644,0.476029,-0.126303,16,32765
1.85864,0.464872,-0.125509,16,32765
1.83106,0.45149,-0.124395,16,32765
1.86161,0.452385,-0.127057,16,32765
1.83395,0.439197,-0.125792,15,32765
1.81598,0.428363,-0.125013,15,32765
1.81738,0.422172,-0.125688,15,32765
1.84797,0.422578,-0.128209,15,32765
1.78122,0.400978,-0.12398,16,32765
1.76304,0.390636,-0.123288,15,32765
1.82281,0.39742,-0.127733,16,32765
1.77533,0.380827,-0.124865,15,32765
1.80587,0.380955,-0.127309,16,32765
1.80712,0.37482,-0.127743,16,32765
1.79857,0.366738,-0.127437,15,32765
1.78021,0.356684,-0.12658,15,32765
1.74223,0.342906,-0.124318,16,32765
1.75315,0.338938,-0.125247,16,32765
1.73466,0.329281,-0.124199,15,32765
1.74553,0.325295,-0.125367,16,32765
1.71715,0.313973,-0.123708,16,32765
1.7182,0.308125,-0.123914,16,32765
1.7585,0.309156,-0.127222,15,32765
1.73986,0.299823,-0.126005,14,32765
1.74085,0.294011,-0.126159,16,32765
1.7418,0.288135,-0.126594,16,32765
1.74274,0.282205,-0.126986,15,32765
1.73383,0.274603,-0.126597,16,32765
1.74462,0.270119,-0.127444,16,32765
1.70607,0.25807,-0.124961,15,32765
1.70693,0.252206,-0.125205,15,32765
1.67815,0.242134,-0.123213,15,32765
1.70856,0.240654,-0.125717,16,32765
1.69947,0.233503,-0.125248,16,32765
1.71011,0.229087,-0.126219,16,32765
1.66141,0.216844,-0.122921,16,32765
1.6918,0.214983,-0.125303,16,32765
1.6727,0.206809,-0.124142,16,32765
1.71299,0.205905,-0.127152,16,32765
1.72356,0.201278,-0.12817,16,32765
1.69448,0.192085,-0.126266,16,32765
1.67527,0.184163,-0.125066,15,32765
1.65604,0.176403,-0.123758,16,32765
1.6566,0.170783,-0.124108,16,32765
1.65715,0.16523,-0.124338,16,32765
1.67753,0.161525,-0.126108,16,32765
1.68797,0.156835,-0.127099,16,32765
1.64873,0.147617,-0.124528,15,32765
1.66908,0.14376,-0.126109,16,32765
1.6894,0.139779,-0.128083,16,32765
1.66002,0.131664,-0.126062,16,32765
1.68032,0.127577,-0.127866,16,32765
1.65087,0.119717,-0.126033,16,32765
1.61146,0.111407,-0.123268,15,32765
1.66155,0.10932,-0.127311,16,32765
1.65192,0.103192,-0.12694,16,32765
1.63232,0.0965675,-0.125699,16,32765
1.60273,0.0894997,-0.123834,15,32765
1.65278,0.086796,-0.127952,16,32765
1.62318,0.0798784,-0.125737,15,32765
1.65328,0.0757934,-0.128556,16,32765
1.61364,0.068602,-0.125948,16,32765
1.65368,0.0648174,-0.129332,15,32765
1.59408,0.0571116,-0.125124,16,32765
1.54442,0.0501825,-0.121496,16,32765
1.61429,0.0469936,-0.127513,16,32765
1.57455,0.0406153,-0.124658,15,32765
1.53477,0.0344575,-0.122009,16,32765
1.52489,0.0291608,-0.121499,16,32765
1.59471,0.0252517,-0.127511,16,32765
1.52497,0.0191082,-0.122493,15,32765
1.53495,0.0142796,-0.123817,16,32765
1.54492,0.00937682,-0.124995,16,32765
1.52498,0.00427354,-0.12378,16,32765
1.54487,-0.000713676,-0.126046,15,32765
1.55477,-0.00586977,-0.12752,15,32765
1.5248,-0.0107492,-0.125544,16,32765
1.48484,-0.0152906,-0.122939,15,32765
1.53454,-0.020774,-0.127898,15,32765
1.82708,0.609806,-0.121751,17,32765
1.84789,0.610182,-0.124461,17,32765
1.84977,0.604122,-0.125974,17,32765
1.80418,0.582729,-0.123891,17,32765
1.806,0.576784,-0.125208,17,32765
1.79834,0.567697,-0.125738,17,32765
1.78107,0.555826,-0.125556,18,32765
1.76376,0.544006,-0.125279,17,32765
1.74639,0.532385,-0.124851,17,32765
1.7385,0.523787,-0.125135,17,32765
1.74972,0.520841,-0.126918,17,32765
1.73224,0.509414,-0.126325,17,32765
1.68599,0.489612,-0.123759,17,32765
1.67797,0.481223,-0.123926,17,32765
1.6699,0.47293,-0.123958,17,32765
1.69061,0.472733,-0.126344,17,32765
1.6825,0.464484,-0.126247,17,32765
1.62627,0.443045,-0.122704,17,32765
1.62773,0.437523,-0.123221,18,32765
1.6195,0.429476,-0.123194,17,32765
1.64019,0.429028,-0.125324,18,32765
1.63192,0.421034,-0.1252,17,32765
1.60427,0.408194,-0.123651,17,32765
1.61528,0.405207,-0.124839,17,32765
1.62625,0.402185,-0.126339,17,32765
1.59849,0.389603,-0.124675,17,32765
1.62882,0.391237,-0.127582,17,32765
1.601,0.378781,-0.125792,17,32765
1.60224,0.373308,-0.126389,17,32765
1.58405,0.363312,-0.12529,17,32765
1.57551,0.355733,-0.124959,17,32765
1.56693,0.348226,-0.124778,17,32765
1.56808,0.342908,-0.125087,18,32765
1.55944,0.335523,-0.124793,16,32765
1.58981,0.336386,-0.127473,17,32765
1.57139,0.326909,-0.126287,17,32765
1.57246,0.321601,-0.126624,17,32765
1.55397,0.312294,-0.125513,17,32765
1.53543,0.303118,-0.124393,17,32765
1.556,0.301734,-0.126184,17,32765
1.5472,0.294586,-0.125704,17,32765
1.55794,0.291218,-0.126917,17,32765
1.53928,0.282307,-0.125728,17,32765
1.54022,0.277051,-0.125914,17,32765
1.53131,0.270037,-0.125526,17,32765
1.51256,0.26145,-0.124096,17,32765
1.48394,0.25139,-0.12181,17,32765
1.52408,0.252894,-0.125419,17,32765
1.5249,0.247691,-0.125762,17,32765
1.51589,0.240826,-0.125239,17,32765
1.5364,0.238617,-0.126978,17,32765
1.46822,0.22278,-0.121623,16,32765
1.48868,0.220643,-0.123469,17,32765
1.49927,0.216999,-0.124447,16,32765
1.48024,0.209147,-0.123096,16,32765
1.48092,0.204114,-0.123322,17,32765
1.50134,0.201754,-0.125179,17,32765
1.45258,0.190188,-0.121368,16,32765
1.50264,0.191552,-0.125663,16,32765
1.4637,0.181545,-0.122624,17,32765
1.44451,0.174188,-0.121027,16,32765
1.52425,0.178575,-0.12791,17,32765
1.46542,0.166655,-0.123191,16,32765
1.45605,0.160583,-0.1226,16,32765
1.50612,0.160957,-0.126927,17,32765
1.44715,0.14968,-0.122223,17,32765
1.46746,0.146801,-0.124101,17,32765
1.42826,0.137981,-0.120987,17,32765
1.46838,0.136889,-0.124561,17,32765
1.45888,0.131061,-0.124091,16,32765
1.43945,0.124404,-0.122472,16,32765
1.48948,0.123662,-0.127113,16,32765
1.42035,0.113045,-0.121386,17,32765
1.44057,0.109758,-0.123336,17,32765
1.43096,0.104138,-0.122865,17,32765
1.41141,0.0979273,-0.121397,17,32765
1.46142,0.0965033,-0.125882,17,32765
1.43187,0.0897766,-0.123652,17,32765
1.41225,0.0838619,-0.122184,17,32765
1.42243,0.0797352,-0.123431,17,32765
1.41272,0.0744785,-0.122801,17,32765
1.4229,0.0703015,-0.123751,17,32765
1.40319,0.0645911,-0.122449,17,32765
1.41331,0.060338,-0.123747,17,32765
1.39357,0.0548593,-0.122235,17,32765
1.37381,0.0494415,-0.120891,17,32765
1.39385,0.045503,-0.122898,17,32765
1.36409,0.0399063,-0.120712,17,32765
1.37415,0.0356317,-0.12185,17,32765
1.3543,0.0305771,-0.120531,16,32765
1.35438,0.0260596,-0.120782,17,32765
1.39426,0.02223,-0.124731,17,32765
1.35444,0.0171079,-0.121665,17,32765
1.3644,0.0128192,-0.123025,17,32765
1.39429,0.0085797,-0.126057,17,32765
1.38432,0.00398389,-0.125518,16,32765
1.37431,-0.000542621,-0.125191,16,32765
1.34437,-0.00499665,-0.123041,16,32765
1.37418,-0.00961857,-0.126205,16,32765
1.35417,-0.0138884,-0.124993,16,32765
1.33414,-0.0180163,-0.12388,17,32765
1.62601,0.544444,-0.134483,16,32765
1.62779,0.539117,-0.134326,15,32765
1.56321,0.512102,-0.128977,16,32765
1.61233,0.522292,-0.132696,16,32765
1.59506,0.510843,-0.131222,16,32765
1.58723,0.50251,-0.130715,16,32765
1.59839,0.500259,-0.131533,16,32765
1.61904,0.500911,-0.133376,16,32765
1.58254,0.48394,-0.13031,16,32765
1.6032,0.484499,-0.131971,16,32765
1.59526,0.47622,-0.131418,16,32765
1.59683,0.470891,-0.131546,16,32765
1.58881,0.462708,-0.131094,16,32765
1.6191,0.465558,-0.133669,16,32765
1.60146,0.454672,-0.132304,16,32765
1.59337,0.446549,-0.131842,16,32765
1.61405,0.446504,-0.1337,16,32765
1.58668,0.433174,-0.131512,16,32765
1.57846,0.425292,-0.131113,16,32765
1.59914,0.425085,-0.132853,16,32765
1.59089,0.417144,-0.132518,16,32765
1.5923,0.411699,-0.132619,16,32765
1.53572,0.391453,-0.128188,15,32765
1.55634,0.391076,-0.130225,15,32765
1.56731,0.388236,-0.131248,15,32765
1.55889,0.380607,-0.130806,16,32765
1.5989,0.384676,-0.134338,16,32765
1.59047,0.376946,-0.13381,16,32765
1.57233,0.36694,-0.132441,16,32765
1.51527,0.348121,-0.127985,15,32765
1.53587,0.347287,-0.129981,15,32765
1.51755,0.337772,-0.128639,15,32765
1.5284,0.334774,-0.129705,16,32765
1.56847,0.337947,-0.133384,16,32765
1.52083,0.322277,-0.129712,16,32765
1.51214,0.315018,-0.129183,16,32765
1.50343,0.307822,-0.128614,16,32765
1.53376,0.308504,-0.131592,16,32765
1.54457,0.305139,-0.132694,16,32765
1.50644,0.292284,-0.129623,16,32765
1.54655,0.294608,-0.133354,16,32765
1.48875,0.278391,-0.128507,16,32765
1.52884,0.280557,-0.132399,16,32765
1.48072,0.266553,-0.128569,16,32765
1.45215,0.256372,-0.126202,16,32765
1.49225,0.258204,-0.130086,16,32765
1.48327,0.251411,-0.129585,16,32765
1.4841,0.246249,-0.130037,16,32765
1.46525,0.237931,-0.128583,16,32765
1.45619,0.231332,-0.128053,16,32765
1.50614,0.234004,-0.132933,15,32765
1.48724,0.225869,-0.131198,16,32765
1.45839,0.216343,-0.12917,16,32765
1.47883,0.214174,-0.131164,16,32765
1.44005,0.203556,-0.128088,16,32765
1.48017,0.204154,-0.131921,16,32765
1.43146,0.192565,-0.127834,15,32765
1.4222,0.186431,-0.127196,16,32765
1.46233,0.186632,-0.131029,16,32765
1.45305,0.180371,-0.130439,16,32765
1.44374,0.174195,-0.129941,16,32765
1.41462,0.165848,-0.127468,16,32765
1.41515,0.161086,-0.127709,16,32765
1.46514,0.16183,-0.132525,16,32765
1.43595,0.153739,-0.130061,16,32765
1.41662,0.146853,-0.12854,16,32765
1.44682,0.145025,-0.131504,16,32765
1.41753,0.137228,-0.129095,16,32765
1.42789,0.133368,-0.130186,16,32765
1.43823,0.129459,-0.131295,16,32765
1.40887,0.122032,-0.128826,17,32765
1.43904,0.119837,-0.131574,16,32765
1.38977,0.111034,-0.127326,16,32765
1.40998,0.107926,-0.129265,16,32765
1.40038,0.102464,-0.128582,16,32765
1.41064,0.0984982,-0.129588,16,32765
1.42089,0.0944595,-0.130597,16,32765
1.41125,0.0890536,-0.129831,16,32765
1.42147,0.0849501,-0.130799,16,32765
1.42174,0.0801945,-0.130882,16,32765
1.3822,0.0733448,-0.127426,16,32765
1.41229,0.0702443,-0.130048,16,32765
1.4125,0.0655202,-0.130205,16,32765
1.43261,0.0616761,-0.131957,17,32765
1.35321,0.0537424,-0.124674,15,32765
1.42303,0.0517227,-0.13116,16,32765
1.39335,0.0460087,-0.128273,16,32765
1.37359,0.0407993,-0.126459,16,32765
1.37373,0.0363121,-0.126302,15,32765
1.39375,0.0322299,-0.128121,16,32765
1.41377,0.0279563,-0.129931,16,32765
1.35413,0.0222211,-0.124237,15,32765
1.41394,0.0184989,-0.129705,16,32765
1.41401,0.0138576,-0.129523,16,32765
1.39415,0.00912914,-0.127549,16,32765
1.43403,0.00468127,-0.130954,16,32765
1.39422,-6.22623e-05,-0.127042,15,32765
1.44403,-0.00490335,-0.131319,15,32765
1.39426,-0.00930267,-0.126322,15,32765
1.4341,-0.0142911,-0.129385,16,32765
1.40422,-0.0185866,-0.126168,16,32765
1.43536,0.482112,-0.133064,17,32765
1.39913,0.464834,-0.129429,16,32765
1.44795,0.475825,-0.133912,16,32765
1.44006,0.467943,-0.132868,17,32765
1.46058,0.469229,-0.134699,17,32765
1.43363,0.455294,-0.132323,17,32765
1.39711,0.438624,-0.12885,17,32765
1.39852,0.434029,-0.129091,17,32765
1.4285,0.438194,-0.131792,17,32765
1.42993,0.433479,-0.131874,17,32765
1.40275,0.420052,-0.129442,16,32765
1.39458,0.412528,-0.128675,17,32765
1.41507,0.413388,-0.130737,17,32765
1.41646,0.408553,-0.130919,17,32765
1.41781,0.403779,-0.131112,17,32765
1.41914,0.398956,-0.131407,17,32765
1.41086,0.391505,-0.130756,16,32765
1.39295,0.381463,-0.129154,17,32765
1.39418,0.376806,-0.129506,17,32765
1.37619,0.366955,-0.127842,17,32765
1.40629,0.369884,-0.130937,17,32765
1.37862,0.357556,-0.128335,17,32765
1.39911,0.357738,-0.130487,17,32765
1.39063,0.350521,-0.129969,16,32765
1.38212,0.343427,-0.129256,17,32765
1.41226,0.345879,-0.132302,17,32765
1.38435,0.334094,-0.129829,17,32765
1.38546,0.329379,-0.130079,17,32765
1.38656,0.324595,-0.130311,17,32765
1.36823,0.315321,-0.128896,17,32765
1.34986,0.30618,-0.12738,17,32765
1.3703,0.305951,-0.129488,17,32765
1.35186,0.297032,-0.127865,17,32765
1.35284,0.292399,-0.128189,17,32765
1.34405,0.285709,-0.127684,17,32765
1.345,0.281077,-0.127954,18,32765
1.36544,0.280448,-0.130049,17,32765
1.35661,0.273731,-0.129539,17,32765
1.33799,0.265162,-0.127904,17,32765
1.36819,0.266298,-0.130968,16,32765
1.36906,0.261621,-0.131291,17,32765
1.33078,0.249638,-0.127735,16,32765
1.33157,0.245132,-0.12818,17,32765
1.35195,0.244148,-0.130443,16,32765
1.35275,0.239584,-0.130619,17,32765
1.33391,0.231543,-0.129149,16,32765
1.32485,0.225279,-0.128517,17,32765
1.33541,0.222289,-0.129877,17,32765
1.3165,0.214465,-0.128209,17,32765
1.3172,0.209928,-0.128511,17,32765
1.29819,0.202349,-0.127071,16,32765
1.31856,0.200903,-0.128999,16,32765
1.32904,0.197797,-0.130489,17,32765
1.31984,0.191774,-0.129745,17,32765
1.30075,0.184468,-0.12819,16,32765
1.30133,0.180079,-0.128475,17,32765
1.3019,0.175716,-0.128758,16,32765
1.31233,0.172601,-0.129959,16,32765
1.30302,0.166855,-0.12925,17,32765
1.30356,0.162358,-0.129515,17,32765
1.30407,0.157875,-0.129867,17,32765
1.30458,0.153467,-0.130049,16,32765
1.30507,0.149063,-0.130272,17,32765
1.28575,0.142503,-0.128606,17,32765
1.2961,0.139245,-0.129797,17,32765
1.29653,0.134872,-0.130047,17,32765
1.29696,0.130459,-0.130287,17,32765
1.24785,0.121228,-0.125573,17,32765
1.27796,0.119789,-0.128732,17,32765
1.24861,0.112794,-0.125916,17,32765
1.25887,0.109434,-0.127137,17,32765
1.26914,0.106075,-0.128162,16,32765
1.26947,0.101798,-0.128426,17,32765
1.24003,0.0952715,-0.125522,16,32765
1.26017,0.0925536,-0.127735,16,32765
1.24061,0.0869577,-0.125807,16,32765
1.24088,0.0828136,-0.125891,17,32765
1.22128,0.0773709,-0.124005,17,32765
1.25133,0.0750822,-0.127077,16,32765
1.22176,0.0691967,-0.124123,17,32765
1.2319,0.0656426,-0.125314,17,32765
1.28181,0.064027,-0.130252,17,32765
1.26213,0.0588016,-0.128373,17,32765
1.27226,0.0550197,-0.129311,17,32765
1.23267,0.0491834,-0.125314,16,32765
1.23282,0.045026,-0.125374,17,32765
1.26281,0.0419085,-0.128285,17,32765
1.24305,0.0371178,-0.126281,16,32765
1.22329,0.0325172,-0.124122,16,32765
1.25323,0.0291552,-0.127139,16,32765
1.23343,0.024551,-0.125103,16,32765
1.25342,0.0207201,-0.126932,16,32765
1.24353,0.0164086,-0.125913,17,32765
1.25355,0.012414,-0.12676,16,32765
1.25359,0.00832654,-0.126625,16,32765
1.26358,0.00423215,-0.127419,17,32765
1.22382,3.80496e-05,-0.123165,16,32765
1.26363,-0.00420674,-0.126943,16,32765
1.2736,-0.00842458,-0.127514,16,32765
1.28357,-0.0127292,-0.128022,16,32765
1.26367,-0.0166768,-0.125568,16,32765
1.53076,0.512638,-0.135511,16,32765
1.51343,0.501311,-0.134931,15,32765
1.53393,0.502489,-0.137738,16,32765
1.526,0.494377,-0.137874,16,32765
1.4896,0.477146,-0.135349,15,32765
1.45313,0.46009,-0.132791,16,32765
1.45458,0.455235,-0.133616,15,32765
1.45601,0.450402,-0.1344,16,32765
1.45742,0.44559,-0.135165,16,32765
1.4588,0.440805,-0.136004,16,32765
1.46017,0.436006,-0.136724,16,32765
1.42334,0.419891,-0.133741,16,32765
1.4151,0.412349,-0.133647,16,32765
1.426,0.410348,-0.13506,15,32765
1.42729,0.405558,-0.13586,16,32765
1.41902,0.397959,-0.135721,16,32765
1.4491,0.401106,-0.138958,15,32765
1.43119,0.390936,-0.137738,16,32765
1.39398,0.375762,-0.134657,16,32765
1.40478,0.373691,-0.136165,16,32765
1.40597,0.368991,-0.13669,16,32765
1.42642,0.369267,-0.139151,16,32765
1.41796,0.36198,-0.138769,16,32765
1.39983,0.352276,-0.137407,16,32765
1.40096,0.347529,-0.137978,16,32765
1.39244,0.340319,-0.137503,16,32765
1.38385,0.333261,-0.137093,16,32765
1.35588,0.321656,-0.134673,16,32765
1.40537,0.328399,-0.139951,16,32765
1.38701,0.319256,-0.138524,16,32765
1.34919,0.305815,-0.135101,16,32765
1.38901,0.309993,-0.139494,16,32765
1.36086,0.298854,-0.136872,16,32765
1.36185,0.294171,-0.137242,16,32765
1.33361,0.283264,-0.134689,15,32765
1.35403,0.282746,-0.136992,15,32765
1.35493,0.278185,-0.137435,16,32765
1.34606,0.27167,-0.136841,15,32765
1.37621,0.272888,-0.140267,16,32765
1.32826,0.258731,-0.135571,15,32765
1.31933,0.252304,-0.134901,15,32765
1.31037,0.245942,-0.134309,15,32765
1.36011,0.250451,-0.13954,15,32765
1.34133,0.242241,-0.137999,15,32765
1.32253,0.234238,-0.13621,15,32765
1.35268,0.234812,-0.139667,15,32765
1.35344,0.230264,-0.139878,15,32765
1.32475,0.22077,-0.137143,16,32765
1.36472,0.222672,-0.141641,16,32765
1.36545,0.21802,-0.141829,15,32765
1.30719,0.204098,-0.136051,15,32765
1.33735,0.204074,-0.139479,16,32765
1.27899,0.190644,-0.133537,15,32765
1.29929,0.189081,-0.135951,15,32765
1.29991,0.184663,-0.13617,15,32765
1.31036,0.18155,-0.13748,15,32765
1.28136,0.173116,-0.134735,15,32765
1.30166,0.171358,-0.136829,16,32765
1.25287,0.160576,-0.132075,15,32765
1.30272,0.162516,-0.137519,15,32765
1.29337,0.156873,-0.136685,16,32765
1.27411,0.150198,-0.13487,15,32765
1.32398,0.151578,-0.140393,16,32765
1.32445,0.147065,-0.140721,15,32765
1.28537,0.138311,-0.136708,16,32765
1.28581,0.13389,-0.137022,15,32765
1.23675,0.124565,-0.132032,16,32765
1.26683,0.123265,-0.135426,15,32765
1.28702,0.120825,-0.137777,16,32765
1.25768,0.113828,-0.134843,16,32765
1.28773,0.112106,-0.138464,15,32765
1.24845,0.104417,-0.134392,15,32765
1.25868,0.100965,-0.135749,16,32765
1.2689,0.0974407,-0.137069,15,32765
1.22954,0.0902328,-0.132983,15,32765
1.24965,0.0874409,-0.135359,16,32765
1.25983,0.0839115,-0.136679,16,32765
1.27991,0.0809252,-0.139182,15,32765
1.24047,0.0742327,-0.135036,16,32765
1.24067,0.0701175,-0.135341,16,32765
1.24088,0.0659098,-0.135553,16,32765
1.23114,0.0612778,-0.134701,16,32765
1.24123,0.0576427,-0.136122,16,32765
1.22152,0.0526158,-0.134215,16,32765
1.22165,0.048546,-0.134568,16,32765
1.22178,0.0444351,-0.134798,16,32765
1.23183,0.0406473,-0.136169,16,32765
1.21206,0.035996,-0.134213,15,32765
1.22208,0.0321895,-0.135628,16,32765
1.20226,0.0276721,-0.133777,16,32765
1.23213,0.0242395,-0.137387,16,32765
1.22223,0.0199666,-0.136543,16,32765
1.20239,0.0156173,-0.134629,15,32765
1.21233,0.0116971,-0.136117,16,32765
1.20239,0.00768584,-0.135265,15,32765
1.19243,0.00366713,-0.134507,15,32765
1.19238,-0.000249928,-0.135036,15,32765
1.20228,-0.00418938,-0.136357,15,32765
1.19228,-0.00807409,-0.135672,15,32765
1.19219,-0.0119594,-0.136181,16,32765
1.17223,-0.0156519,-0.134266,15,32765
1.34967,0.453425,-0.132986,17,32765
1.38886,0.461508,-0.137711,17,32765
1.33355,0.438234,-0.133065,17,32765
1.32543,0.430761,-0.132979,17,32765
1.32678,0.426341,-0.133783,17,32765
1.31864,0.418837,-0.133637,17,32765
1.34845,0.423362,-0.137288,17,32765
1.33077,0.412969,-0.136072,16,32765
1.32254,0.405639,-0.135795,17,32765
1.30474,0.39551,-0.134592,16,32765
1.30597,0.391206,-0.135238,17,32765
1.29767,0.384039,-0.134791,17,32765
1.27977,0.374106,-0.133537,16,32765
1.29053,0.372553,-0.134996,17,32765
1.263,0.360023,-0.132705,16,32765
1.28332,0.361054,-0.135416,17,32765
1.27491,0.354019,-0.134834,17,32765
1.27605,0.349675,-0.135388,16,32765
1.27716,0.345376,-0.135954,17,32765
1.25902,0.335992,-0.13443,16,32765
1.25047,0.329235,-0.133872,17,32765
1.27077,0.330031,-0.136457,16,32765
1.27183,0.32572,-0.136959,17,32765
1.26324,0.318927,-0.136397,17,32765
1.27391,0.317033,-0.137958,17,32765
1.25564,0.307877,-0.136299,17,32765
1.26629,0.305936,-0.137847,16,32765
1.21891,0.290101,-0.132996,16,32765
1.21985,0.28597,-0.133404,16,32765
1.24981,0.28861,-0.137035,16,32765
1.20225,0.273393,-0.132127,16,32765
1.22251,0.273722,-0.134703,16,32765
1.20399,0.265265,-0.132835,17,32765
1.19514,0.259003,-0.132089,16,32765
1.18627,0.252791,-0.131361,16,32765
1.19683,0.250739,-0.132737,15,32765
1.15868,0.238673,-0.1288,16,32765
1.18867,0.240694,-0.132396,16,32765
1.18944,0.23663,-0.132787,16,32765
1.2585,0.24595,-0.14067,16,32765
1.19097,0.228508,-0.133332,16,32765
1.17217,0.220732,-0.131512,17,32765
1.18268,0.218501,-0.1328,17,32765
1.18338,0.214425,-0.133212,16,32765
1.17429,0.208676,-0.132312,16,32765
1.16516,0.202936,-0.131581,16,32765
1.13643,0.193991,-0.128441,16,32765
1.17626,0.196683,-0.133142,17,32765
1.2063,0.197489,-0.136856,16,32765
1.15789,0.185505,-0.131452,16,32765
1.18794,0.186109,-0.135108,17,32765
1.15908,0.177473,-0.13207,16,32765
1.17932,0.176388,-0.134504,16,32765
1.17006,0.170858,-0.133707,16,32765
1.15093,0.164063,-0.131655,17,32765
1.15147,0.160088,-0.1319,16,32765
1.15197,0.156176,-0.132221,17,32765
1.14264,0.150949,-0.13111,16,32765
1.16281,0.149558,-0.133769,16,32765
1.14357,0.143166,-0.131716,16,32765
1.11445,0.135651,-0.128489,16,32765
1.14447,0.135397,-0.132145,16,32765
1.14489,0.131545,-0.132401,16,32765
1.1453,0.127632,-0.132685,16,32765
1.15558,0.124798,-0.133998,16,32765
1.16585,0.121845,-0.135429,16,32765
1.12669,0.1139,-0.131094,16,32765
1.12705,0.110073,-0.131294,16,32765
1.1274,0.106237,-0.131501,16,32765
1.13761,0.103352,-0.132876,16,32765
1.11813,0.0977144,-0.130945,16,32765
1.10853,0.0930745,-0.129953,16,32765
1.11872,0.0900903,-0.131372,16,32765
1.12889,0.0870339,-0.132759,16,32765
1.11926,0.0824704,-0.131773,16,32765
1.11951,0.0786549,-0.131981,17,32765
1.11974,0.0748906,-0.1322,16,32765
1.11004,0.0704815,-0.131335,16,32765
1.13008,0.0679185,-0.133834,16,32765
1.10052,0.0624708,-0.130584,16,32765
1.13045,0.0603152,-0.134306,16,32765
1.13062,0.0565351,-0.13452,16,32765
1.12085,0.0523001,-0.133642,16,32765
1.12099,0.0485229,-0.133891,16,32765
1.09134,0.0435889,-0.130652,17,32765
1.08154,0.0395435,-0.129668,17,32765
1.09156,0.0362194,-0.131102,16,32765
1.08172,0.0323143,-0.130125,17,32765
1.10164,0.0291996,-0.132797,16,32765
1.13147,0.0262196,-0.136719,16,32765
1.09181,0.02164,-0.132182,16,32765
1.1117,0.0183144,-0.134826,16,32765
1.09187,0.0143225,-0.132696,16,32765
1.09187,0.0106656,-0.133034,16,32765
1.07202,0.00697114,-0.13085,16,32765
1.08192,0.00343718,-0.132389,16,32765
1.08187,-0.000126502,-0.132869,16,32765
1.08184,-0.00367928,-0.133045,16,32765
1.06193,-0.00711213,-0.130998,16,32765
1.06184,-0.010582,-0.131451,16,32765
1.08161,-0.0143806,-0.134235,16,32765
1.28135,0.431864,-0.14571,15,32765
1.2545,0.418157,-0.142394,15,32765
1.25587,0.413986,-0.142526,15,32765
1.26667,0.412919,-0.143674,15,32765
1.25855,0.405664,-0.142746,15,32765
1.24096,0.395354,-0.140754,15,32765
1.20434,0.379225,-0.136616,15,32765
1.23406,0.38399,-0.140141,15,32765
1.26385,0.388568,-0.14348,15,32765
1.22708,0.372769,-0.139382,15,32765
1.19973,0.360058,-0.136414,16,32765
1.25808,0.372968,-0.143271,15,32765
1.24977,0.365907,-0.142433,15,32765
1.24141,0.358907,-0.141689,15,32765
1.21392,0.346536,-0.138645,15,32765
1.21506,0.342402,-0.138907,16,32765
1.23533,0.343609,-0.141378,15,32765
1.22685,0.336848,-0.140626,16,32765
1.20875,0.3275,-0.138827,15,32765
1.20981,0.323449,-0.139065,16,32765
1.2205,0.321824,-0.140398,16,32765
1.22155,0.317647,-0.14079,15,32765
1.20333,0.308541,-0.138928,15,32765
1.20435,0.304419,-0.139217,16,32765
1.20534,0.300391,-0.139379,16,32765
1.17735,0.289167,-0.136451,16,32765
1.21691,0.294576,-0.141261,16,32765
1.20818,0.288171,-0.14053,16,32765
1.19946,0.281771,-0.139603,16,32765
1.19072,0.275356,-0.138791,15,32765
1.21102,0.275544,-0.141456,16,32765
1.22162,0.273519,-0.142944,16,32765
1.1934,0.262894,-0.139902,16,32765
1.20397,0.260915,-0.14132,16,32765
1.1951,0.254757,-0.140475,16,32765
1.15703,0.242514,-0.136239,16,32765
1.16755,0.240564,-0.137646,16,32765
1.15858,0.234595,-0.136938,15,32765
1.17884,0.234536,-0.13943,15,32765
1.19909,0.234306,-0.142079,17,32765
1.1901,0.228286,-0.141262,16,32765
1.18108,0.222376,-0.140364,16,32765
1.15248,0.212927,-0.137303,15,32765
1.17271,0.212547,-0.139872,16,32765
1.1734,0.208562,-0.140093,16,32765
1.19365,0.207906,-0.142739,16,32765
1.17474,0.20048,-0.140694,16,32765
1.146,0.191533,-0.137483,15,32765
1.15642,0.189185,-0.138947,15,32765
1.15703,0.185233,-0.139135,16,32765
1.14782,0.179689,-0.138273,16,32765
1.18765,0.181801,-0.143264,16,32765
1.15879,0.173271,-0.139932,16,32765
1.14952,0.167835,-0.139056,16,32765
1.15006,0.163886,-0.139275,16,32765
1.15058,0.159925,-0.139569,16,32765
1.13142,0.153379,-0.137314,16,32765
1.1319,0.149572,-0.13756,15,32765
1.14222,0.147017,-0.138971,16,32765
1.15253,0.14441,-0.140389,15,32765
1.153,0.140473,-0.140535,16,32765
1.13373,0.134201,-0.138337,16,32765
1.15389,0.132616,-0.140889,16,32765
1.18391,0.132011,-0.144651,16,32765
1.12512,0.12163,-0.137501,15,32765
1.14525,0.11984,-0.140167,16,32765
1.14565,0.115925,-0.140197,16,32765
1.14601,0.112002,-0.140444,16,32765
1.14639,0.108062,-0.140432,16,32765
1.12696,0.102392,-0.138129,16,32765
1.15696,0.10115,-0.141824,16,32765
1.16717,0.0980533,-0.143152,16,32765
1.12791,0.0909221,-0.13839,15,32765
1.1282,0.0871059,-0.138461,15,32765
1.13837,0.0840415,-0.139809,16,32765
1.13865,0.0801969,-0.139816,16,32765
1.13891,0.0763513,-0.139819,16,32765
1.13917,0.0725317,-0.139793,16,32765
1.11958,0.0674953,-0.137429,15,32765
1.11979,0.0638131,-0.137488,15,32765
1.12,0.0600796,-0.137442,16,32765
1.1301,0.0568592,-0.138718,16,32765
1.1303,0.0530832,-0.138617,16,32765
1.14038,0.0497294,-0.139859,16,32765
1.13064,0.0455005,-0.138527,16,32765
1.15062,0.0424287,-0.140977,16,32765
1.10117,0.0369006,-0.134807,16,32765
1.14098,0.034369,-0.139573,16,32765
1.12125,0.0299772,-0.13713,16,32765
1.12138,0.0262646,-0.136841,15,32765
1.13138,0.022697,-0.138034,15,32765
1.12154,0.0187841,-0.13671,15,32765
1.14146,0.0153647,-0.139026,16,32765
1.16137,0.0118054,-0.141346,16,32765
1.17137,0.00805304,-0.142235,16,32765
1.11185,0.00389971,-0.134836,15,32765
1.1516,0.000221092,-0.139384,15,32765
1.15161,-0.0035752,-0.139225,15,32765
1.17149,-0.00755512,-0.141238,16,32765
1.12185,-0.0110067,-0.135004,15,32765
1.13179,-0.0149277,-0.135753,16,32765
1.1008,0.372256,-0.136259,16,32765
1.10205,0.368572,-0.13617,17,32765
1.10326,0.364897,-0.136288,16,32765
1.09501,0.358154,-0.13519,17,32765
1.10563,0.357565,-0.136483,16,32765
1.12574,0.359847,-0.138957,16,32765
1.108,0.350055,-0.13677,17,32765
1.12811,0.352194,-0.139382,17,32765
1.11031,0.342502,-0.137133,17,32765
1.11143,0.338765,-0.137331,17,32765
1.12205,0.33787,-0.138761,16,32765
1.14218,0.339739,-0.141442,16,32765
1.10519,0.324657,-0.136947,16,32765
1.10625,0.320898,-0.137254,16,32765
1.1073,0.317157,-0.137461,16,32765
1.09879,0.310674,-0.136514,17,32765
1.09981,0.306937,-0.136767,16,32765
1.08165,0.297976,-0.134693,16,32765
1.06345,0.289097,-0.13266,16,32765
1.09316,0.29324,-0.136462,16,32765
1.09413,0.28947,-0.136669,16,32765
1.10468,0.288221,-0.138223,16,32765
1.07678,0.277019,-0.134936,16,32765
1.08731,0.275761,-0.136403,16,32765
1.09784,0.274521,-0.137758,16,32765
1.118,0.275515,-0.140572,17,32765
1.09959,0.267074,-0.138453,16,32765
1.08114,0.258738,-0.136374,17,32765
1.09165,0.257311,-0.137772,16,32765
1.05384,0.244525,-0.133174,16,32765
1.07401,0.245197,-0.13598,17,32765
1.08449,0.24364,-0.137523,17,32765
1.08529,0.239889,-0.137852,17,32765
1.10547,0.240383,-0.140572,16,32765
1.08684,0.232467,-0.138375,17,32765
1.05846,0.22261,-0.134973,16,32765
1.0689,0.22099,-0.136452,17,32765
1.05988,0.215344,-0.135614,17,32765
1.04112,0.207848,-0.133294,17,32765
1.06126,0.208088,-0.136092,16,32765
1.08142,0.208156,-0.138897,16,32765
1.0821,0.204445,-0.139136,16,32765
1.06324,0.19712,-0.137016,17,32765
1.07363,0.195266,-0.138495,17,32765
1.0352,0.184639,-0.133654,17,32765
1.04557,0.182751,-0.135188,16,32765
1.06572,0.182511,-0.137983,17,32765
1.05652,0.177199,-0.137001,16,32765
1.05709,0.173545,-0.137266,16,32765
1.05766,0.169923,-0.137439,17,32765
1.068,0.167788,-0.139006,16,32765
1.03913,0.159632,-0.135412,16,32765
1.03965,0.156013,-0.135609,16,32765
1.05977,0.155288,-0.138455,16,32765
1.04064,0.148828,-0.13609,16,32765
1.03129,0.143864,-0.135069,16,32765
1.04158,0.141715,-0.136477,16,32765
1.04202,0.138199,-0.136704,16,32765
1.05229,0.135941,-0.138192,16,32765
1.03304,0.129918,-0.135806,16,32765
1.07283,0.131193,-0.141117,16,32765
1.06341,0.126348,-0.140014,16,32765
1.02441,0.118179,-0.134959,16,32765
1.02479,0.114703,-0.135088,16,32765
1.0153,0.110178,-0.133864,16,32765
1.02551,0.107724,-0.135392,16,32765
1.00614,0.102205,-0.132815,16,32765
1.02619,0.100685,-0.13564,16,32765
0.987049,0.0934108,-0.130414,16,32765
1.02684,0.0936688,-0.135739,16,32765
1.01727,0.0892968,-0.134486,16,32765
1.03731,0.0875,-0.137201,16,32765
1.03759,0.0839874,-0.137285,16,32765
1.02798,0.0797004,-0.136042,16,32765
1.01834,0.0754994,-0.134854,16,32765
1.03837,0.0734493,-0.137479,16,32765
1.01883,0.0686003,-0.134863,16,32765
1.02895,0.0658063,-0.13615,16,32765
1.04895,0.0635248,-0.138831,16,32765
1.02935,0.0589318,-0.136266,16,32765
1.00975,0.0544228,-0.133605,17,32765
1.02972,0.0520613,-0.136279,17,32765
1.02,0.0481434,-0.134877,16,32765
1.02015,0.0447168,-0.134901,16,32765
1.02031,0.041281,-0.134797,16,32765
1.04025,0.0385736,-0.137432,16,32765
1.04039,0.0350684,-0.137344,16,32765
1.05042,0.0318373,-0.138568,16,32765
1.04061,0.0280056,-0.137246,16,32765
1.04074,0.0245499,-0.136978,16,32765
1.01108,0.0204429,-0.133049,16,32765
1.03098,0.0174199,-0.135554,16,32765
1.05087,0.0142909,-0.138065,16,32765
1.04101,0.0107162,-0.136675,16,32765
1.03116,0.00721219,-0.135092,16,32765
1.0312,0.00372986,-0.134938,16,32765
1.02132,0.000298144,-0.133403,16,32765
0.99159,-0.00298877,-0.129381,15,32765
1.06103,-0.00675719,-0.138087,16,32765
1.07095,-0.0104314,-0.139139,16,32765
1.0313,-0.0135394,-0.13358,16,32765
1.21453,0.409558,-0.145892,15,32765
1.17803,0.393016,-0.142429,15,32765
1.19807,0.395412,-0.145561,16,32765
1.16148,0.379095,-0.141952,16,32765
1.16261,0.375266,-0.142839,16,32765
1.15429,0.368381,-0.142502,15,32765
1.12699,0.355609,-0.139747,15,32765
1.14703,0.357788,-0.142839,16,32765
1.1671,0.359818,-0.145994,15,32765
1.15871,0.353061,-0.14541,16,32765
1.1503,0.346274,-0.144892,15,32765
1.14187,0.339544,-0.144378,16,32765
1.14295,0.335607,-0.145006,16,32765
1.12496,0.326115,-0.143214,15,32765
1.14508,0.327747,-0.146182,16,32765
1.15565,0.326527,-0.148149,16,32765
1.11845,0.311933,-0.143782,16,32765
1.13855,0.313433,-0.146852,15,32765
1.12039,0.304386,-0.144815,15,32765
1.10216,0.295505,-0.142886,15,32765
1.11269,0.294292,-0.144579,15,32765
1.0944,0.285558,-0.142655,15,32765
1.14332,0.294305,-0.149336,16,32765
1.08656,0.275799,-0.142186,16,32765
1.11629,0.279378,-0.146478,15,32765
1.10755,0.273119,-0.145746,15,32765
1.10843,0.269289,-0.146198,16,32765
1.08037,0.258549,-0.142686,16,32765
1.10051,0.259383,-0.145631,16,32765
1.12064,0.260131,-0.148623,16,32765
1.10215,0.251857,-0.146396,15,32765
1.10294,0.248092,-0.146843,16,32765
1.10375,0.244336,-0.147112,16,32765
1.09485,0.238414,-0.146174,16,32765
1.06652,0.228433,-0.14266,16,32765
1.06727,0.224685,-0.143031,16,32765
1.08742,0.225004,-0.145893,16,32765
1.08814,0.22126,-0.146251,16,32765
1.0597,0.211676,-0.142614,16,32765
1.05066,0.206131,-0.141526,16,32765
1.07079,0.206281,-0.144433,16,32765
1.05196,0.19895,-0.142147,15,32765
1.0526,0.195381,-0.142341,15,32765
1.04348,0.189999,-0.14124,15,32765
1.09288,0.195107,-0.148131,16,32765
1.09352,0.191333,-0.148355,15,32765
1.08437,0.185885,-0.147277,15,32765
1.05564,0.177295,-0.143498,15,32765
1.07578,0.176901,-0.146286,16,32765
1.047,0.168484,-0.142466,15,32765
1.05736,0.166326,-0.14397,15,32765
1.03832,0.159606,-0.141507,15,32765
1.03884,0.156021,-0.141658,16,32765
1.04914,0.153934,-0.143194,15,32765
1.04964,0.150373,-0.143353,15,32765
1.05013,0.146761,-0.143462,16,32765
1.06043,0.144437,-0.145016,15,32765
1.05109,0.139437,-0.14379,16,32765
1.02205,0.131994,-0.139989,15,32765
1.0323,0.12975,-0.141463,15,32765
1.00321,0.122643,-0.137555,15,32765
1.04297,0.123907,-0.14306,15,32765
1.03351,0.119246,-0.141927,15,32765
1.0339,0.115698,-0.142035,15,32765
1.06381,0.115361,-0.14629,15,32765
1.00505,0.105484,-0.13834,15,32765
1.01526,0.103019,-0.139794,15,32765
1.00573,0.0985928,-0.138496,15,32765
1.05535,0.0998259,-0.145535,15,32765
1.01619,0.0926741,-0.140238,16,32765
1.05594,0.0926943,-0.145952,15,32765
1.00686,0.0849498,-0.139364,16,32765
1.01701,0.0823691,-0.140752,15,32765
1.04688,0.0812077,-0.145044,15,32765
0.997733,0.0739959,-0.138397,15,32765
0.978201,0.0692087,-0.135768,16,32765
1.04758,0.0705402,-0.14559,15,32765
1.01814,0.0651309,-0.141576,16,32765
0.978776,0.0593257,-0.136299,15,32765
1.0185,0.0583261,-0.141963,15,32765
1.02855,0.05545,-0.143583,15,32765
1.00891,0.0509648,-0.141073,16,32765
0.999165,0.0470972,-0.139827,15,32765
1.05865,0.0463036,-0.148366,15,32765
0.9895,0.0399397,-0.138904,15,32765
0.989593,0.0366094,-0.139161,15,32765
0.999567,0.0336075,-0.140842,15,32765
0.989741,0.0299875,-0.139694,15,32765
1.0294,0.0277534,-0.145473,15,32765
0.970066,0.0229418,-0.137282,16,32765
0.999781,0.0202422,-0.141871,16,32765
0.989917,0.0166901,-0.14066,15,32765
0.980035,0.0132261,-0.139487,15,32765
1.04932,0.010664,-0.14974,15,32765
0.970102,0.00668845,-0.138769,15,32765
0.960183,0.00346129,-0.137612,15,32765
0.989828,0.000309533,-0.142269,15,32765
0.930385,-0.0028055,-0.134075,15,32765
0.969903,-0.00618561,-0.140177,15,32765
0.930228,-0.00904415,-0.134888,15,32765
0.979611,-0.0127579,-0.142475,15,32765
1.07174,0.362636,-0.139544,16,32765
1.05397,0.352825,-0.138046,16,32765
1.05502,0.349386,-0.138799,16,32765
1.04663,0.342775,-0.13844,16,32765
1.03822,0.336257,-0.137986,16,32765
1.04868,0.335819,-0.139991,16,32765
1.04023,0.329356,-0.139422,16,32765
1.04123,0.325898,-0.140098,17,32765
1.05169,0.32535,-0.142088,16,32765
1.03373,0.316058,-0.140067,16,32765
1.0537,0.318281,-0.143255,17,32765
1.01668,0.303357,-0.138702,16,32765
1.01765,0.299841,-0.139263,16,32765
0.999565,0.290761,-0.137216,16,32765
1.00049,0.287347,-0.13769,16,32765
1.01091,0.286617,-0.139657,16,32765
0.992728,0.277826,-0.137494,17,32765
1.01269,0.27975,-0.140684,16,32765
0.994456,0.271107,-0.138413,17,32765
1.024,0.2755,-0.142914,17,32765
0.986562,0.261837,-0.137972,17,32765
0.987364,0.258524,-0.138486,16,32765
0.997757,0.257728,-0.140201,17,32765
0.979372,0.249457,-0.137849,16,32765
0.980142,0.24616,-0.138303,17,32765
0.971311,0.240359,-0.137414,17,32765
0.981707,0.239337,-0.139175,17,32765
0.972855,0.233635,-0.138084,17,32765
0.935047,0.221158,-0.132954,16,32765
0.955036,0.222467,-0.136068,16,32765
0.96541,0.221386,-0.137737,16,32765
0.975768,0.220259,-0.13951,17,32765
0.995816,0.221221,-0.142516,16,32765
0.93848,0.205086,-0.134518,16,32765
0.987541,0.212267,-0.141792,16,32765
0.978545,0.206739,-0.140743,16,32765
0.959833,0.199311,-0.138187,16,32765
0.950768,0.194016,-0.137105,16,32765
0.951398,0.190723,-0.137357,16,32765
0.942305,0.185536,-0.136154,16,32765
0.9429,0.182297,-0.136407,16,32765
0.943473,0.179076,-0.136712,16,32765
0.953784,0.177679,-0.138298,16,32765
0.964098,0.17618,-0.139911,16,32765
0.935433,0.167604,-0.135921,16,32765
0.91648,0.160941,-0.133277,16,32765
0.946267,0.162804,-0.137747,16,32765
0.946787,0.159596,-0.137928,16,32765
0.927779,0.153125,-0.135197,16,32765
0.967364,0.156243,-0.141048,16,32765
0.938559,0.148185,-0.136927,16,32765
0.948829,0.146393,-0.13854,16,32765
0.91995,0.138681,-0.134389,16,32765
0.920391,0.13555,-0.134564,16,32765
0.920826,0.132416,-0.134705,16,32765
0.940865,0.131988,-0.137669,16,32765
0.921682,0.126017,-0.134986,16,32765
0.912293,0.121488,-0.133653,17,32765
0.922492,0.119596,-0.135298,16,32765
0.91306,0.115206,-0.133972,16,32765
0.942894,0.115717,-0.13842,16,32765
0.923617,0.110158,-0.135635,16,32765
0.914127,0.105888,-0.134384,16,32765
0.914472,0.102741,-0.13448,16,32765
0.914795,0.0995995,-0.134649,16,32765
0.92495,0.0974687,-0.136261,16,32765
0.935112,0.0952737,-0.137801,17,32765
0.91573,0.0901391,-0.134954,16,32765
0.896302,0.0851344,-0.132265,16,32765
0.926123,0.0848149,-0.136756,16,32765
0.916516,0.0807973,-0.135535,16,32765
0.906897,0.0768453,-0.134287,17,32765
0.926868,0.0753956,-0.137226,17,32765
0.897507,0.069928,-0.133012,16,32765
0.917443,0.0683466,-0.136114,17,32765
0.89792,0.0638186,-0.13329,16,32765
0.898105,0.0607558,-0.13348,17,32765
0.888418,0.0571014,-0.132107,16,32765
0.918194,0.0559226,-0.136718,16,32765
0.898606,0.0517145,-0.133916,16,32765
0.908619,0.0492329,-0.135602,17,32765
0.918625,0.046646,-0.137305,16,32765
0.908879,0.0430719,-0.135954,16,32765
0.89911,0.0395446,-0.134674,17,32765
0.909087,0.0369065,-0.136378,16,32765
0.909171,0.033838,-0.136614,16,32765
0.879591,0.0297623,-0.132414,16,32765
0.869769,0.0265306,-0.131143,16,32765
0.929135,0.0252314,-0.140258,16,32765
0.909414,0.021676,-0.137463,16,32765
0.899545,0.0183708,-0.136317,16,32765
0.879804,0.0149794,-0.133492,16,32765
0.879818,0.0120109,-0.133702,16,32765
0.869918,0.00896824,-0.132524,16,32765
0.879783,0.00618633,-0.134329,16,32765
0.869877,0.00324671,-0.133055,16,32765
0.879713,0.000379019,-0.134923,16,32765
0.850008,-0.00247085,-0.130689,15,32765
0.869708,-0.00546057,-0.134083,15,32765
0.830094,-0.00799641,-0.128375,15,32765
0.849771,-0.010999,-0.131789,16,32765
0,0,-0,0,32765
1.02383,0.343619,-0.147624,15,32765
1.03431,0.343405,-0.149267,16,32765
1.00714,0.330683,-0.145635,15,32765
0.96109,0.312012,-0.139124,15,32765
0.962085,0.308764,-0.139486,15,32765
0.991394,0.314498,-0.14398,16,32765
1.02076,0.320055,-0.148394,15,32765
0.993397,0.307843,-0.144553,15,32765
1.01332,0.310323,-0.147571,16,32765
0.976415,0.295405,-0.142299,16,32765
0.967895,0.289223,-0.14117,15,32765
0.95934,0.283107,-0.140065,16,32765
0.998304,0.290905,-0.145819,15,32765
0.970687,0.279323,-0.141937,15,32765
0.962082,0.273297,-0.140735,15,32765
0.972495,0.272692,-0.142449,16,32765
1.03065,0.285233,-0.151038,16,32765
1.00291,0.273906,-0.147109,16,32765
0.984677,0.265359,-0.144557,16,32765
0.947271,0.251776,-0.139236,15,32765
0.97682,0.256061,-0.143722,16,32765
1.00643,0.260113,-0.148135,15,32765
0.959319,0.244443,-0.14126,16,32765
0.960109,0.241192,-0.141482,16,32765
0.9705,0.240302,-0.143122,16,32765
0.961653,0.234672,-0.141958,15,32765
1.00091,0.240663,-0.147828,15,32765
1.02096,0.241794,-0.150935,15,32765
0.973553,0.227006,-0.14409,16,32765
0.964665,0.221351,-0.142916,16,32765
0.955756,0.215733,-0.14174,16,32765
0.937159,0.208073,-0.139061,16,32765
0.976513,0.213257,-0.145066,16,32765
0.957859,0.205746,-0.142392,16,32765
0.948838,0.200413,-0.141212,16,32765
0.968863,0.201171,-0.144344,15,32765
0.959806,0.195873,-0.1432,15,32765
0.950747,0.190615,-0.141938,16,32765
0.970772,0.19116,-0.14512,17,32765
0.96168,0.1859,-0.143921,15,32765
0.942842,0.178853,-0.141279,16,32765
0.943423,0.175573,-0.141519,16,32765
0.943989,0.172288,-0.141781,16,32765
0.944536,0.169039,-0.142048,16,32765
0.945083,0.16577,-0.142264,16,32765
0.935855,0.160819,-0.14111,16,32765
0.955876,0.160905,-0.144259,16,32765
0.946618,0.156005,-0.143099,16,32765
0.937352,0.151216,-0.141791,16,32765
0.928064,0.146433,-0.140554,16,32765
0.957851,0.147732,-0.145248,16,32765
0.928983,0.139945,-0.141092,16,32765
0.948999,0.139554,-0.14431,16,32765
0.910298,0.130657,-0.138514,16,32765
0.940089,0.13161,-0.143217,16,32765
0.940493,0.128348,-0.143526,16,32765
0.921303,0.122525,-0.140671,16,32765
0.911879,0.118109,-0.139382,16,32765
0.931869,0.117494,-0.142532,16,32765
0.932226,0.11433,-0.142772,16,32765
0.932593,0.11115,-0.142882,16,32765
0.913288,0.105729,-0.140097,16,32765
0.933265,0.104796,-0.143298,16,32765
0.933589,0.101619,-0.143472,16,32765
0.943735,0.0994383,-0.145175,16,32765
0.92438,0.0941854,-0.142307,16,32765
0.924675,0.0910118,-0.142453,16,32765
0.934797,0.0888152,-0.144106,16,32765
0.935084,0.0856602,-0.144151,16,32765
0.925501,0.0816002,-0.142793,16,32765
0.935577,0.0792785,-0.144608,16,32765
0.935835,0.0761148,-0.144638,16,32765
0.926222,0.0721793,-0.143191,16,32765
0.936314,0.0697716,-0.144731,16,32765
0.936529,0.0666113,-0.144832,16,32765
0.936732,0.0634153,-0.144955,16,32765
0.93692,0.0602499,-0.145091,16,32765
0.917394,0.0558765,-0.142005,15,32765
0.917576,0.0527695,-0.142018,16,32765
0.907866,0.0491713,-0.140579,16,32765
0.917891,0.046596,-0.142146,15,32765
0.908169,0.0430544,-0.140627,16,32765
0.918183,0.0404589,-0.142135,15,32765
0.918314,0.0373896,-0.142129,16,32765
0.938195,0.0350643,-0.145122,16,32765
0.90868,0.030879,-0.140527,15,32765
0.918659,0.0281092,-0.142042,15,32765
0.938501,0.0255838,-0.145126,15,32765
0.928719,0.0222006,-0.143484,15,32765
0.918925,0.0188681,-0.141846,15,32765
0.938756,0.0161092,-0.144834,16,32765
0.909172,0.0125676,-0.140173,15,32765
0.909228,0.00960285,-0.140041,15,32765
0.919169,0.00668084,-0.141367,15,32765
0.958748,0.00384699,-0.147265,15,32765
0.929129,0.000607252,-0.142548,15,32765
0.899504,-0.00239349,-0.13779,15,32765
0.88964,-0.00534108,-0.136058,15,32765
0.909439,-0.00847616,-0.138743,15,32765
0.899574,-0.0113481,-0.136884,15,32765
0,0,-0,0,32765
0.90958,0.306365,-0.140374,16,32765
0.919923,0.30652,-0.142078,16,32765
0.892691,0.294152,-0.138119,16,32765
0.884226,0.288085,-0.136938,15,32765
0.894561,0.28812,-0.138732,16,32765
0.876626,0.279085,-0.136158,16,32765
0.868085,0.27316,-0.134951,15,32765
0.887849,0.27612,-0.138137,15,32765
0.898188,0.276049,-0.139842,15,32765
0.88016,0.267238,-0.137119,16,32765
0.909458,0.272735,-0.141781,16,32765
0.881899,0.261186,-0.137608,16,32765
0.863777,0.252607,-0.134829,16,32765
0.883589,0.255172,-0.138051,16,32765
0.884431,0.25214,-0.138227,15,32765
0.89476,0.251796,-0.140009,16,32765
0.895585,0.248745,-0.140192,16,32765
0.886853,0.243079,-0.138938,16,32765
0.887638,0.240069,-0.139163,16,32765
0.888423,0.236985,-0.139439,16,32765
0.879632,0.231416,-0.138181,16,32765
0.928252,0.240774,-0.145863,16,32765
0.87158,0.222888,-0.137004,16,32765
0.881886,0.222342,-0.138715,16,32765
0.882607,0.21933,-0.13892,16,32765
0.873708,0.213984,-0.137641,16,32765
0.893623,0.215646,-0.140838,16,32765
0.894322,0.212573,-0.14107,16,32765
0.885394,0.207201,-0.139804,16,32765
0.886086,0.204061,-0.140036,16,32765
0.90605,0.20526,-0.143322,16,32765
0.877803,0.195607,-0.138921,16,32765
0.888095,0.194659,-0.140695,16,32765
0.908051,0.195764,-0.143942,16,32765
0.860346,0.18239,-0.136521,16,32765
0.880282,0.183452,-0.139817,16,32765
0.871183,0.178445,-0.138553,16,32765
0.871769,0.175428,-0.138723,16,32765
0.862637,0.170497,-0.137435,16,32765
0.87289,0.169365,-0.139209,16,32765
0.883143,0.168154,-0.141005,16,32765
0.893399,0.166886,-0.142783,16,32765
0.85507,0.156646,-0.136813,15,32765
0.884734,0.158933,-0.141728,16,32765
0.894975,0.157574,-0.14349,16,32765
0.876003,0.151105,-0.140664,16,32765
0.847268,0.143166,-0.136161,16,32765
0.8672,0.143463,-0.139578,16,32765
0.85791,0.138931,-0.138163,16,32765
0.868105,0.1375,-0.139958,16,32765
0.858782,0.132965,-0.138615,16,32765
0.859202,0.129936,-0.138885,16,32765
0.869387,0.128347,-0.14069,16,32765
0.869802,0.125334,-0.140838,16,32765
0.889753,0.125055,-0.144226,16,32765
0.890135,0.121958,-0.144519,16,32765
0.851383,0.113678,-0.138292,15,32765
0.881106,0.114582,-0.143262,16,32765
0.871672,0.110348,-0.141813,16,32765
0.872006,0.10738,-0.142039,16,32765
0.86255,0.103223,-0.140544,16,32765
0.88247,0.102583,-0.143954,16,32765
0.872981,0.0984345,-0.142532,16,32765
0.853661,0.0933089,-0.139488,16,32765
0.863765,0.0913977,-0.141268,16,32765
0.864051,0.088415,-0.141415,16,32765
0.864328,0.0854396,-0.141552,16,32765
0.844943,0.0806285,-0.138459,16,32765
0.855032,0.0786724,-0.140111,16,32765
0.845441,0.0748743,-0.138646,16,32765
0.816149,0.0694714,-0.134068,16,32765
0.826211,0.0675068,-0.135711,16,32765
0.846102,0.0662423,-0.139011,16,32765
0.85616,0.0641001,-0.140643,16,32765
0.856357,0.0612016,-0.140735,16,32765
0.846698,0.0576006,-0.13923,16,32765
0.827173,0.0534581,-0.136112,16,32765
0.847054,0.0518552,-0.139324,16,32765
0.837371,0.0484082,-0.137716,16,32765
0.857222,0.046677,-0.14104,16,32765
0.867224,0.0442664,-0.142698,16,32765
0.827941,0.039474,-0.13622,16,32765
0.857645,0.0380136,-0.141067,16,32765
0.82819,0.0339263,-0.136197,16,32765
0.867752,0.0326388,-0.142624,16,32765
0.86786,0.0296901,-0.142612,16,32765
0.838368,0.0258354,-0.13774,16,32765
0.848309,0.0233017,-0.139387,16,32765
0.838535,0.0202107,-0.137663,16,32765
0.848481,0.0175808,-0.13918,16,32765
0.828811,0.0143694,-0.135888,16,32765
0.848603,0.0118721,-0.139042,15,32765
0.848657,0.00909644,-0.138919,16,32765
0.838843,0.00622031,-0.137125,16,32765
0.838885,0.00348099,-0.136965,16,32765
0.809307,0.000631542,-0.13199,16,32765
0.809335,-0.00205917,-0.131802,15,32765
0.819226,-0.00483118,-0.133209,15,32765
0.819255,-0.00755685,-0.132905,16,32765
0,-0,-0,0,32765
0,0,0,0,32765
0,0,0,0,32765
0,0,0,0,32765
0,0,0,0,32765
0,0,0,0,32765
0,0,0,0,32765
0,0,0,0,32765
0,0,0,0,32765
0,0,0,0,32765
0,0,0,0,32765
0,0,0,0,32765
0,0,0,0,32765
0,0,0,0,32765
0,0,0,0,32765
0,0,0,0,32765
0,0,0,0,32765
0,0,0,0,32765
0,0,0,0,32765
0,0,0,0,32765
0,0,0,0,32765
0,0,0,0,32765
0,0,0,0,32765
0,0,0,0,32765
0,0,0,0,32765
0,0,0,0,32765
0,0,0,0,32765
0,0,0,0,32765
0,0,0,0,32765
0,0,0,0,32765
0,0,0,0,32765
0,0,0,0,32765
0,0,0,0,32765
0,0,0,0,32765
0,0,0,0,32765
0,0,0,0,32765
0,0,0,0,32765
0,0,0,0,32765
0,0,0,0,32765
0,0,0,0,32765
6.98355,3.87403,1.29227,11,32765
7.00546,3.85595,1.29043,35,32765
7.01869,3.83263,1.28798,68,32765
7.03181,3.80908,1.28629,88,32765
7.03638,3.7808,1.2818,92,32765
7.0404,3.75313,1.27798,92,32765
7.07021,3.73966,1.27945,93,32765
7.05643,3.70311,1.27229,80,32765
7.06002,3.67575,1.26826,20,32765
7.34463,3.79277,1.31464,13,32765
7.3839,3.78186,1.31741,16,32765
7.48527,3.80162,1.32984,17,32765
7.5074,3.7807,1.32867,16,32765
7.54684,3.7687,1.33182,27,32765
7.17038,3.55032,1.26129,25,32765
6.93416,3.40478,1.21547,22,32765
6.91911,3.36897,1.20832,18,32765
6.88606,3.32462,1.1986,18,32765
6.86159,3.28494,1.19069,17,32765
6.86393,3.25802,1.18657,19,32765
6.87493,3.2355,1.18449,19,32765
6.85013,3.19608,1.17613,17,32765
6.95968,3.21897,1.19111,13,32765
6.88975,3.15903,1.17507,19,32765
6.91855,3.14433,1.17599,14,32765
6.89323,3.10521,1.16771,18,32765
6.88581,3.07436,1.16222,17,32765
7.0591,3.12336,1.18735,13,32765
7.05153,3.09224,1.18243,11,32765
7.17108,3.11606,1.19746,12,32765
7.1635,3.08433,1.193,12,32765
7.21955,3.08001,1.19804,14,32765
7.20272,3.04458,1.19142,12,32765
7.20406,3.01699,1.18714,33,32765
7.20542,2.9893,1.18244,36,32765
7.16975,2.94678,1.17335,35,32765
7.18904,2.927,1.17172,36,32765
7.16215,2.8888,1.16382,33,32765
7.12593,2.84728,1.154,13,32765
0,0,0,0,32765
0,0,0,0,32765
6.73062,2.61286,1.07786,11,32765
6.57334,2.52686,1.04909,14,32765
6.5819,2.50569,1.04619,14,32765
6.60899,2.49112,1.04652,11,32765
0,0,0,0,32765
0,0,0,0,32765
7.04295,2.57613,1.1031,15,32765
7.12591,2.5804,1.11291,32,32765
7.12551,2.55377,1.10811,30,32765
7.17125,2.54449,1.11122,30,32765
7.2079,2.5313,1.11224,31,32765
7.25387,2.52127,1.11455,30,32765
7.28105,2.50461,1.11429,29,32765
7.34581,2.50025,1.11958,29,32765
7.38217,2.48669,1.1211,30,32765
7.44697,2.48191,1.1259,30,32765
7.49277,2.47109,1.12829,29,32765
7.53858,2.46045,1.12968,30,32765
7.5657,2.44301,1.12816,31,32765
7.63039,2.43771,1.13261,32,32765
7.667,2.42308,1.13146,31,32765
0,0,0,0,32765
0,0,0,0,32765
0,0,0,0,32765
0,0,0,0,32765
0,0,0,0,32765
0,0,0,0,32765
0,0,0,0,32765
0,0,0,0,32765
0,0,0,0,32765
0,0,0,0,32765
0,0,0,0,32765
0,0,0,0,32765
0,0,0,0,32765
0,0,0,0,32765
0,0,0,0,32765
0,0,0,0,32765
0,0,0,0,32765
0,0,0,0,32765
0,0,0,0,32765
0,0,0,0,32765
0,0,0,0,32765
0,0,0,0,32765
0,0,0,0,32765
0,0,0,0,32765
0,0,0,0,32765
0,0,0,0,32765
0,0,0,0,32765
0,0,0,0,32765
0,0,0,0,32765
0,0,0,0,32765
0,0,0,0,32765
0,0,0,0,32765
0,0,0,0,32765
0,0,0,0,32765
0,0,0,0,32765
0,0,0,0,32765
0,0,0,0,32765
0,0,0,0,32765
0,0,0,0,32765
6.98368,3.87779,1.21544,18,32765
7.0056,3.85968,1.2135,63,32765
7.01016,3.83158,1.20956,72,32765
7.0059,3.79858,1.20487,74,32765
7.01912,3.77503,1.20198,74,32765
7.0231,3.74737,1.19826,73,32765
7.05292,3.73393,1.19954,72,32765
7.04783,3.70197,1.19415,67,32765
7.0251,3.66088,1.18577,21,32765
7.31878,3.78281,1.23075,12,32765
7.40205,3.79454,1.24063,19,32765
7.49475,3.8098,1.25064,20,32765
7.49042,3.77546,1.24497,16,32765
7.48563,3.7414,1.24051,16,32765
7.17063,3.55351,1.18434,21,32765
6.98737,3.43385,1.1499,30,32765
6.9457,3.38479,1.13863,24,32765
6.94828,3.3575,1.13519,23,32765
6.94172,3.32609,1.13054,22,32765
6.91736,3.28611,1.12214,23,32765
6.9195,3.25916,1.11859,24,32765
6.9037,3.22371,1.11203,23,32765
6.9057,3.1966,1.10866,14,32765
6.95251,3.19037,1.11219,22,32765
6.99946,3.18363,1.11577,22,32765
6.93813,3.12791,1.1021,21,32765
6.94883,3.10493,1.09965,25,32765
6.99573,3.09772,1.10309,15,32765
7.10587,3.11847,1.11689,14,32765
7.09855,3.0869,1.1109,13,32765
7.10903,3.06319,1.10947,14,32765
7.12864,3.0435,1.1084,16,32765
7.14811,3.02374,1.10774,17,32765
7.23154,3.03072,1.11626,32,32765
7.2512,3.01049,1.11444,45,32765
7.23386,2.97527,1.10862,45,32765
7.24407,2.95151,1.10547,46,32765
7.23558,2.92048,1.10072,45,32765
7.13503,2.85291,1.08158,20,32765
6.73049,2.66545,1.01583,11,32765
6.71179,2.63284,1.00918,11,32765
6.74843,2.62155,1.01111,12,32765
6.64642,2.55667,0.992289,16,32765
6.61804,2.52112,0.983849,19,32765
6.7286,2.53787,0.996331,12,32765
6.78347,2.53344,1.00116,11,32765
6.8478,2.53199,1.00672,11,32765
7.03327,2.57423,1.0296,14,32765
7.1722,2.59879,1.04683,38,32765
7.18116,2.5753,1.04344,39,32765
7.21767,2.56252,1.04481,37,32765
7.25439,2.54917,1.04553,37,32765
7.28172,2.53247,1.04476,36,32765
7.34643,2.52859,1.04965,38,32765
7.39255,2.51764,1.05168,38,32765
7.42899,2.50391,1.05291,38,32765
7.4939,2.49898,1.05712,38,32765
7.52095,2.48178,1.05647,38,32765
7.56681,2.47104,1.05746,38,32765
7.59396,2.45349,1.05575,37,32765
7.64929,2.44508,1.05831,40,32765
7.71427,2.43934,1.06077,39,32765
0,0,0,0,32765
0,0,0,0,32765
0,0,0,0,32765
0,0,0,0,32765
0,0,0,0,32765
0,0,0,0,32765
0,0,0,0,32765
0,0,0,0,32765
0,0,0,0,32765
0,0,0,0,32765
0,0,0,0,32765
0,0,0,0,32765
0,0,0,0,32765
0,0,0,0,32765
0,0,0,0,32765
0,0,0,0,32765
0,0,0,0,32765
0,0,0,0,32765
0,0,0,0,32765
0,0,0,0,32765
0,0,0,0,32765
0,0,0,0,32765
0,0,0,0,32765
0,0,0,0,32765
0,0,0,0,32765
0,0,0,0,32765
0,0,0,0,32765
0,0,0,0,32765
0,0,0,0,32765
0,0,0,0,32765
0,0,0,0,32765
0,0,0,0,32765
0,0,0,0,32765
0,0,0,0,32765
0,0,0,0,32765
0,0,0,0,32765
0,0,0,0,32765
0,0,0,0,32765
0,0,0,0,32765
7.05766,3.91693,1.19698,13,32765
6.99315,3.85026,1.18165,14,32765
7.03224,3.84154,1.18328,13,32765
7.01067,3.7992,1.1748,12,32765
6.99744,3.76223,1.16716,14,32765
7.01041,3.73887,1.1644,13,32765
7.04953,3.72943,1.16578,11,32765
7.06215,3.70642,1.16277,11,32765
0,0,0,0,32765
7.35955,3.80118,1.20209,12,32765
7.46076,3.82198,1.21262,15,32765
7.47374,3.79724,1.21041,15,32765
7.43379,3.74538,1.19958,16,32765
7.45565,3.72464,1.19867,17,32765
7.01619,3.47556,1.12325,22,32765
6.93066,3.40381,1.10455,22,32765
6.89782,3.35904,1.09522,19,32765
6.92707,3.34504,1.09514,18,32765
6.90241,3.30542,1.08807,18,32765
6.87777,3.26599,1.07966,19,32765
6.86187,3.23075,1.07356,19,32765
6.84587,3.19569,1.06702,17,32765
6.91057,3.19814,1.07331,14,32765
6.93955,3.1836,1.07302,19,32765
6.94129,3.15663,1.0697,17,32765
6.92498,3.12147,1.06298,20,32765
6.89937,3.08246,1.0555,17,32765
6.99118,3.09589,1.06647,13,32765
7.11958,3.12445,1.08255,12,32765
7.012,3.0498,1.06255,12,32765
7.10445,3.06169,1.07191,12,32765
7.09644,3.03045,1.06817,18,32765
7.17053,3.03429,1.07525,15,32765
7.1989,3.01831,1.07708,35,32765
7.20885,2.9951,1.07526,38,32765
7.1733,2.95249,1.0656,38,32765
7.17377,2.92556,1.06323,38,32765
7.16498,2.89495,1.05941,33,32765
7.06423,2.8274,1.04158,12,32765
0,0,0,0,32765
0,0,0,0,32765
6.72277,2.6145,0.983401,12,32765
6.61114,2.54643,0.964887,15,32765
6.5919,2.51415,0.959335,14,32765
6.71133,2.53487,0.974731,11,32765
0,0,0,0,32765
0,0,0,0,32765
7.03376,2.57864,1.01508,16,32765
7.11684,2.58271,1.02458,31,32765
7.14404,2.56628,1.02591,32,32765
7.1805,2.55282,1.0294,29,32765
7.20748,2.5361,1.03177,30,32765
7.24348,2.52328,1.03566,30,32765
7.28893,2.5133,1.04075,30,32765
7.35306,2.50959,1.04882,29,32765
7.38936,2.49542,1.05224,30,32765
7.45381,2.49018,1.06046,30,32765
7.49016,2.47543,1.06367,31,32765
7.54504,2.46678,1.07119,30,32765
7.56208,2.4461,1.07329,30,32765
7.62625,2.44031,1.08241,30,32765
7.67144,2.42841,1.08915,29,32765
0,0,0,0,32765
0,0,0,0,32765
0,0,0,0,32765
0,0,0,0,32765
0,0,0,0,32765
0,0,0,0,32765
0,0,0,0,32765
0,0,0,0,32765
0,0,0,0,32765
0,0,0,0,32765
0,0,0,0,32765
0,0,0,0,32765
0,0,0,0,32765
0,0,0,0,32765
0,0,0,0,32765
0,0,0,0,32765
0,0,0,0,32765
0,0,0,0,32765
0,0,0,0,32765
0,0,0,0,32765
0,0,0,0,32765
0,0,0,0,32765
0,0,0,0,32765
0,0,0,0,32765
0,0,0,0,32765
0,0,0,0,32765
0,0,0,0,32765
0,0,0,0,32765
0,0,0,0,32765
0,0,0,0,32765
0,0,0,0,32765
0,0,0,0,32765
0,0,0,0,32765
0,0,0,0,32765
0,0,0,0,32765
0,0,0,0,32765
0,0,0,0,32765
0,0,0,0,32765
0,0,0,0,32765
0,0,0,0,32765
0,0,0,0,32765
7.01385,3.83573,1.10362,11,32765
6.98351,3.78864,1.09415,11,32765
7.03127,3.78456,1.09633,14,32765
7.03557,3.75637,1.0922,18,32765
7.02223,3.71902,1.08517,12,32765
7.11375,3.73753,1.09431,11,32765
7.12637,3.71413,1.09187,11,32765
7.34122,3.79576,1.11995,14,32765
7.35431,3.77146,1.11617,19,32765
7.38478,3.75601,1.11666,19,32765
7.41542,3.74005,1.11708,22,32765
7.39295,3.69717,1.10943,23,32765
7.13048,3.53584,1.06533,25,32765
6.98278,3.43295,1.03834,31,32765
6.95889,3.39226,1.03078,23,32765
6.94364,3.35647,1.02391,23,32765
6.91898,3.31672,1.01721,23,32765
6.92119,3.28993,1.01309,24,32765
6.89638,3.25025,1.00595,24,32765
6.91633,3.23179,1.0049,24,32765
6.91824,3.20486,1.00149,15,32765
6.95626,3.19441,1.0023,26,32765
6.95802,3.16733,0.999072,22,32765
6.95075,3.13613,0.993914,24,32765
6.93419,3.10101,0.988085,26,32765
7.03522,3.11837,0.999492,14,32765
7.10027,3.11894,1.00535,13,32765
7.18349,3.12734,1.01351,13,32765
7.1579,3.08761,1.00533,14,32765
7.16821,3.06394,1.00432,14,32765
7.26074,3.0753,1.01326,13,32765
7.2161,3.02828,1.00471,34,32765
7.25357,3.01641,1.0067,46,32765
7.22719,2.97734,0.998751,46,32765
7.23693,2.95394,0.997739,45,32765
7.21901,2.91936,0.992826,43,32765
7.13664,2.85887,0.978634,18,32765
6.71275,2.66368,0.917743,11,32765
6.70313,2.63449,0.913874,11,32765
6.69339,2.60528,0.910314,12,32765
6.65565,2.56573,0.903066,17,32765
6.65497,2.54031,0.90029,19,32765
6.71894,2.53982,0.90704,12,32765
6.74595,2.52465,0.908755,11,32765
6.81934,2.52698,0.916448,11,32765
7.04178,2.58362,0.944385,14,32765
7.16226,2.60123,0.958134,40,32765
7.19888,2.58798,0.960509,41,32765
7.21676,2.56766,0.961223,39,32765
7.24382,2.5508,0.963402,38,32765
7.28928,2.5411,0.968257,38,32765
7.33484,2.53097,0.972966,39,32765
7.38033,2.52069,0.977985,39,32765
7.4167,2.50641,0.981127,39,32765
7.48127,2.50107,0.988788,39,32765
7.52711,2.48933,0.992951,38,32765
7.57268,2.47746,0.998766,38,32765
7.60867,2.46277,1.00326,38,32765
7.64463,2.44775,1.00809,40,32765
7.68992,2.43576,1.01446,37,32765
0,0,0,0,32765
0,0,0,0,32765
0,0,0,0,32765
0,0,0,0,32765
0,0,0,0,32765
0,0,0,0,32765
0,0,0,0,32765
0,0,0,0,32765
0,0,0,0,32765
0,0,0,0,32765
0,0,0,0,32765
0,0,0,0,32765
0,0,0,0,32765
0,0,0,0,32765
0,0,0,0,32765
0,0,0,0,32765
0,0,0,0,32765
0,0,0,0,32765
0,0,0,0,32765
0,0,0,0,32765
0,0,0,0,32765
0,0,0,0,32765
0,0,0,0,32765
0,0,0,0,32765
0,0,0,0,32765
0,0,0,0,32765
0,0,0,0,32765
0,0,0,0,32765
0,0,0,0,32765
0,0,0,0,32765
0,0,0,0,32765
0,0,0,0,32765
0,0,0,0,32765
0,0,0,0,32765
0,0,0,0,32765
0,0,0,0,32765
0,0,0,0,32765
0,0,0,0,32765
0,0,0,0,32765
0,0,0,0,32765
0,0,0,0,32765
0,0,0,0,32765
6.88203,3.71564,1.04108,11,32765
6.9647,3.73003,1.04917,14,32765
6.99483,3.71658,1.04859,13,32765
6.99864,3.68882,1.04504,11,32765
0,0,0,0,32765
0,0,0,0,32765
7.37952,3.79676,1.08818,13,32765
7.33047,3.74084,1.07717,16,32765
7.3079,3.69848,1.06928,15,32765
7.32073,3.67388,1.06637,16,32765
7.33343,3.64932,1.06343,17,32765
7.02583,3.46662,1.01501,22,32765
6.91297,3.38214,0.994816,21,32765
6.91557,3.35486,0.991111,19,32765
6.89139,3.31454,0.983144,18,32765
6.90256,3.29154,0.982064,19,32765
6.87791,3.25175,0.974365,19,32765
6.88895,3.22917,0.971462,19,32765
6.86378,3.18989,0.964422,17,32765
6.91062,3.18382,0.967248,15,32765
6.92139,3.16099,0.965127,20,32765
6.95025,3.14619,0.965182,18,32765
6.93383,3.11092,0.95907,19,32765
6.89915,3.06782,0.949887,17,32765
7.00962,3.0886,0.961338,12,32765
7.05644,3.08126,0.964454,12,32765
7.18544,3.10888,0.97798,12,32765
7.15964,3.06922,0.970505,13,32765
7.18839,3.0534,0.969918,12,32765
7.22603,3.04136,0.971912,13,32765
7.19964,3.00249,0.964232,34,32765
7.20062,2.97515,0.960244,37,32765
7.19221,2.94423,0.955248,36,32765
7.16555,2.90528,0.947813,37,32765
7.15712,2.87407,0.942451,31,32765
6.91793,2.75133,0.906846,11,32765
0,0,0,0,32765
0,0,0,0,32765
6.54715,2.52988,0.848206,12,32765
6.60204,2.52659,0.850777,17,32765
6.6104,2.50537,0.848599,13,32765
6.73034,2.52588,0.860279,11,32765
0,0,0,0,32765
0,0,0,0,32765
7.08228,2.57902,0.893364,21,32765
7.10965,2.56277,0.89288,33,32765
7.1651,2.55645,0.895298,31,32765
7.19243,2.53992,0.894559,31,32765
7.23847,2.52981,0.896131,31,32765
7.27519,2.51596,0.896706,31,32765
7.32117,2.50554,0.898223,31,32765
7.33896,2.48544,0.895642,31,32765
7.40366,2.48147,0.8987,30,32765
7.44943,2.471,0.900082,32,32765
7.49543,2.45986,0.90071,32,32765
7.54135,2.44853,0.901712,31,32765
7.59689,2.43992,0.902742,32,32765
7.63327,2.42551,0.902041,34,32765
7.68867,2.41738,0.901542,32,32765
0,0,0,0,32765
0,0,0,0,32765
0,0,0,0,32765
0,0,0,0,32765
0,0,0,0,32765
0,0,0,0,32765
0,0,0,0,32765
0,0,0,0,32765
0,0,0,0,32765
0,0,0,0,32765
0,0,0,0,32765
0,0,0,0,32765
0,0,0,0,32765
0,0,0,0,32765
0,0,0,0,32765
0,0,0,0,32765
0,0,0,0,32765
0,0,0,0,32765
0,0,0,0,32765
0,0,0,0,32765
0,0,0,0,32765
0,0,0,0,32765
0,0,0,0,32765
0,0,0,0,32765
0,0,0,0,32765
0,0,0,0,32765
0,0,0,0,32765
0,0,0,0,32765
0,0,0,0,32765
0,0,0,0,32765
0,0,0,0,32765
0,0,0,0,32765
0,0,0,0,32765
0,0,0,0,32765
0,0,0,0,32765
0,0,0,0,32765
0,0,0,0,32765
0,0,0,0,32765
0,0,0,0,32765
0,0,0,0,32765
0,0,0,0,32765
7.03261,3.8319,0.991922,11,32765
7.08045,3.82761,0.994346,11,32765
6.98863,3.74757,0.977149,14,32765
7.06264,3.75733,0.982462,19,32765
7.04025,3.71538,0.975333,12,32765
7.09677,3.71524,0.978687,11,32765
7.14444,3.71026,0.981335,11,32765
7.39523,3.80953,1.01116,13,32765
7.43457,3.79861,1.01284,20,32765
7.50071,3.8007,1.01729,18,32765
7.54937,3.79323,1.0191,27,32765
7.55359,3.76342,1.01486,29,32765
7.21047,3.56201,0.964982,27,32765
6.99081,3.42432,0.931771,31,32765
6.94889,3.37504,0.922202,23,32765
6.95158,3.34746,0.918138,24,32765
6.9091,3.29854,0.909965,24,32765
6.91136,3.27139,0.906166,23,32765
6.93144,3.25288,0.904419,24,32765
6.8883,3.205,0.895398,24,32765
6.89915,3.18221,0.89317,14,32765
6.97314,3.18828,0.899204,29,32765
6.99306,3.16919,0.89789,25,32765
6.9495,3.1215,0.888567,26,32765
6.96018,3.09846,0.885616,26,32765
6.98905,3.083,0.885651,14,32765
7.05409,3.08367,0.890694,13,32765
7.09204,3.07189,0.891543,13,32765
7.15737,3.07164,0.895901,14,32765
7.18613,3.0558,0.895125,14,32765
7.23296,3.04761,0.897975,13,32765
7.22489,3.0163,0.89293,38,32765
7.26262,3.00401,0.893543,47,32765
7.23589,2.9653,0.886457,47,32765
7.22767,2.93361,0.881625,47,32765
7.21931,2.90213,0.876424,44,32765
7.09999,2.82673,0.857821,14,32765
6.73051,2.65385,0.809731,11,32765
6.70233,2.61761,0.802803,11,32765
6.71101,2.5959,0.800805,12,32765
6.66405,2.55297,0.790707,19,32765
6.67249,2.53151,0.788507,18,32765
6.75539,2.53788,0.794659,12,32765
6.74523,2.50918,0.78962,11,32765
6.67903,2.45974,0.778405,11,32765
7.07036,2.57727,0.820098,19,32765
7.17254,2.58803,0.828066,41,32765
7.20001,2.57147,0.826759,41,32765
7.23676,2.55811,0.826888,39,32765
7.2735,2.54456,0.826997,39,32765
7.31968,2.53382,0.828339,39,32765
7.34693,2.5168,0.827342,40,32765
7.41183,2.51255,0.829925,40,32765
7.43893,2.49569,0.828184,40,32765
7.51308,2.4945,0.832311,40,32765
7.54971,2.48003,0.831489,38,32765
7.59572,2.46852,0.832089,38,32765
7.64186,2.45668,0.831585,39,32765
7.64986,2.43307,0.827502,40,32765
7.71476,2.42786,0.827538,36,32765
0,0,0,0,32765
0,0,0,0,32765
0,0,0,0,32765
0,0,0,0,32765
0,0,0,0,32765
0,0,0,0,32765
0,0,0,0,32765
0,0,0,0,32765
0,0,0,0,32765
0,0,0,0,32765
0,0,0,0,32765
0,0,0,0,32765
0,0,0,0,32765
0,0,0,0,32765
0,0,0,0,32765
0,0,0,0,32765
0,0,0,0,32765
0,0,0,0,32765
0,0,0,0,32765
0,0,0,0,32765
0,0,0,0,32765
0,0,0,0,32765
0,0,0,0,32765
0,0,0,0,32765
0,0,0,0,32765
0,0,0,0,32765
0,0,0,0,32765
0,0,0,0,32765
0,0,0,0,32765
0,0,0,0,32765
0,0,0,0,32765
0,0,0,0,32765
0,0,0,0,32765
0,0,0,0,32765
0,0,0,0,32765
0,0,0,0,32765
0,0,0,0,32765
0,0,0,0,32765
0,0,0,0,32765
0,0,0,0,32765
0,0,0,0,32765
0,0,0,0,32765
7.15436,3.86579,0.973094,11,32765
7.02748,3.76692,0.951683,14,32765
7.00519,3.72512,0.943872,13,32765
7.15843,3.77609,0.959434,11,32765
7.09196,3.71117,0.945996,11,32765
0,0,0,0,32765
7.49694,3.85927,0.991019,14,32765
7.46598,3.81155,0.982217,17,32765
7.47916,3.78649,0.978875,17,32765
7.50994,3.77048,0.977739,22,32765
7.4783,3.72357,0.96862,22,32765
7.03654,3.47461,0.907864,23,32765
6.92349,3.39006,0.889071,21,32765
6.94408,3.37129,0.887202,19,32765
6.88405,3.31347,0.875713,19,32765
6.87744,3.28205,0.87055,18,32765
6.90647,3.26804,0.869917,19,32765
6.89934,3.2371,0.865506,19,32765
6.90118,3.21035,0.86193,17,32765
6.93006,3.19595,0.861766,16,32765
6.94998,3.17712,0.860098,22,32765
6.92447,3.13775,0.853622,17,32765
6.92623,3.11036,0.850085,20,32765
6.90967,3.07494,0.844591,16,32765
6.98371,3.08007,0.850493,12,32765
7.14887,3.125,0.866301,12,32765
7.12275,3.08596,0.859853,12,32765
7.11488,3.05459,0.85557,13,32765
7.21675,3.0697,0.864647,12,32765
7.1448,3.01083,0.85248,14,32765
7.21921,3.01374,0.858625,36,32765
7.20168,2.97881,0.853285,38,32765
7.19317,2.94786,0.848991,38,32765
7.16598,2.90963,0.84337,37,32765
7.13878,2.87139,0.836992,29,32765
6.88043,2.74155,0.803819,11,32765
0,0,0,0,32765
0,0,0,0,32765
6.59208,2.55223,0.763404,12,32765
6.62828,2.54168,0.76511,17,32765
6.64602,2.5235,0.76481,13,32765
6.61702,2.48799,0.759668,11,32765
0,0,0,0,32765
0,0,0,0,32765
7.06178,2.57648,0.804109,23,32765
7.09833,2.56364,0.805997,33,32765
7.16276,2.56081,0.812122,33,32765
7.18046,2.5408,0.812977,31,32765
7.20759,2.52402,0.81384,31,32765
7.28153,2.52353,0.820765,32,32765
7.30845,2.50665,0.822345,32,32765
7.35407,2.49625,0.826113,32,32765
7.4091,2.48858,0.831785,31,32765
7.45483,2.47743,0.835364,32,32765
7.49107,2.46306,0.837962,29,32765
7.54586,2.4551,0.844287,31,32765
7.58179,2.44087,0.84773,31,32765
7.63674,2.43188,0.854249,35,32765
7.60663,2.39496,0.850731,21,32765
0,0,0,0,32765
0,0,0,0,32765
0,0,0,0,32765
0,0,0,0,32765
0,0,0,0,32765
0,0,0,0,32765
0,0,0,0,32765
0,0,0,0,32765
0,0,0,0,32765
0,0,0,0,32765
0,0,0,0,32765
0,0,0,0,32765
0,0,0,0,32765
0,0,0,0,32765
0,0,0,0,32765
0,0,0,0,32765
0,0,0,0,32765
0,0,0,0,32765
0,0,0,0,32765
0,0,0,0,32765
0,0,0,0,32765
0,0,0,0,32765
0,0,0,0,32765
0,0,0,0,32765
0,0,0,0,32765
0,0,0,0,32765
0,0,0,0,32765
0,0,0,0,32765
0,0,0,0,32765
0,0,0,0,32765
0,0,0,0,32765
0,0,0,0,32765
0,0,0,0,32765
0,0,0,0,32765
0,0,0,0,32765
0,0,0,0,32765
0,0,0,0,32765
0,0,0,0,32765
0,0,0,0,32765
0,0,0,0,32765
7.09825,3.90269,0.897986,11,32765
7.02435,3.83136,0.884115,11,32765
7.08985,3.83641,0.887734,11,32765
7.04159,3.77986,0.877663,15,32765
7.0544,3.75662,0.874568,19,32765
7.08479,3.74253,0.873436,13,32765
7.06216,3.70079,0.866267,11,32765
7.15415,3.71852,0.873384,11,32765
7.45852,3.84486,0.906208,13,32765
7.48944,3.82886,0.905377,22,32765
7.54701,3.82615,0.907353,32,32765
7.5335,3.78755,0.900684,34,32765
7.58197,3.78039,0.901542,33,32765
7.2381,3.57905,0.857139,30,32765
6.97351,3.41922,0.821689,29,32765
6.94948,3.37851,0.814461,25,32765
6.94317,3.34646,0.809987,24,32765
6.92768,3.31049,0.803942,23,32765
6.90287,3.27074,0.796872,23,32765
6.90475,3.24399,0.793682,25,32765
6.89758,3.21297,0.789164,23,32765
6.9355,3.20272,0.78984,16,32765
6.96449,3.18798,0.789098,31,32765
6.95711,3.1567,0.785034,23,32765
6.94984,3.12507,0.780558,29,32765
6.95148,3.09759,0.777367,27,32765
6.99835,3.09054,0.779559,15,32765
7.07252,3.09564,0.783666,13,32765
7.10103,3.08052,0.783656,13,32765
7.16625,3.0806,0.787601,14,32765
7.19505,3.06438,0.787708,14,32765
7.22385,3.04802,0.787381,13,32765
7.225,3.01997,0.784872,37,32765
7.25343,3.00399,0.784782,47,32765
7.24499,2.97281,0.780659,47,32765
7.23628,2.94183,0.777382,47,32765
7.20916,2.9033,0.771357,44,32765
7.07086,2.8209,0.753689,14,32765
6.71916,2.65529,0.714131,11,32765
6.67236,2.61159,0.706531,11,32765
6.59745,2.5574,0.696748,12,32765
6.64299,2.55038,0.699147,22,32765
6.67006,2.53565,0.699724,18,32765
6.70628,2.52455,0.701776,12,32765
6.75193,2.51654,0.704298,11,32765
0,0,0,0,32765
7.07697,2.58503,0.734187,19,32765
7.15101,2.58564,0.739661,42,32765
7.20621,2.57929,0.744252,41,32765
7.22399,2.5591,0.74501,39,32765
7.2512,2.54215,0.745677,39,32765
7.30645,2.53499,0.75001,39,32765
7.34284,2.52123,0.752364,39,32765
7.39798,2.51391,0.756716,39,32765
7.45312,2.50608,0.76192,40,32765
7.5084,2.49791,0.766082,39,32765
7.54473,2.48335,0.768393,40,32765
7.59019,2.47213,0.773291,40,32765
7.62622,2.45773,0.776452,40,32765
7.66232,2.44254,0.780576,41,32765
7.68919,2.42341,0.783235,38,32765
0,0,0,0,32765
0,0,0,0,32765
0,0,0,0,32765
0,0,0,0,32765
0,0,0,0,32765
0,0,0,0,32765
0,0,0,0,32765
0,0,0,0,32765
0,0,0,0,32765
0,0,0,0,32765
0,0,0,0,32765
0,0,0,0,32765
0,0,0,0,32765
0,0,0,0,32765
0,0,0,0,32765
0,0,0,0,32765
0,0,0,0,32765
0,0,0,0,32765
0,0,0,0,32765
0,0,0,0,32765
0,0,0,0,32765
0,0,0,0,32765
0,0,0,0,32765
0,0,0,0,32765
0,0,0,0,32765
0,0,0,0,32765
0,0,0,0,32765
0,0,0,0,32765
0,0,0,0,32765
0,0,0,0,32765
0,0,0,0,32765
0,0,0,0,32765
0,0,0,0,32765
0,0,0,0,32765
0,0,0,0,32765
0,0,0,0,32765
0,0,0,0,32765
0,0,0,0,32765
0,0,0,0,32765
0,0,0,0,32765
0,0,0,0,32765
0,0,0,0,32765
6.98662,3.76359,0.838449,11,32765
7.00814,3.7452,0.836401,14,32765
7.05603,3.74039,0.838371,14,32765
7.05997,3.71235,0.834109,11,32765
0,0,0,0,32765
0,0,0,0,32765
7.43413,3.8137,0.86568,13,32765
7.46492,3.79781,0.86486,20,32765
7.50457,3.7863,0.86484,27,32765
7.50875,3.75648,0.860944,26,32765
7.53029,3.73607,0.859662,25,32765
7.06086,3.47395,0.802528,24,32765
6.94744,3.38947,0.785754,22,32765
6.90516,3.34063,0.776544,19,32765
6.91666,3.31744,0.773653,19,32765
6.89187,3.27748,0.767561,19,32765
6.921,3.26301,0.76722,19,32765
6.88701,3.21897,0.759596,20,32765
6.87077,3.1836,0.754555,17,32765
6.91774,3.17758,0.755175,17,32765
6.95562,3.16704,0.756071,24,32765
6.95723,3.14001,0.752441,18,32765
6.95893,3.11274,0.748166,23,32765
6.91483,3.06549,0.740222,18,32765
7.0347,3.0903,0.749253,13,32765
7.04517,3.06689,0.747078,12,32765
7.17442,3.09479,0.756603,12,32765
7.10257,3.03563,0.745643,12,32765
7.19548,3.04688,0.751096,12,32765
7.21505,3.02665,0.749636,14,32765
7.1979,2.9911,0.74328,37,32765
7.20788,2.96747,0.741265,41,32765
7.1994,2.93641,0.736414,40,32765
7.18155,2.90175,0.730447,38,32765
7.13566,2.85622,0.722987,29,32765
6.75651,2.67875,0.681119,11,32765
0,0,0,0,32765
0,0,0,0,32765
6.56952,2.53021,0.651455,13,32765
6.60586,2.51947,0.651822,18,32765
6.58631,2.48751,0.64631,13,32765
6.58527,2.46264,0.642865,11,32765
0,0,0,0,32765
0,0,0,0,32765
7.0783,2.56715,0.678923,29,32765
7.10557,2.55112,0.677571,32,32765
7.17979,2.55133,0.681013,33,32765
7.21646,2.53827,0.679904,32,32765
7.24365,2.52161,0.67901,31,32765
7.28026,2.50812,0.678317,32,32765
7.30733,2.49157,0.676384,31,32765
7.37194,2.4881,0.678184,32,32765
7.41785,2.4775,0.678285,32,32765
7.45444,2.46305,0.67761,32,32765
7.51965,2.45735,0.678163,32,32765
7.56569,2.44578,0.677451,32,32765
7.60187,2.43211,0.675661,33,32765
7.62857,2.41514,0.673041,35,32765
7.67448,2.40343,0.671404,32,32765
0,0,0,0,32765
0,0,0,0,32765
0,0,0,0,32765
0,0,0,0,32765
0,0,0,33,32765
0,0,0,0,32765
0,0,0,0,32765
0,0,0,0,32765
0,0,0,0,32765
0,0,0,0,32765
0,0,0,0,32765
0,0,0,0,32765
0,0,0,0,32765
0,0,0,0,32765
0,0,0,0,32765
0,0,0,0,32765
0,0,0,0,32765
0,0,0,0,32765
0,0,0,0,32765
0,0,0,0,32765
0,0,0,0,32765
0,0,0,0,32765
0,0,0,0,32765
0,0,0,0,32765
0,0,0,0,32765
0,0,0,0,32765
0,0,0,0,32765
0,0,0,0,32765
0,0,0,0,32765
0,0,0,0,32765
0,0,0,0,32765
0,0,0,0,32765
0,0,0,0,32765
0,0,0,0,32765
0,0,0,0,32765
0,0,0,0,32765
0,0,0,0,32765
0,0,0,31,32765
0,0,0,0,32765
0,0,0,0,32765
0,0,0,0,32765
7.0916,3.85675,0.779005,11,32765
7.10463,3.83326,0.776176,11,32765
7.02107,3.75807,0.762541,15,32765
7.04265,3.73921,0.761277,21,32765
7.07299,3.72507,0.759951,12,32765
7.15623,3.73828,0.765357,11,32765
7.22215,3.74169,0.76757,11,32765
7.45634,3.83107,0.788874,12,32765
7.50494,3.82412,0.789721,17,32765
7.52691,3.80347,0.78754,32,32765
7.54894,3.78243,0.785578,33,32765
7.56166,3.75742,0.783263,33,32765
7.29744,3.59586,0.752355,32,32765
6.98752,3.41425,0.716616,32,32765
6.9632,3.37386,0.709773,25,32765
6.97481,3.35042,0.706855,24,32765
6.92313,3.29734,0.698396,23,32765
6.94333,3.27849,0.69695,24,32765
6.91838,3.2385,0.690683,24,32765
6.92026,3.21134,0.687707,25,32765
6.93114,3.1885,0.684351,17,32765
6.99626,3.19029,0.687631,34,32765
6.97071,3.15076,0.681414,23,32765
6.97242,3.1234,0.677223,33,32765
6.94653,3.08408,0.671596,31,32765
7.01182,3.08478,0.674226,15,32765
7.08619,3.08926,0.678173,13,32765
7.09669,3.06574,0.675148,13,32765
7.1987,3.0812,0.681528,13,32765
7.19091,3.04936,0.676599,15,32765
7.23805,3.04069,0.677623,14,32765
7.24851,3.01648,0.674101,39,32765
7.25857,2.99263,0.67207,48,32765
7.24092,2.95758,0.666534,46,32765
7.23236,2.92645,0.661673,46,32765
7.22351,2.8955,0.658131,43,32765
7.01093,2.78356,0.635274,13,32765
6.73276,2.64755,0.606684,11,32765
6.72306,2.61838,0.601815,11,32765
6.64815,2.56409,0.591718,13,32765
6.66599,2.54596,0.590125,23,32765
6.66514,2.5208,0.586507,19,32765
6.63619,2.48513,0.580673,12,32765
6.78478,2.5152,0.589996,11,32765
6.77465,2.48581,0.585263,11,32765
7.06413,2.56554,0.606334,26,32765
7.15704,2.57313,0.610399,44,32765
7.22199,2.56983,0.612364,43,32765
7.25871,2.55661,0.610949,39,32765
7.28595,2.53979,0.609849,39,32765
7.3132,2.52289,0.60807,40,32765
7.34975,2.50942,0.606709,39,32765
7.39554,2.49944,0.606375,40,32765
7.4604,2.49506,0.607628,41,32765
7.49705,2.48045,0.60665,40,32765
7.56232,2.47461,0.606611,40,32765
7.59893,2.45981,0.604743,39,32765
7.63514,2.44601,0.60265,40,32765
7.66187,2.42891,0.599822,42,32765
7.71733,2.42007,0.598524,40,32765
0,0,0,0,32765
0,0,0,0,32765
0,0,0,0,32765
0,0,0,0,32765
0,0,0,0,32765
0,0,0,0,32765
0,0,0,0,32765
0,0,0,0,32765
0,0,0,0,32765
0,0,0,0,32765
0,0,0,0,32765
0,0,0,0,32765
0,0,0,0,32765
0,0,0,0,32765
0,0,0,0,32765
0,0,0,0,32765
0,0,0,0,32765
0,0,0,0,32765
0,0,0,0,32765
0,0,0,0,32765
0,0,0,0,32765
0,0,0,0,32765
0,0,0,0,32765
0,0,0,0,32765
0,0,0,0,32765
0,0,0,0,32765
0,0,0,0,32765
0,0,0,0,32765
0,0,0,0,32765
0,0,0,0,32765
0,0,0,0,32765
0,0,0,0,32765
0,0,0,0,32765
0,0,0,0,32765
0,0,0,0,32765
0,0,0,0,32765
0,0,0,0,32765
0,0,0,0,32765
0,0,0,0,32765
0,0,0,0,32765
0,0,0,0,32765
0,0,0,0,32765
6.93309,3.73807,0.72603,11,32765
7.02476,3.75742,0.731169,16,32765
7.01105,3.72016,0.725607,14,32765
7.1823,3.78029,0.739219,11,32765
7.04505,3.67808,0.720706,11,32765
0,0,0,0,32765
7.45113,3.82647,0.752914,14,32765
7.46403,3.80169,0.750633,17,32765
7.5038,3.78996,0.750222,24,32765
7.50781,3.76033,0.746687,27,32765
7.51173,3.7309,0.742119,29,32765
7.06868,3.48143,0.69397,25,32765
6.91913,3.37972,0.675319,22,32765
6.92182,3.35198,0.67162,20,32765
6.90645,3.3156,0.666212,19,32765
6.87269,3.27122,0.659412,19,32765
6.88375,3.24842,0.656837,19,32765
6.92149,3.23886,0.656941,21,32765
6.87818,3.19087,0.64895,17,32765
6.91606,3.1806,0.649172,19,32765
6.97206,3.17855,0.650673,25,32765
6.91932,3.12648,0.642246,18,32765
6.94795,3.11191,0.641588,28,32765
6.85832,3.04419,0.63028,18,32765
7.00559,3.08137,0.639728,13,32765
7.08901,3.09003,0.644375,12,32765
7.06278,3.05082,0.638803,12,32765
7.13702,3.05523,0.64238,12,32765
7.17488,3.04321,0.642213,13,32765
7.18513,3.01942,0.639832,14,32765
7.21344,3.00372,0.640002,38,32765
7.20507,2.97236,0.635977,40,32765
7.18714,2.93764,0.631931,36,32765
7.18779,2.91013,0.628604,38,32765
7.15127,2.86787,0.622593,27,32765
6.86432,2.72677,0.594871,11,32765
0,0,0,0,32765
6.72435,2.62036,0.57837,11,32765
6.62144,2.55518,0.567504,13,32765
6.61137,2.52622,0.563981,19,32765
6.57307,2.4869,0.559145,13,32765
6.62794,2.48295,0.561574,11,32765
0,0,0,0,32765
6.77501,2.48825,0.570486,11,32765
7.09238,2.57868,0.59455,30,32765
7.11947,2.56247,0.595855,36,32765
7.14678,2.54562,0.596264,34,32765
7.21137,2.54256,0.600356,33,32765
7.25733,2.53228,0.602338,33,32765
7.25626,2.50521,0.600576,31,32765
7.31152,2.49798,0.603597,32,32765
7.38558,2.49693,0.609002,33,32765
7.43123,2.48632,0.612089,33,32765
7.44871,2.46559,0.611946,33,32765
7.485,2.45098,0.614382,32,32765
7.56861,2.45179,0.620721,32,32765
7.59522,2.4341,0.622699,32,32765
7.63117,2.41959,0.625887,33,32765
7.66712,2.4046,0.629913,31,32765
0,0,0,11,32765
0,0,0,0,32765
0,0,0,0,32765
0,0,0,0,32765
0,0,0,0,32765
0,0,0,0,32765
0,0,0,0,32765
0,0,0,0,32765
0,0,0,0,32765
0,0,0,0,32765
0,0,0,0,32765
0,0,0,0,32765
0,0,0,0,32765
0,0,0,0,32765
0,0,0,0,32765
0,0,0,0,32765
0,0,0,0,32765
0,0,0,0,32765
0,0,0,31,32765
0,0,0,0,32765
0,0,0,0,32765
0,0,0,0,32765
0,0,0,0,32765
0,0,0,0,32765
0,0,0,0,32765
0,0,0,0,32765
0,0,0,0,32765
0,0,0,0,32765
0,0,0,0,32765
0,0,0,0,32765
0,0,0,0,32765
0,0,0,0,32765
0,0,0,0,32765
0,0,0,0,32765
0,0,0,0,32765
0,0,0,0,32765
0,0,0,0,32765
0,0,0,0,32765
0,0,0,0,32765
0,0,0,0,32765
7.00676,3.8444,0.668033,11,32765
6.98474,3.80225,0.660876,11,32765
7.05881,3.81254,0.663457,11,32765
7.02777,3.76562,0.656209,16,32765
7.04928,3.74698,0.654189,21,32765
7.0708,3.7281,0.652269,12,32765
7.12761,3.72765,0.653201,11,32765
7.09606,3.68082,0.646445,11,32765
7.46327,3.83933,0.674884,14,32765
7.52062,3.83712,0.676589,20,32765
7.53383,3.81167,0.673484,36,32765
7.53791,3.78188,0.670027,34,32765
7.52403,3.7434,0.663959,30,32765
7.18809,3.54628,0.629985,26,32765
6.98495,3.41767,0.60829,31,32765
6.95188,3.37225,0.601549,24,32765
6.94554,3.34002,0.597179,25,32765
6.92984,3.30399,0.592369,23,32765
6.93199,3.27669,0.589003,25,32765
6.9247,3.2458,0.584991,25,32765
6.92659,3.2187,0.581352,25,32765
6.91929,3.1874,0.577493,16,32765
6.99346,3.19361,0.580026,35,32765
7.00434,3.17015,0.577487,25,32765
6.97853,3.13077,0.572133,37,32765
6.96181,3.09522,0.567791,31,32765
7.02717,3.09595,0.569129,15,32765
7.06498,3.0846,0.569333,14,32765
7.11194,3.07707,0.57001,13,32765
7.16796,3.07347,0.57145,13,32765
7.18753,3.05352,0.569532,15,32765
7.20701,3.03351,0.567868,14,32765
7.23537,3.01771,0.567842,38,32765
7.26391,3.00145,0.566873,49,32765
7.2553,2.97025,0.563809,48,32765
7.24681,2.93871,0.559836,48,32765
7.2196,2.89988,0.554986,42,32765
7.01603,2.79146,0.536627,12,32765
6.78403,2.67327,0.516415,11,32765
6.72773,2.6258,0.510373,11,32765
6.6527,2.57126,0.50274,13,32765
6.67062,2.55284,0.501495,24,32765
6.6697,2.52738,0.499914,18,32765
6.68737,2.5091,0.499061,12,32765
6.77031,2.51544,0.503045,12,32765
6.74107,2.47958,0.499693,11,32765
7.10543,2.58737,0.524121,25,32765
7.16073,2.58124,0.527308,44,32765
7.17872,2.56086,0.52683,43,32765
7.22459,2.55105,0.528976,39,32765
7.2706,2.54071,0.530577,39,32765
7.32613,2.5331,0.533021,38,32765
7.3532,2.51594,0.533507,39,32765
7.39902,2.50516,0.536197,39,32765
7.46365,2.50083,0.540275,39,32765
7.50013,2.48623,0.5414,39,32765
7.546,2.47453,0.544236,40,32765
7.59178,2.46284,0.547085,39,32765
7.63746,2.45113,0.550243,41,32765
7.6735,2.43646,0.553152,43,32765
7.71907,2.42429,0.557591,40,32765
0,0,0,0,32765
0,0,0,0,32765
0,0,0,0,32765
0,0,0,0,32765
0,0,0,0,32765
0,0,0,0,32765
0,0,0,0,32765
0,0,0,0,32765
0,0,0,0,32765
0,0,0,0,32765
0,0,0,0,32765
0,0,0,0,32765
0,0,0,0,32765
0,0,0,0,32765
0,0,0,0,32765
0,0,0,0,32765
0,0,0,0,32765
0,0,0,0,32765
0,0,0,0,32765
0,0,0,0,32765
0,0,0,0,32765
0,0,0,0,32765
0,0,0,0,32765
0,0,0,0,32765
0,0,0,0,32765
0,0,0,0,32765
0,0,0,0,32765
0,0,0,0,32765
0,0,0,0,32765
0,0,0,0,32765
0,0,0,0,32765
0,0,0,0,32765
0,0,0,0,32765
0,0,0,0,32765
0,0,0,0,32765
0,0,0,0,32765
0,0,0,0,32765
0,0,0,0,32765
0,0,0,0,32765
0,0,0,0,32765
0,0,0,0,32765
6.9763,3.78177,0.625303,11,32765
7.15607,3.84808,0.636791,11,32765
7.01939,3.74482,0.620397,16,32765
7.04091,3.72607,0.618165,15,32765
7.11522,3.73529,0.620424,11,32765
7.0924,3.69347,0.613614,11,32765
0,0,0,0,32765
7.42773,3.80554,0.635319,14,32765
7.47621,3.79871,0.635737,16,32765
7.48034,3.7691,0.631131,20,32765
7.48441,3.73919,0.627835,17,32765
7.41701,3.67362,0.618407,14,32765
6.99083,3.43342,0.579638,22,32765
6.94875,3.38377,0.572194,23,32765
6.9063,3.33469,0.564823,20,32765
6.91741,3.31199,0.562414,19,32765
6.88356,3.26745,0.556749,19,32765
6.89448,3.24489,0.553584,20,32765
6.87839,3.20917,0.548665,21,32765
6.89819,3.19055,0.547474,19,32765
6.9271,3.17597,0.545928,19,32765
6.97427,3.16921,0.545945,27,32765
6.93936,3.12581,0.539956,21,32765
6.94094,3.09841,0.536244,28,32765
6.91493,3.05918,0.530685,19,32765
7.01673,3.07597,0.535126,12,32765
7.10055,3.08394,0.537717,13,32765
7.11097,3.0603,0.53508,12,32765
7.14897,3.0481,0.534287,12,32765
7.09475,2.99761,0.526539,13,32765
7.23351,3.02835,0.533859,14,32765
7.20686,2.9892,0.527485,39,32765
7.2075,2.96188,0.52476,41,32765
7.199,2.93053,0.520069,40,32765
7.18099,2.89581,0.515058,38,32765
7.14439,2.8535,0.509211,28,32765
0,0,0,0,32765
0,0,0,0,32765
0,0,0,0,32765
6.63268,2.54785,0.458689,14,32765
6.60374,2.51223,0.453543,19,32765
6.6028,2.48705,0.449925,13,32765
6.73243,2.51127,0.455935,11,32765
0,0,0,0,32765
0,0,0,0,32765
7.08579,2.56409,0.46845,32,32765
7.12264,2.55086,0.466387,37,32765
7.16859,2.54128,0.46651,35,32765
7.20527,2.52794,0.464824,34,32765
7.25115,2.51819,0.464288,33,32765
7.29712,2.5081,0.463006,33,32765
7.33373,2.4943,0.460978,33,32765
7.3513,2.47418,0.457966,31,32765
7.43514,2.47589,0.459578,33,32765
7.46218,2.45858,0.456297,33,32765
7.49854,2.44447,0.45431,33,32765
7.5635,2.43919,0.45317,31,32765
7.59983,2.42481,0.450484,34,32765
7.65542,2.41556,0.448635,37,32765
7.69167,2.40096,0.445548,36,32765
0,0,0,0,32765
0,0,0,0,32765
0,0,0,11,32765
0,0,0,11,32765
0,0,0,0,32765
0,0,0,11,32765
0,0,0,11,32765
0,0,0,11,32765
0,0,0,11,32765
0,0,0,11,32765
0,0,0,11,32765
0,0,0,11,32765
0,0,0,0,32765
0,0,0,0,32765
0,0,0,0,32765
0,0,0,0,32765
0,0,0,0,32765
0,0,0,0,32765
0,0,0,0,32765
0,0,0,0,32765
0,0,0,0,32765
0,0,0,0,32765
0,0,0,0,32765
0,0,0,0,32765
0,0,0,0,32765
0,0,0,0,32765
0,0,0,34,32765
0,0,0,0,32765
0,0,0,0,32765
0,0,0,0,32765
0,0,0,0,32765
0,0,0,0,32765
0,0,0,0,32765
0,0,0,0,32765
0,0,0,0,32765
0,0,0,0,32765
0,0,0,0,32765
0,0,0,0,32765
0,0,0,0,32765
0,0,0,0,32765
0,0,0,0,32765
7.03071,3.8186,0.554841,11,32765
7.04376,3.79496,0.551453,11,32765
7.00365,3.74358,0.544217,15,32765
7.0516,3.73886,0.543933,22,32765
7.05532,3.71091,0.540119,13,32765
7.09432,3.70151,0.53841,11,32765
7.18663,3.71904,0.54152,11,32765
7.4653,3.83202,0.559482,11,32765
7.63837,3.88842,0.568777,11,32765
7.6517,3.86271,0.564834,11,32765
7.70071,3.85448,0.564841,11,32765
7.79458,3.86786,0.567895,11,32765
6.96601,3.42762,0.504421,18,32765
6.98668,3.40858,0.502057,32,32765
6.98021,3.37665,0.497791,25,32765
6.97347,3.34502,0.494077,25,32765
6.94873,3.30449,0.489496,24,32765
6.94171,3.27315,0.485035,25,32765
6.92571,3.23719,0.480374,26,32765
6.92749,3.20999,0.477823,26,32765
6.93833,3.18695,0.474831,17,32765
7.00371,3.1884,0.475699,37,32765
6.99613,3.15713,0.472007,30,32765
6.97959,3.12133,0.46714,40,32765
6.99926,3.10211,0.464968,36,32765
6.99156,3.07048,0.461201,14,32765
7.07538,3.07856,0.463047,13,32765
7.08577,3.05496,0.460416,13,32765
7.17884,3.06634,0.4629,13,32765
7.20739,3.05067,0.461086,14,32765
7.23589,3.03477,0.460029,14,32765
7.22767,3.00319,0.455187,35,32765
7.25604,2.98715,0.45428,49,32765
7.24762,2.95557,0.449751,49,32765
7.23892,2.92436,0.445568,49,32765
7.23021,2.8929,0.441866,44,32765
7.00797,2.77679,0.424592,13,32765
6.72913,2.64056,0.404701,11,32765
6.70076,2.60394,0.399071,12,32765
6.63492,2.5532,0.391773,13,32765
6.63397,2.52816,0.388638,24,32765
6.66109,2.51341,0.386726,18,32765
6.67859,2.49555,0.38502,12,32765
6.79931,2.51522,0.388225,11,32765
6.80764,2.493,0.385395,11,32765
7.0882,2.56943,0.397468,27,32765
7.17205,2.57303,0.397725,46,32765
7.20866,2.55992,0.396935,45,32765
7.25482,2.54974,0.395458,42,32765
7.27248,2.52997,0.392994,42,32765
7.31847,2.51979,0.391322,41,32765
7.35511,2.50589,0.388997,41,32765
7.40109,2.49524,0.387365,41,32765
7.44711,2.48415,0.386235,41,32765
7.48364,2.4699,0.383241,40,32765
7.55801,2.4681,0.382883,40,32765
7.58501,2.45034,0.379239,39,32765
7.62136,2.43587,0.376256,39,32765
7.66744,2.42351,0.373456,43,32765
7.70369,2.40885,0.370078,42,32765
0,0,0,0,32765
0,0,0,0,32765
0,0,0,0,32765
0,0,0,0,32765
0,0,0,0,32765
0,0,0,0,32765
0,0,0,0,32765
0,0,0,0,32765
0,0,0,0,32765
0,0,0,0,32765
0,0,0,0,32765
0,0,0,0,32765
0,0,0,0,32765
0,0,0,12,32765
0,0,0,11,32765
0,0,0,0,32765
0,0,0,0,32765
0,0,0,0,32765
0,0,0,0,32765
0,0,0,0,32765
0,0,0,0,32765
0,0,0,0,32765
0,0,0,0,32765
0,0,0,0,32765
0,0,0,0,32765
0,0,0,0,32765
0,0,0,0,32765
0,0,0,0,32765
0,0,0,0,32765
0,0,0,0,32765
0,0,0,0,32765
0,0,0,0,32765
0,0,0,0,32765
0,0,0,0,32765
0,0,0,0,32765
0,0,0,0,32765
0,0,0,0,32765
0,0,0,0,32765
0,0,0,0,32765
0,0,0,0,32765
0,0,0,0,32765
6.98099,3.78906,0.520072,11,32765
7.08188,3.81283,0.522403,11,32765
7.00678,3.74207,0.513406,16,32765
6.98407,3.7001,0.508383,14,32765
7.08492,3.72317,0.512155,11,32765
0,0,0,0,32765
0,0,0,0,32765
0,0,0,0,32765
0,0,0,0,32765
0,0,0,0,32765
0,0,0,0,32765
0,0,0,0,32765
6.95066,3.4184,0.469547,21,32765
6.93531,3.38199,0.465316,24,32765
6.93798,3.35414,0.461109,20,32765
6.9043,3.30936,0.455668,19,32765
6.90632,3.28236,0.452091,19,32765
6.90833,3.25527,0.448014,20,32765
6.90104,3.2241,0.444639,21,32765
6.88479,3.18839,0.440341,18,32765
6.94114,3.18582,0.439985,21,32765
6.96994,3.17122,0.438438,30,32765
6.95336,3.13561,0.433961,24,32765
6.93643,3.10057,0.429497,34,32765
6.93762,3.0737,0.426427,19,32765
6.98452,3.06663,0.426432,12,32765
7.06795,3.0755,0.42866,12,32765
7.16083,3.08754,0.430955,12,32765
7.17103,3.06412,0.428497,12,32765
7.18128,3.04037,0.426056,12,32765
7.23749,3.03582,0.426825,14,32765
7.22002,3.00021,0.423013,37,32765
7.21158,2.96876,0.419176,41,32765
7.20295,2.93738,0.416339,41,32765
7.19411,2.90636,0.413258,40,32765
7.14817,2.86028,0.408173,27,32765
6.72127,2.66398,0.381276,11,32765
6.73012,2.64186,0.379084,11,32765
6.70146,2.60556,0.376174,11,32765
6.57963,2.53316,0.367587,13,32765
6.61597,2.52238,0.366868,20,32765
6.60547,2.49392,0.364691,12,32765
6.68852,2.50036,0.366549,11,32765
6.83711,2.53072,0.373381,11,32765
6.8924,2.52525,0.374732,11,32765
7.09801,2.57384,0.383679,33,32765
7.14395,2.56427,0.385301,37,32765
7.1712,2.54758,0.384846,36,32765
7.21703,2.53793,0.385923,35,32765
7.23461,2.51812,0.385179,35,32765
7.29951,2.51386,0.388003,34,32765
7.30763,2.49031,0.386983,34,32765
7.36296,2.48277,0.388748,33,32765
7.40867,2.47218,0.390225,34,32765
7.4544,2.4613,0.391714,34,32765
7.50021,2.4498,0.394097,32,32765
7.54602,2.43817,0.395619,32,32765
7.60131,2.42923,0.398779,33,32765
7.63752,2.41423,0.400303,36,32765
7.68308,2.40221,0.404168,35,32765
8.25094,6.07246,0.721159,11,32765
8.303,6.06914,0.722403,12,32765
8.2908,6.01838,0.717368,11,32765
8.327,6.00269,0.716129,12,32765
8.33095,5.96319,0.713094,11,32765
8.38349,5.95859,0.713009,12,32765
8.38704,5.91942,0.708635,11,32765
8.35741,5.85789,0.701246,12,32765
8.37682,5.83039,0.698819,12,32765
8.3959,5.80326,0.6956,12,32765
8.44843,5.79772,0.695333,12,32765
8.50093,5.79202,0.694836,12,32765
8.42118,5.69682,0.682727,12,32765
8.44009,5.66915,0.679453,12,32765
8.52541,5.68563,0.681083,12,32765
8.54446,5.65736,0.677756,12,32765
8.56358,5.62884,0.67386,12,32765
8.58245,5.60043,0.670496,12,32765
8.49232,5.50148,0.658615,12,32765
8.53578,5.48981,0.656829,12,32765
8.60441,5.49418,0.656457,12,32765
8.58883,5.44466,0.651,12,32765
8.70818,5.48041,0.654874,12,32765
8.65872,5.40954,0.645165,12,32765
8.7108,5.4018,0.644487,12,32765
8.80546,5.42002,0.645715,12,32765
8.80694,5.37999,0.639638,12,32765
8.8251,5.35057,0.636019,12,32765
8.86063,5.3309,0.632708,12,32765
8.94716,5.34222,0.634619,12,32765
9.07693,5.37846,0.637448,11,32765
9.0951,5.3482,0.633074,11,32765
0,0,0,0,32765
9.40771,5.44713,0.644905,11,32765
9.4346,5.42092,0.641925,11,32765
0,0,0,0,32765
0,0,0,0,32765
0,0,0,0,32765
0,0,0,0,32765
0,0,0,0,32765
7.02125,3.84935,0.452661,11,32765
7.11322,3.86888,0.453834,11,32765
6.97712,3.76425,0.440175,11,32765
7.00749,3.75022,0.438763,16,32765
7.05536,3.74561,0.438494,22,32765
7.05919,3.71732,0.435303,13,32765
7.14262,3.73064,0.436015,11,32765
7.11092,3.68385,0.429578,11,32765
0,0,0,0,32765
0,0,0,0,32765
0,0,0,0,32765
0,0,0,0,32765
0,0,0,0,32765
6.9426,3.42138,0.396212,17,32765
6.97212,3.40685,0.394802,32,32765
6.94789,3.36575,0.389154,25,32765
6.95927,3.34245,0.386675,25,32765
6.94335,3.30663,0.38217,24,32765
6.93639,3.27509,0.377672,24,32765
6.91108,3.23529,0.373493,25,32765
6.92204,3.21208,0.370926,26,32765
6.94217,3.19268,0.368153,18,32765
7.01643,3.19876,0.368802,38,32765
7.00904,3.16703,0.365058,31,32765
7.00132,3.13582,0.36132,42,32765
6.98436,3.10056,0.357381,37,32765
7.03136,3.09332,0.356991,14,32765
7.16068,3.12201,0.360755,13,32765
7.1345,3.08227,0.356213,13,32765
7.18142,3.07461,0.355579,14,32765
7.19169,3.05077,0.353129,13,32765
7.23874,3.0423,0.352973,14,32765
7.22129,3.00661,0.349438,32,32765
7.25904,2.99414,0.347998,49,32765
7.26899,2.97009,0.346215,48,32765
7.23247,2.92754,0.341986,47,32765
7.21441,2.89239,0.338756,42,32765
6.97324,2.7692,0.324906,13,32765
6.76859,2.6621,0.312747,11,32765
6.66553,2.59658,0.306777,11,32765
6.63687,2.5601,0.303776,13,32765
6.66396,2.54555,0.302328,23,32765
6.68157,2.52748,0.301594,18,32765
6.7741,2.53718,0.303088,12,32765
6.74485,2.50132,0.300565,11,32765
6.80944,2.49959,0.301874,11,32765
7.08075,2.57243,0.311757,29,32765
7.17372,2.57981,0.315066,46,32765
7.19161,2.55963,0.314002,46,32765
7.25635,2.55653,0.315516,42,32765
7.28343,2.53985,0.315076,42,32765
7.32954,2.5289,0.316516,42,32765
7.37554,2.51811,0.317114,42,32765
7.40257,2.50074,0.317182,42,32765
7.44837,2.49,0.318277,42,32765
7.49418,2.47898,0.319384,41,32765
7.52108,2.46111,0.32058,40,32765
7.58596,2.45553,0.322529,39,32765
7.63182,2.4434,0.324814,40,32765
7.67762,2.43129,0.326458,43,32765
7.70421,2.41313,0.329139,42,32765
0,0,0,0,32765
0,0,0,0,32765
0,0,0,0,32765
0,0,0,0,32765
8.48744,6.05088,0.743481,11,32765
8.45868,5.98896,0.731528,11,32765
8.4869,5.96712,0.725298,11,32765
8.40064,5.86507,0.709243,11,32765
8.3468,5.78604,0.696497,11,32765
0,0,0,0,32765
8.30339,5.67475,0.676182,11,32765
8.28127,5.6192,0.667915,11,32765
8.3004,5.59169,0.661246,11,32765
8.31934,5.56414,0.655595,11,32765
8.37978,5.56414,0.652742,11,32765
8.34018,5.49814,0.641828,12,32765
8.41693,5.50917,0.640835,11,32765
8.45221,5.49224,0.636748,11,32765
8.47049,5.46467,0.630965,12,32765
8.52264,5.45802,0.627879,12,32765
8.49031,5.39802,0.618409,12,32765
8.59275,5.42345,0.619088,11,32765
8.54307,5.35293,0.609995,12,32765
8.59458,5.34648,0.606505,11,32765
8.72301,5.38618,0.609146,12,32765
8.6305,5.28948,0.596125,12,32765
8.81901,5.36446,0.602605,12,32765
8.83712,5.3352,0.597141,12,32765
8.79503,5.27012,0.588329,11,32765
8.87273,5.27685,0.587566,12,32765
8.93328,5.27311,0.585624,12,32765
8.96821,5.25357,0.582437,12,32765
9.05513,5.2637,0.581513,11,32765
9.24588,5.33325,0.588492,12,32765
9.28123,5.31234,0.584756,13,32765
9.23834,5.24706,0.575387,11,32765
0,0,0,0,32765
0,0,0,0,32765
0,0,0,0,32765
0,0,0,0,32765
0,0,0,0,32765
0,0,0,0,32765
6.90543,3.71156,0.402284,11,32765
7.02367,3.74508,0.404144,15,32765
7.00098,3.70292,0.399398,17,32765
6.99594,3.66999,0.39508,12,32765
0,0,0,0,32765
7.08259,3.65558,0.392452,11,32765
0,0,0,0,32765
0,0,0,0,32765
0,0,0,0,32765
0,0,0,0,32765
0,0,0,0,32765
6.94924,3.41144,0.364238,18,32765
6.95188,3.38362,0.360669,25,32765
6.94543,3.35149,0.35628,21,32765
6.90264,3.30245,0.35078,20,32765
6.92276,3.28367,0.349077,19,32765
6.88863,3.2393,0.343652,19,32765
6.88134,3.20807,0.339768,20,32765
6.90116,3.18934,0.337839,20,32765
6.93904,3.17894,0.3371,18,32765
6.97694,3.16839,0.335414,33,32765
6.96941,3.13688,0.331377,26,32765
6.94348,3.09739,0.326163,37,32765
6.89891,3.05028,0.321523,25,32765
7.02819,3.07933,0.32355,12,32765
7.13931,3.09969,0.325937,12,32765
7.14991,3.0755,0.322758,12,32765
7.13284,3.03954,0.318362,12,32765
7.226,3.05046,0.31963,12,32765
7.19938,3.01102,0.31426,13,32765
7.19096,2.97953,0.31073,32,32765
7.21007,2.9597,0.308415,39,32765
7.18293,2.92079,0.303511,38,32765
7.19265,2.89711,0.300247,39,32765
7.16514,2.8586,0.295932,30,32765
6.78438,2.68057,0.276959,11,32765
0,0,0,0,32765
6.66226,2.58188,0.265888,11,32765
6.68014,2.56361,0.263195,13,32765
6.60454,2.50977,0.256993,19,32765
6.59417,2.48094,0.253551,13,32765
6.69602,2.49428,0.253635,11,32765
6.7886,2.50362,0.253738,11,32765
6.91878,2.52628,0.255501,11,32765
7.09618,2.56513,0.258531,28,32765
7.12342,2.54875,0.256199,36,32765
7.16022,2.53518,0.253102,36,32765
7.21588,2.52793,0.251235,33,32765
7.23353,2.50798,0.248355,33,32765
7.27933,2.49812,0.246583,35,32765
7.32512,2.48817,0.243454,35,32765
7.35208,2.47118,0.240547,34,32765
7.38867,2.45666,0.23761,33,32765
7.44414,2.44848,0.235296,34,32765
7.48982,2.43775,0.232975,33,32765
7.54511,2.42963,0.230454,31,32765
7.60996,2.42425,0.227083,34,32765
7.64663,2.40836,0.222085,37,32765
7.68287,2.39334,0.218971,35,32765
8.08848,5.94594,0.652588,12,32765
8.06826,5.89001,0.641148,12,32765
8.08876,5.86269,0.633124,12,32765
8.13335,5.8529,0.627559,12,32765
8.12048,5.8031,0.618012,13,32765
8.10715,5.75377,0.608165,14,32765
8.11007,5.71576,0.600307,15,32765
8.10474,5.67195,0.591742,17,32765
8.12401,5.64499,0.585376,18,32765
8.16778,5.6351,0.580169,14,32765
8.20316,5.61954,0.574999,19,32765
8.21386,5.58664,0.569539,18,32765
8.25768,5.57605,0.564612,14,32765
8.24338,5.52634,0.55674,15,32765
8.22885,5.47679,0.548479,15,32765
8.28891,5.47719,0.544898,16,32765
8.24868,5.41172,0.535683,16,32765
8.28361,5.3953,0.531507,14,32765
8.30155,5.36822,0.52583,13,32765
8.43739,5.41605,0.527728,13,32765
8.41333,5.36155,0.519387,12,32765
8.47342,5.36059,0.516598,12,32765
8.4912,5.33279,0.512386,12,32765
8.52567,5.31592,0.507539,12,32765
8.57753,5.30862,0.5045,12,32765
8.55284,5.25401,0.496731,15,32765
8.58769,5.23582,0.492571,13,32765
8.60535,5.20725,0.487242,14,32765
8.7084,5.23022,0.487348,12,32765
8.77736,5.23212,0.485493,12,32765
8.79477,5.20325,0.480775,12,32765
8.9156,5.2347,0.482117,12,32765
8.93338,5.2048,0.476781,14,32765
8.9423,5.1699,0.472339,16,32765
8.95109,5.13503,0.467208,14,32765
9.15068,5.20909,0.471203,13,32765
9.19406,5.19366,0.469017,12,32765
0,0,0,0,32765
0,0,0,0,32765
0,0,0,0,32765
0,0,0,0,32765
7.06814,3.83779,0.339406,11,32765
7.01933,3.78124,0.334118,11,32765
7.04084,3.76265,0.33023,14,32765
7.06236,3.74373,0.327896,22,32765
7.0663,3.71517,0.324136,14,32765
7.13188,3.71929,0.325021,12,32765
7.08224,3.66353,0.317594,11,32765
0,0,0,0,32765
0,0,0,0,32765
0,0,0,0,32765
0,0,0,0,32765
0,0,0,0,32765
6.92213,3.40561,0.290376,13,32765
6.99661,3.41286,0.289884,32,32765
6.95426,3.3631,0.284185,25,32765
6.95656,3.33553,0.281059,23,32765
6.93166,3.29507,0.277434,23,32765
6.93373,3.26761,0.273897,21,32765
6.92653,3.23616,0.270176,21,32765
6.94644,3.21724,0.268133,25,32765
6.94809,3.18998,0.265704,18,32765
7.00421,3.18765,0.264414,38,32765
7.02407,3.16831,0.261565,41,32765
6.97086,3.11631,0.25569,43,32765
7.02686,3.11354,0.255252,56,32765
6.97332,3.06186,0.249442,18,32765
7.08438,3.08245,0.250808,13,32765
7.12245,3.07026,0.248609,13,32765
7.18808,3.06964,0.24735,13,32765
7.23531,3.06093,0.246182,14,32765
7.24559,3.03682,0.242412,13,32765
7.21879,2.99744,0.238439,25,32765
7.27492,2.99269,0.23722,50,32765
7.26639,2.96102,0.233251,51,32765
7.26697,2.93326,0.229652,49,32765
7.23957,2.89442,0.22568,46,32765
7.10985,2.81512,0.218324,14,32765
6.70037,2.62751,0.202879,11,32765
6.74632,2.61998,0.201167,11,32765
6.64302,2.55475,0.194782,13,32765
6.67014,2.54006,0.192403,23,32765
6.69728,2.52505,0.19018,19,32765
6.70561,2.50312,0.186659,12,32765
6.78882,2.50899,0.185651,11,32765
6.83452,2.50077,0.183913,11,32765
7.08703,2.56721,0.187272,24,32765
7.17073,2.57107,0.186218,47,32765
7.19816,2.55398,0.182569,45,32765
7.25387,2.54658,0.18021,41,32765
7.281,2.52975,0.177445,41,32765
7.30795,2.51321,0.17482,42,32765
7.3443,2.49993,0.171074,42,32765
7.3997,2.49241,0.168614,43,32765
7.44583,2.48087,0.165577,43,32765
7.50135,2.47249,0.16276,42,32765
7.5376,2.45846,0.15983,42,32765
7.60244,2.45324,0.157006,42,32765
7.62924,2.4355,0.152267,41,32765
7.68496,2.42554,0.147335,43,32765
7.71169,2.40739,0.143737,42,32765
7.93545,5.82823,0.529193,114,32765
7.89805,5.76113,0.523673,96,32765
7.95749,5.76443,0.524616,18,32765
8.01717,5.76725,0.525236,14,32765
8.08545,5.77517,0.524766,55,32765
8.14525,5.77739,0.525912,19,32765
8.17237,5.75662,0.523187,25,32765
8.12601,5.68394,0.51534,17,32765
8.16959,5.67414,0.513387,49,32765
8.16411,5.62973,0.508376,20,32765
8.1498,5.58032,0.502899,15,32765
8.16837,5.55335,0.500161,20,32765
8.18683,5.52643,0.496566,15,32765
8.27979,5.54963,0.497078,13,32765
8.1902,5.45027,0.487566,15,32765
8.17501,5.40122,0.481798,14,32765
8.17615,5.36346,0.477438,14,32765
8.24418,5.36923,0.476722,13,32765
8.22021,5.31478,0.470335,12,32765
8.27185,5.30874,0.468408,11,32765
8.44974,5.38322,0.473052,11,32765
8.46784,5.35503,0.469232,12,32765
8.50264,5.33765,0.465945,12,32765
8.41883,5.24591,0.456683,12,32765
8.52991,5.2756,0.458436,13,32765
8.5645,5.25796,0.454704,12,32765
8.58185,5.22995,0.450602,12,32765
8.5738,5.1858,0.445255,12,32765
8.71965,5.23448,0.447543,12,32765
8.71169,5.18979,0.441711,12,32765
8.72064,5.15549,0.437075,12,32765
8.85859,5.19722,0.438976,12,32765
8.87594,5.16795,0.433957,12,32765
8.94521,5.16832,0.432726,14,32765
8.85844,5.07913,0.422917,13,32765
9.04046,5.14363,0.425813,12,32765
0,0,0,0,32765
0,0,0,0,32765
0,0,0,13,32765
0,0,0,0,32765
0,0,0,0,32765
7.07916,3.84101,0.309526,11,32765
7.11843,3.83163,0.307599,11,32765
6.99883,3.73775,0.298614,14,32765
7.00253,3.70978,0.295021,16,32765
7.04162,3.7002,0.292679,11,32765
7.07189,3.68577,0.289493,11,32765
7.15555,3.69846,0.288322,11,32765
0,0,0,0,32765
0,0,0,0,32765
0,0,0,0,32765
0,0,0,0,32765
0,0,0,0,32765
6.96934,3.42554,0.258568,19,32765
6.927,3.37591,0.252892,24,32765
6.89336,3.33096,0.248789,17,32765
6.90445,3.30815,0.24543,18,32765
6.88861,3.27202,0.240574,18,32765
6.89959,3.24897,0.238292,17,32765
6.91061,3.22567,0.23553,18,32765
6.9033,3.19419,0.231661,21,32765
6.923,3.17555,0.228687,19,32765
6.98814,3.17751,0.227586,36,32765
6.97144,3.14185,0.224285,25,32765
6.94539,3.10243,0.220569,45,32765
6.90997,3.05927,0.216397,34,32765
6.99337,3.06851,0.215859,12,32765
7.07695,3.07715,0.21533,12,32765
7.15142,3.08142,0.214843,12,32765
7.13416,3.04575,0.211462,12,32765
7.22739,3.05655,0.211774,12,32765
7.23766,3.03235,0.208907,12,32765
7.20168,2.98897,0.204748,33,32765
7.22079,2.96901,0.203087,41,32765
7.2121,2.93762,0.200327,41,32765
7.20303,2.90694,0.197541,40,32765
7.16612,2.86486,0.194263,29,32765
6.85019,2.7126,0.183231,11,32765
6.73813,2.64263,0.178194,11,32765
6.70961,2.60583,0.175592,11,32765
6.57815,2.53013,0.169979,13,32765
6.62391,2.52254,0.1694,19,32765
6.69768,2.52545,0.169766,13,32765
6.78094,2.53127,0.170589,11,32765
6.69555,2.47416,0.166371,11,32765
6.85388,2.50722,0.168112,11,32765
7.12522,2.58021,0.173694,33,32765
7.13354,2.55722,0.172038,37,32765
7.15123,2.53744,0.171305,37,32765
7.21607,2.53405,0.171489,33,32765
7.23379,2.51375,0.170043,32,32765
7.28928,2.50625,0.17076,34,32765
7.3257,2.49247,0.171229,35,32765
7.33372,2.46885,0.169972,33,32765
7.39856,2.4642,0.170337,34,32765
7.48241,2.46545,0.171617,34,32765
7.49979,2.44453,0.171883,34,32765
7.5551,2.43608,0.172058,33,32765
7.61029,2.4276,0.174192,34,32765
7.63704,2.40942,0.174512,34,32765
7.69215,2.40061,0.177507,34,32765
7.98802,5.88239,0.440229,43,32765
7.95893,5.82087,0.435782,30,32765
7.93774,5.76526,0.431835,17,32765
7.95691,5.73892,0.429794,19,32765
7.98448,5.71795,0.426609,20,32765
7.97897,5.67419,0.423836,22,32765
7.97312,5.63085,0.419356,26,32765
8.00817,5.61602,0.416591,30,32765
8.03512,5.59516,0.413553,40,32765
8.05404,5.56814,0.410125,46,32765
8.08074,5.54725,0.407133,39,32765
8.09921,5.52044,0.404407,38,32765
8.1093,5.48807,0.400423,32,32765
8.11088,5.45027,0.395671,28,32765
8.12075,5.41779,0.392244,27,32765
8.14713,5.39644,0.388861,24,32765
8.19835,5.39162,0.387054,23,32765
8.19116,5.34816,0.382242,19,32765
8.21745,5.32637,0.378657,19,32765
8.25231,5.30949,0.375582,28,32765
8.27856,5.28737,0.371643,19,32765
8.4567,5.36134,0.375001,14,32765
8.47459,5.33331,0.370782,13,32765
8.46709,5.28911,0.365942,12,32765
8.52733,5.2871,0.364459,12,32765
8.71514,5.3637,0.366982,13,32765
8.72431,5.32991,0.362444,12,32765
8.74224,5.30073,0.358352,12,32765
8.82849,5.31287,0.356719,12,32765
8.74357,5.22159,0.348028,11,32765
8.79562,5.21257,0.345147,11,32765
8.81312,5.1832,0.341025,11,32765
8.86494,5.17416,0.337336,11,32765
8.84773,5.12446,0.33229,11,32765
8.92548,5.13002,0.329731,19,32765
8.99474,5.13006,0.326701,12,32765
9.09014,5.1445,0.325656,13,32765
0,0,0,0,32765
0,0,0,0,32765
0,0,0,33,32765
0,0,0,0,32765
7.12143,3.87324,0.235421,11,32765
7.05524,3.80673,0.22975,11,32765
7.00608,3.75059,0.224453,14,32765
7.05396,3.74597,0.222335,22,32765
7.07548,3.72688,0.219131,15,32765
7.1324,3.72619,0.216539,11,32765
7.11853,3.6881,0.211673,11,32765
7.24654,3.72359,0.212136,11,32765
0,0,0,0,32765
0,0,0,0,32765
0,0,0,0,32765
0,0,0,0,32765
6.93214,3.4153,0.184705,13,32765
6.97959,3.40957,0.181948,32,32765
6.99106,3.38612,0.179443,24,32765
6.94825,3.33698,0.174671,21,32765
6.93249,3.30061,0.170066,24,32765
6.92549,3.26883,0.167326,23,32765
6.91846,3.23691,0.164119,21,32765
6.92933,3.21374,0.160849,25,32765
6.93092,3.18662,0.15735,20,32765
6.99607,3.18855,0.155678,41,32765
7.02498,3.17336,0.153646,40,32765
6.97165,3.12141,0.149693,45,32765
7.01855,3.11457,0.147706,58,32765
6.95569,3.05906,0.143349,19,32765
7.08504,3.08782,0.143003,14,32765
7.12282,3.07621,0.141123,14,32765
7.18828,3.07596,0.139635,14,32765
7.21716,3.05927,0.13785,14,32765
7.26431,3.05053,0.135671,13,32765
7.23762,3.01081,0.132133,24,32765
7.26605,2.9945,0.13053,48,32765
7.25745,2.96288,0.127938,49,32765
7.267,2.93948,0.125641,49,32765
7.23948,2.90082,0.122968,45,32765
7.06312,2.80332,0.117516,14,32765
6.73733,2.64836,0.110141,11,32765
6.67157,2.59697,0.107311,12,32765
6.62407,2.55359,0.104439,14,32765
6.66056,2.54227,0.103323,24,32765
6.65957,2.51678,0.101876,20,32765
6.65852,2.4912,0.100674,12,32765
6.75116,2.50036,0.100066,11,32765
6.86262,2.51608,0.0996012,11,32765
7.08698,2.57215,0.101869,26,32765
7.16115,2.57289,0.101148,46,32765
7.19774,2.55968,0.100576,42,32765
7.25322,2.55281,0.100054,40,32765
7.28045,2.53563,0.0986287,40,32765
7.32657,2.5247,0.0987415,41,32765
7.36306,2.51076,0.0989231,41,32765
7.3901,2.49336,0.0979061,41,32765
7.43605,2.48218,0.0974475,42,32765
7.50098,2.47704,0.0977203,41,32765
7.53742,2.46222,0.0981363,41,32765
7.60231,2.45671,0.0979544,41,32765
7.61949,2.43588,0.0991252,39,32765
7.66535,2.42365,0.0995,40,32765
7.70146,2.40876,0.101776,39,32765
7.89973,5.79704,0.474029,78,32765
7.95191,5.79405,0.467487,29,32765
7.8825,5.70328,0.454202,14,32765
7.94231,5.70639,0.448351,14,32765
7.97756,5.69206,0.441788,15,32765
7.93927,5.62581,0.431126,15,32765
7.99068,5.62281,0.426076,17,32765
7.99301,5.58515,0.418873,20,32765
8.01245,5.55773,0.412026,27,32765
8.00692,5.51355,0.403628,25,32765
8.02555,5.48691,0.396601,25,32765
8.02723,5.44937,0.38984,25,32765
8.07808,5.44593,0.3859,23,32765
8.08774,5.41409,0.379049,22,32765
8.10586,5.38734,0.3731,21,32765
8.11565,5.35486,0.366835,19,32765
8.16722,5.34957,0.362521,17,32765
8.15153,5.30089,0.355122,13,32765
8.20282,5.29563,0.350547,16,32765
8.24558,5.28492,0.346279,23,32765
8.23767,5.24198,0.339538,15,32765
8.34817,5.27331,0.338597,11,32765
0,0,0,0,32765
0,0,0,0,32765
0,0,0,0,32765
0,0,0,0,32765
0,0,0,0,32765
0,0,0,0,32765
0,0,0,0,32765
0,0,0,0,32765
0,0,0,0,32765
8.8563,5.19132,0.298235,11,32765
0,0,0,0,32765
8.93401,5.15768,0.290159,12,32765
8.91684,5.10756,0.284793,13,32765
8.97747,5.10247,0.28068,11,32765
9.13395,5.15098,0.280197,12,32765
9.26461,5.18402,0.278112,11,32765
0,0,0,0,32765
0,0,0,0,32765
0,0,0,0,32765
7.08352,3.84039,0.196762,11,32765
6.96445,3.74543,0.190424,11,32765
7.02989,3.75044,0.188929,13,32765
7.02468,3.71779,0.185422,17,32765
7.01959,3.68477,0.18097,12,32765
7.11194,3.70258,0.177534,11,32765
7.02643,3.62875,0.171707,11,32765
0,0,0,0,32765
0,0,0,0,32765
0,0,0,0,32765
0,0,0,0,32765
0,0,0,0,32765
6.97316,3.4242,0.150803,13,32765
6.95763,3.3878,0.147454,26,32765
6.9421,3.35123,0.143476,19,32765
6.91736,3.31045,0.141233,19,32765
6.90156,3.27392,0.139459,19,32765
6.93068,3.25928,0.135576,18,32765
6.92349,3.22759,0.132432,18,32765
6.94336,3.20868,0.129221,20,32765
6.88128,3.15233,0.125671,16,32765
6.97373,3.16661,0.123734,36,32765
6.99347,3.14733,0.120946,30,32765
6.95837,3.10349,0.117818,41,32765
6.93221,3.06394,0.114573,42,32765
6.99752,3.0646,0.112055,14,32765
7.08117,3.073,0.110241,12,32765
7.12819,3.0651,0.107643,12,32765
7.16599,3.05314,0.105062,12,32765
7.19462,3.03695,0.102448,12,32765
7.24155,3.02861,0.0996255,12,32765
7.21473,2.98909,0.0956062,22,32765
7.2247,2.96501,0.0923684,41,32765
7.21599,2.93354,0.0893221,39,32765
7.20711,2.90227,0.0857665,40,32765
7.17968,2.86327,0.0820611,35,32765
6.89146,2.72219,0.0749205,12,32765
6.74227,2.63713,0.0702089,11,32765
6.71361,2.60056,0.0672907,12,32765
6.58214,2.52468,0.0629638,13,32765
6.62788,2.51708,0.0602427,19,32765
6.62662,2.4922,0.0567942,14,32765
6.61597,2.46367,0.0538466,11,32765
6.66135,2.45638,0.0514994,11,32765
6.9041,2.5206,0.0497736,11,32765
7.09103,2.56253,0.0477666,25,32765
7.12765,2.54943,0.0444046,39,32765
7.14559,2.52889,0.0407056,32,32765
7.18217,2.51536,0.0380424,33,32765
7.24702,2.51167,0.0338929,33,32765
7.28354,2.49783,0.030952,32,32765
7.31992,2.48414,0.0272277,32,32765
7.36578,2.47337,0.0234275,31,32765
7.40207,2.45947,0.0193942,30,32765
7.44795,2.44816,0.0155267,30,32765
7.4842,2.43384,0.0109786,29,32765
7.55853,2.43151,0.00666737,26,32765
7.61382,2.42277,0.00191287,26,32765
7.64039,2.40509,-0.00241301,28,32765
7.71462,2.40228,-0.00764567,25,32765
7.94374,5.84516,0.384786,19,32765
7.93148,5.79484,0.37476,19,32765
7.9187,5.745,0.365122,20,32765
7.94614,5.72461,0.357295,22,32765
7.95703,5.69277,0.349458,26,32765
7.96762,5.66116,0.341553,31,32765
7.98643,5.635,0.334724,37,32765
8.02973,5.62593,0.329378,48,32765
8.04928,5.59831,0.322488,59,32765
8.04387,5.5539,0.314324,69,32765
8.07085,5.53271,0.307567,73,32765
8.09747,5.5118,0.301872,69,32765
8.0988,5.47453,0.295685,63,32765
8.14173,5.46481,0.290082,55,32765
8.14336,5.42673,0.283502,49,32765
8.1366,5.38301,0.276725,24,32765
8.09632,5.31727,0.268957,13,32765
8.11401,5.29053,0.263059,11,32765
8.28272,5.36143,0.26184,12,32765
8.24158,5.29638,0.25463,17,32765
8.28426,5.2856,0.249686,31,32765
8.31884,5.26869,0.245436,21,32765
8.55629,5.37975,0.245543,16,32765
8.64206,5.39373,0.241933,16,32765
8.51555,5.27557,0.23273,13,32765
8.6352,5.31034,0.23054,12,32765
8.70415,5.31288,0.226106,13,32765
8.77328,5.31484,0.222699,13,32765
8.90257,5.35237,0.219954,18,32765
8.9462,5.33811,0.215352,18,32765
8.99835,5.32885,0.211309,17,32765
8.97309,5.2735,0.204843,15,32765
8.88691,5.18341,0.197891,12,32765
8.86093,5.1288,0.192027,15,32765
8.8957,5.10868,0.18816,15,32765
9.00842,5.13333,0.18465,13,32765
9.09531,5.14247,0.181253,13,32765
9.28692,5.20995,0.179141,13,32765
0,0,0,27,32765
0,0,0,0,32765
0,0,0,0,32765
7.04555,3.82963,0.120638,11,32765
6.98811,3.76779,0.116742,11,32765
7.00952,3.74916,0.11395,13,32765
7.07497,3.75398,0.111748,21,32765
7.0346,3.70209,0.106909,18,32765
7.03832,3.67361,0.101334,12,32765
7.12145,3.68721,0.0989098,12,32765
7.13399,3.66298,0.0961724,12,32765
0,0,0,0,32765
0,0,0,0,32765
0,0,0,0,32765
0,0,0,0,32765
0,0,0,0,32765
6.98216,3.40833,0.0751424,28,32765
6.9937,3.38466,0.0717044,28,32765
6.97811,3.34794,0.0699084,23,32765
6.9715,3.3154,0.0684873,23,32765
6.94646,3.2749,0.0638681,23,32765
6.93933,3.24308,0.0608988,23,32765
6.95016,3.21987,0.0575053,25,32765
6.94267,3.18841,0.0551302,24,32765
6.9624,3.16936,0.051771,31,32765
7.05506,3.18298,0.0493985,49,32765
7.01096,3.13474,0.0466519,38,32765
7.02149,3.11113,0.0439856,53,32765
6.98621,3.06726,0.0402734,27,32765
7.0515,3.06774,0.0376089,15,32765
7.12604,3.07179,0.0347768,14,32765
7.13626,3.04802,0.0317869,14,32765
7.20169,3.04748,0.0291399,14,32765
7.21176,3.02363,0.0258006,14,32765
7.24033,3.00712,0.0223366,17,32765
7.25034,2.98291,0.0190815,46,32765
7.26021,2.95883,0.0162488,49,32765
7.26068,2.93108,0.0128715,50,32765
7.2705,2.90666,0.00956061,50,32765
7.14054,2.82756,0.00549333,20,32765
6.77761,2.65751,0.00219362,12,32765
6.74902,2.62074,-0.000367107,12,32765
6.64565,2.55534,-0.00331917,14,32765
6.67278,2.54038,-0.00643257,24,32765
6.68094,2.51884,-0.00982838,23,32765
6.69847,2.50056,-0.0126687,14,32765
6.72519,2.48605,-0.0153864,13,32765
6.77076,2.47802,-0.0189478,13,32765
6.91048,2.50345,-0.0225302,19,32765
7.1069,2.54828,-0.0266897,38,32765
7.12482,2.52777,-0.0304767,33,32765
7.13308,2.50433,-0.0332865,32,32765
7.11283,2.47126,-0.037526,29,32765
7.05463,2.42531,-0.0401586,26,32765
6.95822,2.36724,-0.0432257,23,32765
6.82362,2.29699,-0.0459988,21,32765
6.62213,2.20578,-0.0482865,18,32765
6.43923,2.12184,-0.0503365,18,32765
6.12265,1.99602,-0.0515852,18,32765
5.95763,1.92128,-0.0536219,17,32765
5.67786,1.81123,-0.0546323,18,32765
5.55947,1.75441,-0.056595,19,32765
5.44075,1.69844,-0.0590114,21,32765
7.89204,5.80369,0.269911,17,32765
7.88704,5.75988,0.26709,18,32765
7.93046,5.7513,0.265249,18,32765
7.90893,5.69587,0.26163,18,32765
7.95265,5.68651,0.259611,20,32765
7.96331,5.65446,0.256427,23,32765
7.97353,5.62287,0.252626,28,32765
7.99197,5.59675,0.249651,39,32765
7.99404,5.55896,0.246642,47,32765
7.98,5.50924,0.240811,75,32765
8.05621,5.52207,0.2391,71,32765
8.04991,5.47825,0.235469,53,32765
8.05999,5.44572,0.231583,49,32765
8.10296,5.43576,0.228289,34,32765
8.07968,5.3808,0.223291,13,32765
8.11404,5.36535,0.219753,11,32765
8.19001,5.37736,0.21869,12,32765
8.24104,5.37255,0.215808,12,32765
8.29225,5.36731,0.212083,12,32765
8.25136,5.30172,0.207373,14,32765
8.2774,5.27978,0.202409,23,32765
8.4388,5.3428,0.203109,17,32765
8.60095,5.40449,0.201655,17,32765
8.61071,5.37025,0.196446,15,32765
8.52696,5.27788,0.189325,12,32765
8.70631,5.34909,0.18897,14,32765
8.65576,5.27861,0.183297,12,32765
8.83577,5.34836,0.182009,16,32765
8.88784,5.33961,0.178123,17,32765
8.88872,5.29935,0.173531,15,32765
8.92356,5.27997,0.16962,15,32765
8.86375,5.20439,0.163248,12,32765
8.7689,5.10923,0.157067,12,32765
8.84656,5.11502,0.152844,14,32765
8.91597,5.11483,0.149355,13,32765
9.04636,5.14878,0.147131,12,32765
9.15887,5.17349,0.143208,12,32765
0,0,0,0,32765
0,0,0,0,32765
0,0,0,0,32765
0,0,0,0,32765
0,0,0,0,32765
6.98153,3.75975,0.0858597,11,32765
7.00279,3.74135,0.0830609,13,32765
7.03281,3.72761,0.0783071,18,32765
6.98323,3.67163,0.0751932,13,32765
7.01323,3.65754,0.0709339,11,32765
7.06996,3.65691,0.0654748,12,32765
0,0,0,0,32765
0,0,0,0,32765
0,0,0,0,32765
0,0,0,0,32765
0,0,0,0,32765
6.98977,3.43879,0.04381,13,32765
6.96553,3.3974,0.0401084,26,32765
6.90511,3.33871,0.0369978,19,32765
6.91619,3.31573,0.0330849,20,32765
6.92757,3.2919,0.0319837,20,32765
6.9024,3.25162,0.0284609,20,32765
6.90419,3.22427,0.0251454,20,32765
6.906,3.19669,0.0222987,22,32765
6.91655,3.17382,0.0190223,18,32765
6.98197,3.17502,0.0159549,37,32765
6.97419,3.14374,0.0125598,30,32765
6.93908,3.09986,0.00922575,33,32765
6.93101,3.06879,0.00628104,31,32765
6.96856,3.05797,0.00356742,14,32765
7.04293,3.06261,0.000900865,13,32765
7.05304,3.03924,-0.00133377,13,32765
7.04501,3.00723,-0.00480716,13,32765
7.14717,3.02251,-0.00746655,13,32765
7.18478,3.01047,-0.0098138,13,32765
7.19483,2.98635,-0.0127773,22,32765
7.22318,2.97011,-0.0153546,40,32765
7.23302,2.94606,-0.0176556,40,32765
7.20551,2.90742,-0.0198461,40,32765
7.17786,2.86892,-0.0219021,33,32765
0,0,-0,0,32765
0,0,-0,0,32765
6.67445,2.59163,-0.0268335,14,32765
0,0,-0,0,32765
6.60713,2.51592,-0.029646,22,32765
0,0,-0,0,32765
0,0,-0,0,32765
0,0,-0,0,32765
6.3673,2.32909,-0.0348872,15,32765
0,0,-0,0,32765
6.99434,2.50647,-0.041247,23,32765
6.94599,2.46339,-0.0422053,21,32765
6.86908,2.41087,-0.0427704,20,32765
7.02793,2.44127,-0.0450934,21,32765
6.69524,2.30179,-0.0440791,18,32765
0,0,-0,0,32765
6.8994,2.32261,-0.046409,20,32765
0,0,-0,0,32765
6.86685,2.26207,-0.047855,17,32765
0,0,-0,0,32765
6.43395,2.07363,-0.0449378,16,32765
0,0,-0,0,32765
0,0,-0,18,32765
0,0,-0,0,32765
7.9016,5.82797,0.178898,24,32765
7.91285,5.79583,0.1767,24,32765
7.8998,5.74596,0.173316,20,32765
7.91072,5.71392,0.170859,23,32765
7.93014,5.68703,0.168029,22,32765
7.95711,5.66657,0.165272,27,32765
8.00004,5.65801,0.162216,27,32765
8.00225,5.62025,0.158894,28,32765
8.02903,5.59949,0.156535,38,32765
8.06447,5.58366,0.151973,55,32765
8.06674,5.54525,0.148196,66,32765
8.09359,5.52383,0.145422,66,32765
8.12039,5.50229,0.141886,56,32765
8.10547,5.45301,0.137286,33,32765
8.12386,5.42568,0.133424,28,32765
8.15836,5.41004,0.129665,25,32765
8.15093,5.36692,0.126624,23,32765
8.19355,5.35674,0.123248,20,32765
8.21113,5.32986,0.11868,19,32765
8.2206,5.29688,0.115351,18,32765
8.26345,5.28576,0.110526,21,32765
8.29817,5.26855,0.107981,20,32765
8.43459,5.31485,0.104692,18,32765
8.5373,5.3394,0.100762,19,32765
8.50448,5.27871,0.0953629,16,32765
8.50496,5.23998,0.0913102,17,32765
8.55646,5.23261,0.0875187,16,32765
8.68492,5.27169,0.0839995,17,32765
8.63393,5.20149,0.0788661,17,32765
8.76309,5.23895,0.0756836,17,32765
8.78053,5.20973,0.0714932,17,32765
8.78945,5.17504,0.0665528,14,32765
8.78955,5.13541,0.0622849,15,32765
8.8586,5.1361,0.0573268,15,32765
8.91071,5.12589,0.0531551,14,32765
9.04107,5.15991,0.049705,14,32765
9.12744,5.1699,0.0446173,12,32765
0,0,0,0,32765
0,0,0,0,32765
0,0,0,0,32765
0,0,0,0,32765
7.00872,3.8155,0.0153031,11,32765
7.05685,3.81066,0.0117305,11,32765
7.04301,3.77307,0.00875454,13,32765
7.03778,3.74039,0.00375799,22,32765
7.04136,3.71225,0.00129956,19,32765
7.04489,3.68402,-0.00318017,13,32765
7.08389,3.67407,-0.00911949,12,32765
7.06061,3.63198,-0.0117823,12,32765
13.5131,6.8937,-0.0291434,12,32765
12.7508,6.45137,-0.0358172,13,32765
12.7007,6.37288,-0.0403986,18,32765
12.6059,6.27179,-0.0467789,22,32765
12.2953,6.06528,-0.0513986,23,32765
6.99788,3.42238,-0.0327052,28,32765
7.00958,3.39834,-0.0354502,31,32765
6.97578,3.35329,-0.0391765,26,32765
6.9512,3.31199,-0.0400865,26,32765
6.94418,3.28007,-0.0433659,27,32765
6.92795,3.24404,-0.046493,26,32765
6.91169,3.20788,-0.0491338,25,32765
6.87685,3.16404,-0.0520759,23,32765
6.91491,3.15293,-0.0554757,28,32765
6.92528,3.13003,-0.0588123,35,32765
6.84451,3.06577,-0.0612529,27,32765
6.81805,3.02683,-0.0638055,30,32765
6.57172,2.89151,-0.0639994,19,32765
6.44384,2.80956,-0.0651382,18,32765
6.30625,2.72466,-0.0656596,17,32765
6.16844,2.64006,-0.0671805,17,32765
6.13124,2.59976,-0.0689131,16,32765
5.9462,2.49811,-0.0686642,17,32765
5.83452,2.42815,-0.0696888,16,32765
5.72235,2.35921,-0.0702761,16,32765
5.65611,2.30987,-0.0711722,17,32765
5.47824,2.21631,-0.0705814,17,32765
5.4205,2.17225,-0.0713797,18,32765
5.38115,2.13591,-0.0721927,20,32765
5.29505,2.08165,-0.0724436,18,32765
5.3112,2.06773,-0.0748911,22,32765
5.24332,2.02147,-0.0753532,20,32765
5.2779,2.01505,-0.0767589,21,32765
5.17224,1.95526,-0.0764653,21,32765
5.14112,1.92432,-0.0772771,21,32765
4.95058,1.83421,-0.0761776,21,32765
4.95661,1.81783,-0.0767744,21,32765
4.94376,1.79468,-0.0771604,21,32765
4.86494,1.74795,-0.0772795,21,32765
4.81413,1.7118,-0.0772813,21,32765
4.85743,1.70929,-0.0786539,21,32765
4.58907,1.59825,-0.0751313,17,32765
4.65086,1.60312,-0.0768732,17,32765
4.57082,1.55911,-0.0755705,18,32765
4.68001,1.57957,-0.077928,18,32765
4.50495,1.50406,-0.0756135,17,32765
4.64271,1.53337,-0.0783389,19,32765
4.72369,1.54315,-0.0793517,19,32765
4.51931,1.46032,-0.0762383,17,32765
4.44773,1.42164,-0.0746513,17,32765
4.56668,1.44349,-0.0768448,19,32765
4.52347,1.41427,-0.075195,18,32765
7.87124,5.78357,0.216253,18,32765
7.87431,5.74588,0.206538,18,32765
7.92571,5.74348,0.199291,15,32765
7.91247,5.69378,0.190127,19,32765
7.92323,5.66185,0.182961,16,32765
7.96675,5.65272,0.175084,32,32765
7.98564,5.62618,0.168655,18,32765
8.0044,5.59969,0.160955,19,32765
7.99847,5.55595,0.153189,26,32765
8.01662,5.52989,0.147366,46,32765
8.04292,5.50945,0.141039,50,32765
8.05278,5.47743,0.134317,47,32765
8.07905,5.45667,0.127375,29,32765
8.09779,5.42896,0.121237,23,32765
8.09103,5.38521,0.114464,22,32765
8.12591,5.36892,0.108821,20,32765
8.16032,5.35315,0.102836,21,32765
8.16934,5.32117,0.0970503,18,32765
8.22894,5.32129,0.0919146,16,32765
8.22109,5.27817,0.0860883,15,32765
8.25572,5.26125,0.0803357,14,32765
8.27329,5.23366,0.0743153,14,32765
8.37544,5.25921,0.0698904,14,32765
8.50325,5.30009,0.0653969,14,32765
8.45257,5.23012,0.0589499,15,32765
8.52101,5.2335,0.0538174,13,32765
8.58954,5.2365,0.0489964,13,32765
8.58126,5.1924,0.0433956,12,32765
8.65872,5.19953,0.0383835,12,32765
8.8651,5.28312,0.0334533,12,32765
9.10665,5.38558,0.0288577,12,32765
9.09028,5.3346,0.0236539,12,32765
9.06469,5.27931,0.0180995,12,32765
9.27258,5.35941,0.0128001,12,32765
9.27291,5.31876,0.0072478,12,32765
9.3776,5.3371,0.00261026,12,32765
0,0,-0,0,32765
0,0,-0,0,32765
0,0,-0,0,32765
0,0,-0,0,32765
0,0,-0,0,32765
0,0,-0,0,32765
0,0,-0,0,32765
6.95941,3.71725,-0.0271654,12,32765
7.02478,3.7221,-0.0299928,20,32765
7.04605,3.70319,-0.0338179,16,32765
7.07595,3.68914,-0.0395598,12,32765
0,0,-0,0,32765
7.17167,3.67812,-0.0466279,11,32765
0,0,-0,0,32765
12.509,6.30834,-0.0946772,26,32765
12.4143,6.20726,-0.0994718,26,32765
12.2113,6.05393,-0.102649,29,32765
12.0343,5.91543,-0.107403,32,32765
6.93025,3.37807,-0.0660635,26,32765
6.80643,3.28958,-0.0688823,24,32765
6.76327,3.24085,-0.0709017,21,32765
6.72909,3.19633,-0.0728426,19,32765
6.65856,3.13499,-0.0708543,20,32765
6.63274,3.09574,-0.0742194,19,32765
0,0,-0,0,32765
0,0,-0,17,32765
0,0,-0,0,32765
0,0,-0,18,32765
0,0,-0,0,32765
0,0,-0,17,32765
0,0,-0,19,32765
0,0,-0,17,32765
0,0,-0,0,32765
0,0,-0,19,32765
0,0,-0,0,32765
0,0,-0,18,32765
0,0,-0,19,32765
0,0,-0,17,32765
0,0,-0,18,32765
0,0,-0,17,32765
0,0,-0,15,32765
0,0,-0,19,32765
4.29209,1.68019,-0.0838862,15,32765
4.37207,1.69513,-0.0873505,15,32765
4.14421,1.5912,-0.084982,15,32765
4.26156,1.62011,-0.089116,16,32765
4.11714,1.54965,-0.0879531,15,32765
4.08473,1.52205,-0.0890213,16,32765
4.1084,1.51559,-0.0917496,17,32765
3.95369,1.44372,-0.0900057,16,32765
3.93959,1.42384,-0.0916809,16,32765
3.83117,1.37069,-0.0908236,15,32765
3.86389,1.36806,-0.0935302,18,32765
3.82108,1.33902,-0.0942807,16,32765
3.78756,1.31353,-0.095374,17,32765
3.72554,1.27859,-0.0957156,18,32765
3.69167,1.25389,-0.0966836,15,32765
3.5914,1.20694,-0.0961987,16,32765
3.47186,1.15447,-0.0946357,15,32765
3.41854,1.12451,-0.095122,17,32765
3.40306,1.10736,-0.0966852,16,32765
3.36837,1.0845,-0.0977608,16,32765
3.28597,1.04664,-0.097388,16,32765
3.27969,1.03313,-0.0993161,17,32765
3.15887,0.983897,-0.0978796,17,32765
7.89635,5.81961,0.125702,25,32765
7.91564,5.79355,0.116366,27,32765
7.91051,5.74983,0.107917,28,32765
7.94594,5.73517,0.0997382,29,32765
7.95681,5.70304,0.0926208,30,32765
7.96782,5.67056,0.0840701,31,32765
7.99492,5.64972,0.077705,31,32765
7.98098,5.60014,0.069695,32,32765
7.99966,5.57352,0.0624078,34,32765
8.02608,5.55306,0.0566292,31,32765
8.01946,5.50987,0.0499813,28,32765
8.04583,5.48912,0.0434475,25,32765
8.07209,5.46832,0.0364048,23,32765
8.07427,5.42939,0.0301956,19,32765
8.09246,5.40226,0.023781,17,32765
8.14404,5.39697,0.0179734,16,32765
8.19521,5.39207,0.0117982,14,32765
8.31319,5.431,0.00614897,12,32765
8.42344,5.46327,0.00043697,13,32765
8.44129,5.43565,-0.00526979,12,32765
8.61965,5.50948,-0.0115736,12,32765
8.79002,5.57703,-0.0181877,12,32765
8.95247,5.63818,-0.0240399,12,32765
9.11536,5.69841,-0.030242,13,32765
9.17648,5.69481,-0.0368289,14,32765
9.23789,5.69052,-0.0429635,15,32765
9.40173,5.74852,-0.049281,15,32765
9.38661,5.6964,-0.0550829,17,32765
9.37147,5.64406,-0.0606487,15,32765
9.36459,5.59716,-0.0665874,17,32765
9.4264,5.59101,-0.0725359,17,32765
9.49691,5.58954,-0.0782694,15,32765
9.51537,5.55798,-0.0839958,16,32765
9.49043,5.50134,-0.0894404,12,32765
0,0,-0,0,32765
0,0,-0,0,32765
0,0,-0,0,32765
0,0,-0,0,32765
5.86948,3.27149,-0.0705911,11,32765
5.84525,3.23266,-0.0731373,12,32765
5.82098,3.19375,-0.0757637,13,32765
5.98962,3.26043,-0.0807803,14,32765
5.89487,3.18335,-0.0824477,15,32765
5.78213,3.09733,-0.0839666,15,32765
5.79243,3.07798,-0.086135,16,32765
5.6877,2.99789,-0.0874926,16,32765
5.47601,2.8632,-0.0884755,18,32765
5.42336,2.81268,-0.0897513,20,32765
5.29943,2.72571,-0.090269,18,32765
5.33528,2.7214,-0.0939269,18,32765
5.20182,2.63081,-0.0939801,21,32765
5.13035,2.57257,-0.0948801,19,32765
4.92418,2.44822,-0.0929225,19,32765
4.83378,2.38283,-0.0936451,19,32765
4.39249,2.14719,-0.0876967,15,32765
4.69653,2.27634,-0.0964522,20,32765
4.65004,2.23458,-0.0971132,20,32765
4.42292,2.10688,-0.0938114,16,32765
4.2041,1.985,-0.0883303,16,32765
4.29219,2.00901,-0.0924715,17,32765
4.08127,1.89346,-0.0893949,17,32765
4.20572,1.93392,-0.0938098,17,32765
4.11208,1.87416,-0.0935207,17,32765
4.16392,1.88079,-0.0966272,18,32765
3.95115,1.76879,-0.0934087,16,32765
4.0027,1.77583,-0.0960489,17,32765
3.92629,1.72603,-0.0956962,17,32765
3.83116,1.66901,-0.0950909,17,32765
3.79084,1.63624,-0.0957908,17,32765
3.66754,1.56855,-0.0943195,18,32765
3.75558,1.59132,-0.0983758,20,32765
3.67794,1.54379,-0.097621,18,32765
3.67383,1.52759,-0.0991841,19,32765
3.61422,1.48851,-0.0992113,18,32765
3.62841,1.48015,-0.101104,19,32765
3.56838,1.44187,-0.100816,20,32765
3.50815,1.40396,-0.10092,20,32765
3.46621,1.37408,-0.100976,20,32765
3.43351,1.34788,-0.101766,19,32765
3.3633,1.3077,-0.101108,17,32765
3.3582,1.29305,-0.102684,19,32765
3.26902,1.24629,-0.101244,19,32765
3.29179,1.2425,-0.103396,18,32765
3.18349,1.18958,-0.101329,17,32765
3.16857,1.17219,-0.102525,18,32765
3.163,1.15826,-0.103678,18,32765
3.0822,1.11712,-0.102557,18,32765
2.99167,1.07338,-0.100814,18,32765
3.0705,1.09024,-0.104971,19,32765
3.01739,1.06039,-0.104535,19,32765
2.92636,1.01776,-0.102835,19,32765
2.92958,1.00828,-0.104415,18,32765
2.89488,0.986063,-0.104591,19,32765
2.8317,0.954346,-0.103968,19,32765
2.80624,0.935804,-0.104331,19,32765
2.82817,0.932972,-0.106724,20,32765
2.80259,0.914581,-0.107374,20,32765
2.77683,0.896619,-0.108061,19,32765
2.6463,0.845319,-0.104584,18,32765
2.65845,0.839851,-0.106753,20,32765
2.61338,0.816349,-0.106759,19,32765
7.92181,5.83698,0.0141526,12,32765
7.77188,5.68636,0.0115592,12,32765
7.92807,5.76069,0.00895663,12,32765
7.88972,5.69431,0.00560213,12,32765
7.99809,5.73203,0.00271239,12,32765
8.09075,5.75714,-0.000724121,12,32765
8.00369,5.65517,-0.00386147,12,32765
8.05515,5.65155,-0.00779037,12,32765
8.1801,5.69971,-0.0116559,11,32765
8.12481,5.62153,-0.0144265,12,32765
8.18437,5.62322,-0.0189922,12,32765
8.16156,5.56802,-0.0221105,12,32765
8.30448,5.62457,-0.0282062,11,32765
0,0,-0,0,32765
0,0,-0,11,32765
0,0,-0,12,32765
0,0,-0,0,32765
8.64898,5.64814,-0.0503614,11,32765
0,0,-0,0,32765
0,0,-0,0,32765
9.16844,5.85744,-0.0677777,12,32765
9.39067,5.95519,-0.0737755,13,32765
9.39341,5.91333,-0.0792873,15,32765
9.38742,5.86637,-0.0824913,17,32765
9.45786,5.86668,-0.0881088,17,32765
9.46039,5.82447,-0.0932699,18,32765
9.42013,5.75616,-0.0969857,16,32765
9.43946,5.72431,-0.102026,15,32765
9.53568,5.73898,-0.108825,16,32765
9.36602,5.59403,-0.111962,14,32765
0,0,-0,0,32765
0,0,-0,0,32765
0,0,-0,0,32765
0,0,-0,0,32765
0,0,-0,0,32765
0,0,-0,0,32765
0,0,-0,0,32765
0,0,-0,0,32765
5.57315,3.10418,-0.0917481,18,32765
0,0,-0,0,32765
5.57628,3.05699,-0.0974112,18,32765
0,0,-0,0,32765
5.27993,2.8483,-0.097557,16,32765
5.08676,2.72185,-0.0963855,18,32765
4.94571,2.62502,-0.0961404,18,32765
4.97219,2.61762,-0.0989885,17,32765
4.86568,2.54073,-0.0999642,17,32765
4.6078,2.3864,-0.0968293,19,32765
4.53577,2.32967,-0.0971885,20,32765
0,0,-0,0,32765
4.28367,2.16356,-0.0958654,15,32765
4.38029,2.19384,-0.100471,15,32765
4.25329,2.11237,-0.0996544,15,32765
4.26036,2.09798,-0.101563,16,32765
4.16856,2.03529,-0.101508,16,32765
3.98636,1.92977,-0.0990324,15,32765
3.97474,1.90775,-0.100304,15,32765
3.84563,1.83003,-0.0986558,16,32765
3.83358,1.80868,-0.0998722,15,32765
3.73088,1.74504,-0.0989416,16,32765
3.77298,1.74921,-0.102324,16,32765
3.72436,1.71136,-0.101782,16,32765
3.5391,1.61159,-0.098175,15,32765
3.69933,1.66962,-0.104535,18,32765
3.51335,1.57124,-0.100505,16,32765
3.52772,1.56342,-0.10228,16,32765
3.52368,1.54772,-0.10374,17,32765
3.58378,1.55987,-0.106858,17,32765
3.50626,1.5124,-0.105796,16,32765
3.40102,1.45337,-0.10385,16,32765
3.43346,1.45363,-0.106015,16,32765
3.2723,1.37264,-0.102126,15,32765
3.34141,1.38861,-0.105501,16,32765
3.37362,1.3891,-0.107521,17,32765
3.19306,1.30242,-0.102887,16,32765
3.19728,1.29193,-0.103929,16,32765
3.19225,1.27758,-0.104604,17,32765
3.17788,1.25956,-0.104932,16,32765
3.13546,1.23081,-0.10433,17,32765
3.17679,1.23478,-0.106718,16,32765
3.11549,1.19924,-0.105625,16,32765
2.98862,1.13918,-0.101976,16,32765
3.03909,1.14698,-0.104421,17,32765
3.05211,1.14065,-0.105488,17,32765
2.95273,1.09239,-0.102784,17,32765
2.94691,1.07919,-0.103399,16,32765
2.89406,1.049,-0.102003,17,32765
2.86925,1.02934,-0.101652,16,32765
2.85377,1.0132,-0.101519,17,32765
2.85708,1.00376,-0.102332,17,32765
2.8792,1.00099,-0.103625,18,32765
2.83517,0.975362,-0.102368,17,32765
2.93292,0.998365,-0.106078,17,32765
2.86979,0.966628,-0.104038,18,32765
2.835,0.944572,-0.103352,17,32765
2.87597,0.947981,-0.105016,18,32765
2.85046,0.92953,-0.104132,17,32765
2.83436,0.914368,-0.103571,17,32765
2.723,0.868898,-0.0993105,16,32765
2.84023,0.895956,-0.103716,17,32765
2.80492,0.874959,-0.10221,17,32765
8.04911,5.95027,-0.0787184,16,32765
7.98039,5.85806,-0.0802223,14,32765
8.04006,5.86115,-0.0834898,13,32765
8.1317,5.88807,-0.0876521,12,32765
8.20003,5.89586,-0.0912198,12,32765
8.25249,5.89127,-0.0951281,12,32765
8.34548,5.91574,-0.0992698,12,32765
8.43049,5.93397,-0.104158,11,32765
8.52347,5.95807,-0.109004,12,32765
8.69092,6.03252,-0.113983,12,32765
0,0,-0,12,32765
0,0,-0,0,32765
0,0,-0,0,32765
6.92195,4.66885,-0.104394,11,32765
6.98779,4.67837,-0.108104,11,32765
7.01192,4.66012,-0.1122,12,32765
6.95212,4.58736,-0.114513,12,32765
6.8836,4.50947,-0.116842,12,32765
6.93203,4.50834,-0.121495,13,32765
6.99744,4.51761,-0.126088,12,32765
6.97881,4.47256,-0.128946,12,32765
4.93527,3.13957,-0.0933683,12,32765
5.03018,3.17651,-0.0979956,13,32765
4.97286,3.11734,-0.098497,14,32765
4.94924,3.07957,-0.10054,15,32765
4.89145,3.02089,-0.101919,16,32765
4.86746,2.9835,-0.103441,16,32765
4.76643,2.89945,-0.103639,17,32765
4.78466,2.88854,-0.106827,18,32765
4.66568,2.79529,-0.106602,17,32765
4.72656,2.81025,-0.11021,17,32765
4.61543,2.72311,-0.109755,18,32765
4.53832,2.65691,-0.10992,20,32765
4.14957,2.41051,-0.102516,17,32765
4.01909,2.31651,-0.101327,16,32765
4.04418,2.31286,-0.10421,16,32765
4.05182,2.29936,-0.106212,16,32765
3.98105,2.24161,-0.10623,17,32765
3.84008,2.14543,-0.104379,17,32765
3.79477,2.1034,-0.105255,16,32765
3.76676,2.07129,-0.106037,18,32765
3.64199,1.98683,-0.104477,16,32765
3.63994,1.96957,-0.106004,17,32765
3.64657,1.95716,-0.10785,16,32765
3.6178,1.92605,-0.108711,19,32765
3.57121,1.88579,-0.108924,17,32765
3.51549,1.84127,-0.109401,17,32765
3.44179,1.78793,-0.108664,16,32765
3.38559,1.74418,-0.10823,18,32765
3.36473,1.71903,-0.109341,18,32765
3.29029,1.66686,-0.108205,18,32765
3.32265,1.66916,-0.111067,18,32765
3.17611,1.58216,-0.107683,18,32765
3.16348,1.56253,-0.108498,17,32765
3.15075,1.54299,-0.109623,18,32765
3.16488,1.53672,-0.111621,19,32765
3.08892,1.48706,-0.110107,18,32765
3.00363,1.43365,-0.108278,17,32765
2.99029,1.41506,-0.108941,19,32765
2.9859,1.4008,-0.110133,18,32765
2.9362,1.36536,-0.110019,19,32765
2.9408,1.35537,-0.11076,18,32765
2.91812,1.3328,-0.111062,19,32765
2.85879,1.29413,-0.110243,18,32765
2.84493,1.27613,-0.110659,18,32765
2.78526,1.23808,-0.109375,17,32765
2.78016,1.2248,-0.11038,19,32765
2.7842,1.21548,-0.11155,19,32765
2.73313,1.18245,-0.110441,18,32765
2.71872,1.16529,-0.110804,19,32765
2.68579,1.1405,-0.110345,18,32765
2.68032,1.12769,-0.110974,18,32765
2.6379,1.09953,-0.110146,18,32765
2.65992,1.09851,-0.111822,18,32765
2.55253,1.04427,-0.10817,19,32765
2.5837,1.04712,-0.110191,17,32765
2.60568,1.04595,-0.11178,19,32765
2.55343,1.01508,-0.110148,18,32765
2.58463,1.01761,-0.112121,20,32765
2.55075,0.99441,-0.111433,18,32765
2.56328,0.989628,-0.112745,19,32765
2.52916,0.966923,-0.111767,19,32765
2.54166,0.962104,-0.112894,20,32765
2.55409,0.95737,-0.113935,20,32765
2.48228,0.921085,-0.111318,19,32765
2.49466,0.916299,-0.112538,19,32765
2.49766,0.908019,-0.11304,19,32765
2.51942,0.906537,-0.114456,20,32765
2.51297,0.89486,-0.114502,20,32765
2.38397,0.840042,-0.109178,18,32765
2.49045,0.868415,-0.114461,19,32765
2.44603,0.843996,-0.112677,19,32765
2.42984,0.82958,-0.112056,20,32765
2.47034,0.834558,-0.114108,20,32765
2.38777,0.797931,-0.110754,19,32765
2.45671,0.812193,-0.114072,20,32765
2.37383,0.776401,-0.110241,19,32765
2.38578,0.771941,-0.110796,20,32765
2.37871,0.761289,-0.110277,19,32765
2.36217,0.747362,-0.109595,19,32765
2.39316,0.748729,-0.110826,19,32765
7.96346,5.86465,-0.0358261,13,32765
7.87805,5.76124,-0.0449978,13,32765
8.06673,5.85882,-0.0547285,12,32765
8.08604,5.83206,-0.0631274,12,32765
8.07258,5.78216,-0.0703204,12,32765
8.2302,5.85383,-0.0803389,12,32765
8.39666,5.93013,-0.0895831,12,32765
0,0,-0,0,32765
8.68196,6.04551,-0.108122,11,32765
8.84131,6.11389,-0.118202,11,32765
0,0,-0,0,32765
0,0,-0,0,32765
0,0,-0,0,32765
0,0,-0,0,32765
0,0,-0,0,32765
0,0,-0,0,32765
0,0,-0,0,32765
0,0,-0,0,32765
0,0,-0,0,32765
0,0,-0,0,32765
4.69317,2.99812,-0.101786,14,32765
0,0,-0,0,32765
4.51831,2.84424,-0.103994,16,32765
0,0,-0,0,32765
4.46063,2.76652,-0.108074,18,32765
0,0,-0,0,32765
4.3424,2.65317,-0.111055,16,32765
4.18019,2.53496,-0.110069,15,32765
4.17156,2.51045,-0.112402,15,32765
4.14557,2.47593,-0.113662,15,32765
4.05922,2.40587,-0.113727,15,32765
4.11028,2.41757,-0.11763,15,32765
3.79882,2.21736,-0.110748,15,32765
3.92729,2.27473,-0.116657,15,32765
3.72681,2.14201,-0.112638,15,32765
3.51689,2.00556,-0.108317,15,32765
3.54967,2.00844,-0.111375,16,32765
3.59122,2.01605,-0.114449,16,32765
3.45817,1.92616,-0.112223,15,32765
3.52574,1.94848,-0.1161,15,32765
3.40071,1.86459,-0.113526,15,32765
3.41561,1.85803,-0.115865,14,32765
3.25455,1.75653,-0.111914,15,32765
3.18986,1.70788,-0.111048,15,32765
3.19545,1.6973,-0.112625,15,32765
3.148,1.65863,-0.112471,14,32765
3.09153,1.61555,-0.112014,15,32765
3.13247,1.62339,-0.114691,16,32765
3.05797,1.57149,-0.113357,16,32765
3.00092,1.52928,-0.112482,16,32765
3.05963,1.54599,-0.116015,15,32765
3.00227,1.50423,-0.115275,15,32765
2.89989,1.44066,-0.112764,17,32765
2.80608,1.38226,-0.110282,16,32765
2.81962,1.37723,-0.112049,16,32765
2.83322,1.37202,-0.113765,16,32765
2.72969,1.31051,-0.110767,16,32765
2.71602,1.2927,-0.110843,16,32765
2.79261,1.31763,-0.115214,16,32765
2.69737,1.26171,-0.112614,16,32765
2.63809,1.22318,-0.11137,16,32765
2.67849,1.23093,-0.113976,17,32765
2.55521,1.164,-0.109927,16,32765
2.55,1.15121,-0.110658,15,32765
2.62677,1.17527,-0.115031,16,32765
2.50278,1.1097,-0.110665,15,32765
2.51561,1.10528,-0.11205,17,32765
2.52843,1.10079,-0.113631,16,32765
2.55959,1.10413,-0.116185,17,32765
2.42542,1.03665,-0.110945,17,32765
2.39206,1.01282,-0.110797,16,32765
2.50596,1.05114,-0.11684,18,32765
2.33415,0.969828,-0.109876,17,32765
2.36505,0.9734,-0.112351,16,32765
2.32196,0.946691,-0.111248,17,32765
2.36209,0.953954,-0.114041,17,32765
2.30948,0.923962,-0.11262,17,32765
2.28462,0.905267,-0.112235,16,32765
2.32479,0.912182,-0.11517,17,32765
2.29052,0.889946,-0.11449,18,32765
2.23751,0.860703,-0.112823,17,32765
2.24963,0.856854,-0.114322,17,32765
2.22434,0.838866,-0.114161,17,32765
2.11474,0.789655,-0.10927,16,32765
2.23905,0.82772,-0.116748,17,32765
2.21357,0.810015,-0.116532,18,32765
2.08474,0.75502,-0.110428,16,32765
2.17178,0.778451,-0.116089,16,32765
2.14605,0.761205,-0.115838,16,32765
2.07305,0.72779,-0.112998,18,32765
2.06592,0.717757,-0.113527,16,32765
2.07759,0.714388,-0.115145,17,32765
2.01364,0.685225,-0.112394,17,32765
2.05364,0.691435,-0.115749,17,32765
2.10319,0.700453,-0.119739,17,32765
2.06748,0.681015,-0.118951,18,32765
1.97466,0.64341,-0.114549,16,32765
1.98612,0.640255,-0.116188,17,32765
1.94998,0.621932,-0.115203,17,32765
1.96136,0.618845,-0.117066,17,32765
1.95369,0.609687,-0.117829,17,32765
8.09824,5.98386,-0.130101,14,32765
0,0,-0,0,32765
0,0,-0,12,32765
0,0,-0,12,32765
0,0,-0,13,32765
0,0,-0,14,32765
0,0,-0,14,32765
0,0,-0,13,32765
0,0,-0,14,32765
4.54259,3.1517,-0.112255,15,32765
4.51986,3.11412,-0.115102,16,32765
4.48056,3.06524,-0.117661,16,32765
0,0,-0,18,32765
4.05359,2.73273,-0.112716,15,32765
4.02117,2.6912,-0.115031,15,32765
3.93851,2.61681,-0.115638,16,32765
3.88872,2.5651,-0.117109,16,32765
3.81341,2.49755,-0.117204,16,32765
3.88859,2.52855,-0.12224,17,32765
3.78767,2.44517,-0.121599,17,32765
3.60204,2.30863,-0.118072,16,32765
3.54223,2.25356,-0.118644,16,32765
3.48201,2.19908,-0.118611,17,32765
3.31995,2.0811,-0.11544,16,32765
3.41166,2.12286,-0.120206,17,32765
3.2571,2.01158,-0.117211,17,32765
3.22967,1.97974,-0.118007,17,32765
3.1935,1.94293,-0.119037,18,32765
3.09734,1.87005,-0.117289,18,32765
3.03497,1.81852,-0.1163,18,32765
3.02384,1.79803,-0.117625,17,32765
2.98677,1.76245,-0.11792,18,32765
2.95809,1.73222,-0.118312,18,32765
2.85151,1.65697,-0.115565,18,32765
2.85699,1.64739,-0.117216,17,32765
2.78443,1.593,-0.115788,17,32765
2.84188,1.61316,-0.119762,18,32765
2.80371,1.57903,-0.119483,18,32765
2.73042,1.52571,-0.1179,16,32765
2.69174,1.49236,-0.117466,19,32765
2.70542,1.48814,-0.119242,18,32765
2.64013,1.44081,-0.117741,18,32765
2.60969,1.41301,-0.117549,18,32765
2.61436,1.40424,-0.118827,18,32765
2.63659,1.40494,-0.120933,19,32765
2.53523,1.34005,-0.117462,18,32765
2.5397,1.33143,-0.118907,18,32765
2.51759,1.3089,-0.118788,19,32765
2.4421,1.25901,-0.116297,19,32765
2.46413,1.25974,-0.118322,19,32765
2.42385,1.22865,-0.117402,18,32765
2.43689,1.22485,-0.119158,20,32765
2.41416,1.20317,-0.11919,19,32765
2.41817,1.19498,-0.120353,19,32765
2.34138,1.14727,-0.117519,18,32765
2.31825,1.12621,-0.117284,18,32765
2.304,1.10966,-0.117505,18,32765
2.32574,1.11046,-0.119118,18,32765
2.23914,1.05985,-0.115646,18,32765
2.20645,1.03535,-0.115012,19,32765
2.20082,1.02368,-0.115713,18,32765
2.18609,1.00783,-0.115641,18,32765
2.19847,1.00467,-0.117293,19,32765
2.17453,0.984816,-0.1168,18,32765
2.1869,0.981567,-0.118299,19,32765
2.19928,0.978217,-0.119872,20,32765
2.14769,0.946615,-0.117728,19,32765
2.17827,0.95135,-0.120245,19,32765
2.14475,0.928111,-0.119331,19,32765
2.11109,0.905165,-0.11817,19,32765
2.06813,0.87844,-0.116929,18,32765
2.10786,0.886954,-0.119792,19,32765
2.08314,0.868277,-0.119294,19,32765
2.03061,0.838401,-0.117136,19,32765
2.0703,0.846764,-0.120241,19,32765
2.04528,0.82863,-0.119516,19,32765
2.02012,0.810764,-0.119,20,32765
2.0042,0.796673,-0.118763,19,32765
2.02539,0.797232,-0.120832,21,32765
2.00008,0.779571,-0.120187,20,32765
1.95607,0.754834,-0.118378,19,32765
1.97716,0.755472,-0.120412,20,32765
1.94223,0.734807,-0.119243,19,32765
1.94458,0.728432,-0.120041,20,32765
1.93754,0.718546,-0.120497,19,32765
1.93047,0.708679,-0.121007,19,32765
1.95155,0.709042,-0.122941,19,32765
1.88807,0.678923,-0.119836,19,32765
1.89025,0.672622,-0.120944,19,32765
1.86411,0.656536,-0.120242,19,32765
1.85676,0.647161,-0.120574,18,32765
1.83045,0.631435,-0.119708,20,32765
1.82297,0.622341,-0.119918,20,32765
1.79654,0.606828,-0.119145,19,32765
1.79846,0.600901,-0.120278,20,32765
1.75298,0.579292,-0.118275,19,32765
1.77375,0.579823,-0.120503,19,32765
1.75651,0.568081,-0.120178,19,32765
1.77721,0.568676,-0.122608,20,32765
1.76939,0.560099,-0.123127,20,32765
1.72345,0.539601,-0.120993,19,32765
0,0,-0,0,32765
0,0,-0,16,32765
0,0,-0,0,32765
0,0,-0,17,32765
0,0,-0,0,32765
0,0,-0,17,32765
0,0,-0,15,32765
0,0,-0,14,32765
0,0,-0,15,32765
0,0,-0,15,32765
0,0,-0,14,32765
3.53169,2.41471,-0.121272,14,32765
3.58101,2.43099,-0.124617,14,32765
3.45639,2.32968,-0.121729,14,32765
3.48905,2.33475,-0.124511,16,32765
3.25549,2.16241,-0.117796,14,32765
3.27941,2.16239,-0.120169,14,32765
3.26996,2.14026,-0.121563,16,32765
3.20995,2.08581,-0.12062,15,32765
3.20844,2.06963,-0.122191,16,32765
3.12269,1.9996,-0.120311,16,32765
3.14616,1.99988,-0.122607,16,32765
3.02595,1.90939,-0.119417,14,32765
3.05758,1.91528,-0.122473,15,32765
2.99603,1.86278,-0.12138,15,32765
2.95117,1.82123,-0.120935,15,32765
2.92314,1.79038,-0.121164,17,32765
2.86927,1.74424,-0.120374,16,32765
2.81512,1.69852,-0.11937,15,32765
2.86363,1.71468,-0.122985,16,32765
2.74909,1.63349,-0.119199,15,32765
2.80617,1.65464,-0.123266,14,32765
2.61328,1.52911,-0.116079,15,32765
2.61832,1.52035,-0.117618,14,32765
2.63204,1.51646,-0.119678,16,32765
2.65443,1.51747,-0.121966,17,32765
2.56389,1.45421,-0.119292,16,32765
2.52525,1.42092,-0.118746,17,32765
2.43405,1.35873,-0.115622,15,32765
2.4735,1.36989,-0.118703,15,32765
2.44298,1.34235,-0.118516,16,32765
2.46495,1.3437,-0.120911,17,32765
2.35513,1.27363,-0.116607,16,32765
2.36815,1.27042,-0.11833,17,32765
2.40763,1.28119,-0.121644,17,32765
2.28827,1.20759,-0.116752,17,32765
2.36315,1.23678,-0.121652,16,32765
2.26978,1.17805,-0.117942,16,32765
2.25589,1.16126,-0.118403,15,32765
2.25084,1.1491,-0.119063,17,32765
2.20117,1.11441,-0.117598,16,32765
2.15135,1.07998,-0.115955,16,32765
2.18182,1.08591,-0.118489,16,32765
2.1765,1.07405,-0.119093,17,32765
2.17106,1.06234,-0.11981,17,32765
2.03079,0.985261,-0.112921,16,32765
2.07904,1.00005,-0.11665,16,32765
2.01923,0.962937,-0.114341,15,32765
2.10369,0.994494,-0.119883,15,32765
2.03463,0.953515,-0.116625,17,32765
2.09207,0.971973,-0.120793,16,32765
2.05893,0.948355,-0.11972,17,32765
1.98933,0.908368,-0.116357,17,32765
1.98322,0.897558,-0.116777,17,32765
2.07734,0.931639,-0.122988,17,32765
1.99833,0.888008,-0.119208,17,32765
1.94644,0.85709,-0.116849,17,32765
2.0225,0.882435,-0.122099,17,32765
1.9154,0.828145,-0.116292,17,32765
1.964,0.841384,-0.119837,17,32765
1.94843,0.826874,-0.119577,17,32765
1.92356,0.808639,-0.118808,17,32765
1.93547,0.805977,-0.119802,17,32765
1.93809,0.79952,-0.120745,17,32765
1.93141,0.78938,-0.120926,17,32765
1.90622,0.771736,-0.11984,16,32765
1.89019,0.757982,-0.11937,16,32765
1.89266,0.751691,-0.119992,17,32765
1.89512,0.745362,-0.120656,17,32765
1.89756,0.739045,-0.121114,18,32765
1.86271,0.71838,-0.119318,17,32765
1.94894,0.744335,-0.125248,18,32765
1.82996,0.692028,-0.118011,17,32765
1.79481,0.67201,-0.116017,17,32765
1.80634,0.669557,-0.117182,18,32765
1.84599,0.677359,-0.120055,19,32765
1.83881,0.667818,-0.119998,17,32765
1.82221,0.65494,-0.119172,17,32765
1.79609,0.638975,-0.117729,16,32765
1.83582,0.646334,-0.120526,17,32765
1.8285,0.637001,-0.120109,18,32765
1.80221,0.621314,-0.11874,18,32765
1.81365,0.618663,-0.119637,18,32765
1.73996,0.587299,-0.114915,17,32765
1.82706,0.610111,-0.120533,18,32765
1.81954,0.601051,-0.12012,18,32765
1.77406,0.579556,-0.117166,18,32765
1.81394,0.585972,-0.11979,18,32765
1.79683,0.573985,-0.118551,18,32765
1.76058,0.556222,-0.116072,17,32765
1.80043,0.562645,-0.118322,18,32765
3.06614,2.27479,-0.128568,16,32765
3.01756,2.22275,-0.127242,17,32765
3.02523,2.21225,-0.12825,15,32765
2.86282,2.07868,-0.122218,16,32765
2.8373,2.04569,-0.121984,17,32765
2.97409,2.12928,-0.128703,16,32765
2.81816,2.00359,-0.123335,17,32765
2.83294,1.99993,-0.124987,17,32765
2.85599,2.00184,-0.126842,17,32765
2.82162,1.96369,-0.126395,16,32765
2.80344,1.93718,-0.127018,16,32765
2.75212,1.8883,-0.125653,17,32765
2.75009,1.87346,-0.126764,16,32765
2.66521,1.80269,-0.123906,16,32765
2.67949,1.79928,-0.12576,17,32765
2.62738,1.75127,-0.12456,18,32765
2.62491,1.73683,-0.125588,17,32765
2.58899,1.70043,-0.125188,17,32765
2.49415,1.6263,-0.121547,17,32765
2.48275,1.60706,-0.122196,17,32765
2.47125,1.58792,-0.122672,17,32765
2.47649,1.57963,-0.123974,18,32765
2.39727,1.5179,-0.12114,17,32765
2.45297,1.54183,-0.125353,17,32765
2.39874,1.49654,-0.12363,17,32765
2.32726,1.44113,-0.120979,18,32765
2.34908,1.4437,-0.123171,18,32765
2.30267,1.40459,-0.121848,17,32765
2.31584,1.40205,-0.12354,18,32765
2.18349,1.31189,-0.117624,17,32765
2.2222,1.32491,-0.12058,17,32765
2.19221,1.29702,-0.120153,18,32765
2.23096,1.30985,-0.12333,18,32765
2.1835,1.27217,-0.121761,18,32765
2.23096,1.28974,-0.125588,18,32765
2.15728,1.23744,-0.122431,19,32765
2.1614,1.23008,-0.123876,18,32765
2.10466,1.18827,-0.121628,18,32765
2.09122,1.1713,-0.121812,19,32765
2.08636,1.15939,-0.122509,18,32765
2.08143,1.14754,-0.12327,19,32765
2.05016,1.12136,-0.122487,19,32765
2.08019,1.12874,-0.1252,19,32765
2.01358,1.08384,-0.122073,18,32765
2.02596,1.08172,-0.123916,18,32765
2.01197,1.06536,-0.124026,18,32765
1.98021,1.03984,-0.122938,18,32765
1.95713,1.01919,-0.122417,18,32765
1.96048,1.01259,-0.123622,19,32765
1.94606,0.996844,-0.12348,19,32765
1.90485,0.967622,-0.121839,20,32765
1.97051,0.992513,-0.126939,19,32765
1.90241,0.950019,-0.123298,19,32765
1.95031,0.965661,-0.127172,19,32765
1.91764,0.941483,-0.125907,19,32765
1.89382,0.921889,-0.125107,18,32765
1.88787,0.911135,-0.125636,19,32765
1.81883,0.870277,-0.121956,17,32765
1.81271,0.859805,-0.122171,18,32765
1.86974,0.879174,-0.12661,19,32765
1.81832,0.847616,-0.123862,19,32765
1.80294,0.833222,-0.123524,18,32765
1.78749,0.818933,-0.123055,19,32765
1.79926,0.817029,-0.124545,18,32765
1.802,0.81086,-0.125288,19,32765
1.75914,0.784331,-0.123073,19,32765
1.76174,0.778351,-0.123896,19,32765
1.76432,0.772362,-0.12465,19,32765
1.77599,0.770437,-0.126061,19,32765
1.76018,0.756586,-0.125447,20,32765
1.74434,0.742739,-0.124913,19,32765
1.73761,0.732911,-0.125092,20,32765
1.75847,0.734716,-0.126804,19,32765
1.72398,0.713569,-0.12499,19,32765
1.7078,0.700323,-0.124323,19,32765
1.70083,0.690889,-0.124234,18,32765
1.70308,0.685232,-0.12486,19,32765
1.69604,0.675855,-0.124741,19,32765
1.66113,0.655518,-0.122598,19,32765
1.70045,0.66449,-0.125751,19,32765
1.69331,0.655232,-0.125591,19,32765
1.6861,0.646103,-0.125389,19,32765
1.66953,0.633468,-0.12451,19,32765
1.69959,0.638486,-0.126991,19,32765
1.70165,0.632863,-0.127522,19,32765
1.61945,0.596224,-0.121607,18,32765
1.62139,0.590828,-0.122095,19,32765
1.63271,0.588795,-0.12316,19,32765
1.65339,0.590175,-0.124945,18,32765
1.61768,0.57144,-0.1224,19,32765
1.61954,0.566095,-0.12258,19,32765
1.61191,0.557569,-0.122305,19,32765
1.60427,0.549072,-0.121835,19,32765
1.60601,0.543901,-0.122079,19,32765
1.61723,0.541851,-0.122797,19,32765
1.60003,0.530312,-0.121548,19,32765
1.60176,0.525022,-0.121707,19,32765
1.63195,0.528947,-0.123975,19,32765
1.62417,0.520568,-0.12327,20,32765
1.63533,0.518382,-0.12402,20,32765
1.61792,0.507305,-0.122346,20,32765
3.50479,2.59016,-0.130873,14,32765
3.336,2.44833,-0.128006,14,32765
3.24699,2.36663,-0.128477,15,32765
3.14135,2.2738,-0.127092,13,32765
3.11639,2.23989,-0.128935,15,32765
2.91224,2.07845,-0.123777,14,32765
3.02513,2.14371,-0.131148,15,32765
2.79512,1.96684,-0.12352,16,32765
2.77686,1.94048,-0.125168,16,32765
2.66,1.84581,-0.122351,16,32765
2.68247,1.84831,-0.125315,16,32765
2.6473,1.8111,-0.125835,15,32765
2.66984,1.81335,-0.128966,15,32765
2.55151,1.72062,-0.125204,15,32765
2.4907,1.66766,-0.123933,15,32765
2.47118,1.64276,-0.124462,15,32765
2.35978,1.55746,-0.120942,15,32765
2.41505,1.5824,-0.125062,15,32765
2.30302,1.49798,-0.120956,15,32765
2.24086,1.44682,-0.119041,15,32765
2.26248,1.44998,-0.121776,16,32765
2.24195,1.4263,-0.122121,17,32765
2.23814,1.4135,-0.123478,16,32765
2.21737,1.39011,-0.123516,16,32765
2.18795,1.36164,-0.123443,17,32765
2.14994,1.32801,-0.122579,16,32765
2.12025,1.29989,-0.122079,15,32765
2.13312,1.29788,-0.123747,16,32765
2.07758,1.25449,-0.121797,16,32765
2.04747,1.2269,-0.121125,15,32765
2.06873,1.23012,-0.123476,16,32765
2.09859,1.23836,-0.126432,16,32765
1.99926,1.17073,-0.121398,16,32765
1.99445,1.15904,-0.122041,16,32765
2.01558,1.16227,-0.124349,17,32765
1.97609,1.13065,-0.122847,16,32765
1.93639,1.09934,-0.121409,17,32765
1.93135,1.08785,-0.121996,16,32765
1.90879,1.06672,-0.121339,17,32765
1.89484,1.0506,-0.121356,16,32765
1.89829,1.04424,-0.122385,17,32765
1.87542,1.02353,-0.121622,16,32765
1.84369,0.998148,-0.120412,16,32765
1.86461,1.00129,-0.122593,17,32765
1.85031,0.985588,-0.122339,16,32765
1.88004,0.993324,-0.125196,16,32765
1.81256,0.949947,-0.121319,16,32765
1.81567,0.943865,-0.122349,17,32765
1.82767,0.942273,-0.123873,16,32765
1.8131,0.926846,-0.123456,16,32765
1.78062,0.902487,-0.122055,16,32765
1.76587,0.88731,-0.121658,17,32765
1.75099,0.872301,-0.121276,16,32765
1.7449,0.862004,-0.121533,17,32765
1.74776,0.856074,-0.122316,16,32765
1.78649,0.867604,-0.125776,17,32765
1.77136,0.852906,-0.125465,16,32765
1.7562,0.838258,-0.124867,17,32765
1.70484,0.806724,-0.121796,17,32765
1.69847,0.796683,-0.121991,18,32765
1.75538,0.816183,-0.126799,18,32765
1.67651,0.772644,-0.121777,18,32765
1.68815,0.7711,-0.123161,18,32765
1.70888,0.773615,-0.125152,16,32765
1.6932,0.759657,-0.124828,18,32765
1.67747,0.745832,-0.124283,17,32765
1.69819,0.74815,-0.126571,17,32765
1.67321,0.730453,-0.125341,16,32765
1.66643,0.72089,-0.125433,16,32765
1.61378,0.691675,-0.1221,16,32765
1.60685,0.682346,-0.122154,17,32765
1.63668,0.688518,-0.124951,17,32765
1.62055,0.675229,-0.124484,17,32765
1.61351,0.666007,-0.124566,17,32765
1.53261,0.626525,-0.118992,16,32765
1.55313,0.628878,-0.121238,16,32765
1.60144,0.642276,-0.125562,16,32765
1.60351,0.636937,-0.126421,17,32765
1.55911,0.613445,-0.123484,17,32765
1.55177,0.604673,-0.123577,17,32765
1.5351,0.59235,-0.12288,17,32765
1.56493,0.597934,-0.125911,17,32765
1.56686,0.592713,-0.126675,18,32765
1.49404,0.559549,-0.121474,17,32765
1.50518,0.558014,-0.123105,17,32765
1.5444,0.566754,-0.126957,18,32765
1.49935,0.544572,-0.124025,17,32765
1.51047,0.542972,-0.12554,17,32765
1.45583,0.517939,-0.1217,18,32765
1.48569,0.522995,-0.124867,18,32765
1.44026,0.501708,-0.121809,17,32765
1.47011,0.506723,-0.124933,18,32765
1.47166,0.501982,-0.125809,18,32765
1.44484,0.487731,-0.124268,17,32765
1.40851,0.470462,-0.121867,16,32765
1.45727,0.481548,-0.126831,17,32765
1.36401,0.445874,-0.119482,17,32765
1.43174,0.462903,-0.126289,17,32765
1.38565,0.443192,-0.123118,18,32765
1.34896,0.426778,-0.120721,17,32765
1.3502,0.422532,-0.121804,17,32765
2.59224,1.92279,-0.126877,16,32765
2.58243,1.90223,-0.128991,17,32765
2.54019,1.85825,-0.129857,16,32765
2.42498,1.7617,-0.126065,17,32765
2.40647,1.73597,-0.127245,16,32765
2.3147,1.65803,-0.124949,17,32765
2.34461,1.66754,-0.128499,16,32765
2.29293,1.61936,-0.127534,17,32765
2.26541,1.58885,-0.127952,17,32765
2.25415,1.56989,-0.129339,18,32765
2.16889,1.49988,-0.125957,16,32765
2.1738,1.49258,-0.127967,18,32765
2.15399,1.46831,-0.128412,18,32765
2.13398,1.44428,-0.128804,18,32765
2.06407,1.38702,-0.125957,18,32765
2.09353,1.39675,-0.128977,17,32765
2.0148,1.33459,-0.125868,17,32765
2.03588,1.33878,-0.128224,18,32765
2.00685,1.31005,-0.127827,18,32765
2.01957,1.30865,-0.12981,19,32765
1.98193,1.27475,-0.128736,18,32765
1.99452,1.27346,-0.1308,18,32765
1.90588,1.208,-0.12628,18,32765
1.90983,1.20161,-0.127521,18,32765
1.88831,1.17939,-0.127397,18,32765
1.87522,1.16248,-0.127592,17,32765
1.85354,1.14045,-0.12712,18,32765
1.85734,1.13414,-0.12815,19,32765
1.80134,1.09158,-0.125352,18,32765
1.83918,1.10603,-0.128929,18,32765
1.80001,1.07416,-0.127098,19,32765
1.78637,1.05788,-0.127099,19,32765
1.81567,1.06702,-0.130011,19,32765
1.75881,1.02574,-0.12673,18,32765
1.80538,1.04477,-0.13096,18,32765
1.79153,1.0287,-0.130768,18,32765
1.77757,1.01276,-0.130661,18,32765
1.77225,1.00178,-0.131065,18,32765
1.72333,0.966499,-0.128109,18,32765
1.71779,0.955818,-0.128485,18,32765
1.69472,0.935562,-0.127451,18,32765
1.68904,0.925074,-0.127633,18,32765
1.70087,0.924083,-0.129278,19,32765
1.66882,0.899321,-0.127541,19,32765
1.6718,0.893647,-0.12836,18,32765
1.67474,0.88798,-0.129351,20,32765
1.68649,0.886989,-0.130802,19,32765
1.6717,0.872085,-0.130384,19,32765
1.59484,0.825135,-0.124987,18,32765
1.6509,0.846905,-0.129871,19,32765
1.63599,0.832099,-0.129415,19,32765
1.6032,0.808408,-0.127352,19,32765
1.61485,0.807307,-0.128843,19,32765
1.60856,0.797441,-0.128942,19,32765
1.61121,0.791958,-0.129666,18,32765
1.57795,0.769017,-0.127627,18,32765
1.58048,0.763668,-0.128479,18,32765
1.58303,0.758253,-0.129091,19,32765
1.57652,0.74862,-0.129073,18,32765
1.55193,0.730497,-0.12763,19,32765
1.60855,0.750533,-0.132923,19,32765
1.56577,0.724135,-0.129995,19,32765
1.54097,0.706341,-0.128406,19,32765
1.54331,0.70111,-0.12901,18,32765
1.52742,0.687679,-0.128404,19,32765
1.52057,0.678443,-0.128364,19,32765
1.53193,0.677269,-0.12998,19,32765
1.51588,0.664091,-0.12917,19,32765
1.5089,0.655031,-0.129098,19,32765
1.52936,0.657792,-0.131425,19,32765
1.53151,0.652631,-0.13214,19,32765
1.46937,0.620301,-0.127234,19,32765
1.5082,0.630626,-0.131289,20,32765
1.50103,0.621756,-0.131225,20,32765
1.43853,0.590132,-0.126372,20,32765
1.49584,0.607811,-0.132017,19,32765
1.45157,0.584217,-0.128594,19,32765
1.49047,0.594126,-0.13267,20,32765
1.45527,0.574607,-0.130044,21,32765
1.43853,0.562526,-0.129158,19,32765
1.41245,0.54695,-0.12738,20,32765
1.45141,0.556521,-0.131473,20,32765
1.41594,0.537519,-0.128794,19,32765
1.40832,0.529314,-0.128732,19,32765
1.41935,0.528061,-0.130408,20,32765
1.41168,0.51989,-0.130277,19,32765
1.38526,0.504922,-0.128536,19,32765
1.37749,0.496935,-0.128344,19,32765
1.37905,0.492377,-0.12914,19,32765
1.4088,0.497701,-0.132546,19,32765
1.36334,0.476615,-0.128976,20,32765
1.34601,0.465613,-0.127871,20,32765
1.34744,0.461261,-0.128675,20,32765
1.34882,0.456957,-0.129496,20,32765
1.31244,0.439954,-0.126665,20,32765
1.31378,0.435704,-0.127455,19,32765
1.3151,0.431446,-0.128311,20,32765
1.30694,0.42409,-0.128301,20,32765
1.2987,0.416898,-0.12832,20,32765
1.29044,0.409758,-0.128319,19,32765
1.29162,0.405685,-0.129356,19,32765
2.09333,1.55314,-0.133509,15,32765
2.09047,1.54015,-0.133709,14,32765
1.99077,1.45652,-0.127663,15,32765
2.06026,1.49673,-0.132775,16,32765
2.01662,1.45477,-0.130407,16,32765
1.99704,1.43057,-0.129942,15,32765
1.96112,1.39489,-0.128016,16,32765
1.99013,1.40567,-0.130658,16,32765
1.96201,1.37615,-0.129438,16,32765
1.96648,1.36968,-0.130212,16,32765
1.9464,1.34597,-0.129566,16,32765
1.94265,1.33371,-0.13014,16,32765
1.92234,1.31025,-0.129474,17,32765
1.91018,1.2925,-0.129373,16,32765
1.89788,1.27493,-0.129275,16,32765
1.83566,1.22418,-0.12584,15,32765
1.85637,1.22898,-0.127992,16,32765
1.79369,1.17887,-0.124305,14,32765
1.82264,1.1892,-0.127176,16,32765
1.76791,1.1451,-0.123829,15,32765
1.77167,1.13916,-0.124969,15,32765
1.76712,1.12764,-0.12535,15,32765
1.77932,1.12695,-0.126878,16,32765
1.75773,1.10493,-0.12619,16,32765
1.79522,1.12019,-0.129458,16,32765
1.79038,1.10894,-0.129933,18,32765
1.80258,1.10805,-0.13161,17,32765
1.73805,1.06042,-0.127632,16,32765
1.75871,1.06474,-0.129848,17,32765
1.68527,1.01247,-0.125183,17,32765
1.7315,1.03228,-0.129318,17,32765
1.70058,1.00603,-0.12775,17,32765
1.67806,0.985158,-0.126795,16,32765
1.67267,0.974465,-0.127235,17,32765
1.64999,0.953813,-0.125967,17,32765
1.62719,0.933276,-0.125044,16,32765
1.69102,0.962212,-0.130753,17,32765
1.7203,0.971125,-0.133745,17,32765
1.65393,0.926162,-0.129341,17,32765
1.63081,0.906063,-0.128131,17,32765
1.64254,0.905326,-0.129838,16,32765
1.5755,0.86146,-0.125217,17,32765
1.60461,0.870441,-0.12833,18,32765
1.58988,0.855586,-0.127924,17,32765
1.56626,0.836175,-0.12667,17,32765
1.52496,0.807462,-0.124113,16,32765
1.54531,0.811509,-0.12641,16,32765
1.53919,0.801538,-0.126607,17,32765
1.50644,0.777909,-0.124534,17,32765
1.48236,0.75915,-0.123244,18,32765
1.6005,0.812736,-0.133616,17,32765
1.52304,0.766879,-0.127906,17,32765
1.54343,0.770555,-0.130267,17,32765
1.59963,0.791743,-0.135715,17,32765
1.47689,0.724851,-0.126002,16,32765
1.47929,0.719825,-0.126744,16,32765
1.51756,0.732172,-0.130517,16,32765
1.49294,0.714175,-0.129196,17,32765
1.43224,0.679175,-0.124562,16,32765
1.46154,0.687032,-0.127642,17,32765
1.43672,0.669345,-0.12612,17,32765
1.47514,0.681148,-0.130007,16,32765
1.5317,0.701131,-0.135703,17,32765
1.46136,0.663033,-0.130064,17,32765
1.42715,0.641784,-0.127495,16,32765
1.48388,0.661284,-0.133014,17,32765
1.42224,0.628037,-0.128102,18,32765
1.45169,0.635174,-0.131321,18,32765
1.40806,0.610444,-0.127794,16,32765
1.38255,0.593955,-0.12596,17,32765
1.43034,0.608782,-0.130835,17,32765
1.35886,0.572998,-0.124752,17,32765
1.3975,0.583794,-0.128761,18,32765
1.35335,0.560067,-0.125163,17,32765
1.41048,0.578252,-0.130684,18,32765
1.37542,0.55855,-0.127838,17,32765
1.35875,0.546467,-0.126768,17,32765
1.41604,0.564056,-0.132509,18,32765
1.4086,0.555695,-0.132137,18,32765
1.41039,0.551026,-0.132601,18,32765
1.34713,0.521139,-0.127054,17,32765
1.35813,0.5202,-0.12837,18,32765
1.3598,0.515704,-0.128813,18,32765
1.3428,0.504173,-0.12769,18,32765
1.31643,0.489306,-0.125301,18,32765
1.37409,0.505534,-0.131163,17,32765
1.31023,0.477084,-0.125221,18,32765
1.31174,0.472819,-0.125607,17,32765
1.32263,0.471869,-0.126832,17,32765
1.34292,0.4742,-0.128858,18,32765
1.37263,0.479633,-0.132028,18,32765
1.32715,0.458737,-0.127848,18,32765
1.30035,0.444709,-0.125372,18,32765
1.3395,0.453251,-0.129267,18,32765
1.33146,0.445861,-0.128545,18,32765
1.27616,0.422735,-0.123355,18,32765
1.36269,0.446453,-0.13173,19,32765
1.29783,0.420513,-0.125355,18,32765
1.29918,0.416326,-0.125332,18,32765
1.29101,0.409191,-0.124369,17,32765
1.33981,0.419983,-0.128951,18,32765
1.74511,1.29987,-0.131636,17,32765
1.7976,1.32958,-0.135876,16,32765
1.74568,1.28219,-0.132196,16,32765
1.70964,1.24685,-0.129965,17,32765
1.71377,1.2411,-0.130612,17,32765
1.70974,1.22952,-0.130948,17,32765
1.74633,1.24693,-0.134071,18,32765
1.76668,1.25266,-0.136254,18,32765
1.7218,1.21232,-0.133299,18,32765
1.70939,1.19519,-0.132713,17,32765
1.70517,1.18369,-0.132943,17,32765
1.67624,1.15523,-0.131357,17,32765
1.72127,1.17769,-0.135466,18,32765
1.6922,1.14938,-0.133773,17,32765
1.696,1.14365,-0.13469,18,32765
1.67492,1.12124,-0.13371,17,32765
1.63709,1.08793,-0.131298,17,32765
1.64902,1.08789,-0.1328,18,32765
1.6359,1.0714,-0.132483,18,32765
1.6227,1.05502,-0.13181,18,32765
1.58425,1.02249,-0.129436,17,32765
1.59613,1.02236,-0.131004,18,32765
1.59954,1.0169,-0.131844,18,32765
1.60293,1.01141,-0.132866,18,32765
1.57243,0.98486,-0.13081,17,32765
1.60105,0.995391,-0.133894,19,32765
1.60437,0.989907,-0.134842,18,32765
1.5906,0.974088,-0.134323,18,32765
1.5598,0.947848,-0.132308,19,32765
1.5715,0.947647,-0.133975,18,32765
1.58321,0.947392,-0.135582,19,32765
1.5435,0.916501,-0.132822,18,32765
1.52072,0.896109,-0.131501,18,32765
1.54949,0.906055,-0.134742,19,32765
1.54387,0.895781,-0.134652,18,32765
1.51228,0.870585,-0.132627,18,32765
1.48922,0.850524,-0.131284,18,32765
1.50941,0.85523,-0.133674,17,32765
1.5036,0.845094,-0.133817,18,32765
1.47154,0.820598,-0.131477,18,32765
1.46553,0.810747,-0.131614,18,32765
1.49442,0.820142,-0.134824,18,32765
1.47082,0.80081,-0.133402,18,32765
1.4208,0.767421,-0.129532,18,32765
1.45844,0.781485,-0.13354,19,32765
1.44343,0.767109,-0.13288,18,32765
1.4548,0.766793,-0.134506,19,32765
1.44854,0.757111,-0.134558,18,32765
1.42454,0.738326,-0.132892,18,32765
1.44469,0.74258,-0.135429,19,32765
1.4383,0.733059,-0.135301,19,32765
1.41405,0.714622,-0.133699,18,32765
1.41643,0.70975,-0.134496,18,32765
1.41881,0.704825,-0.135322,19,32765
1.40322,0.691224,-0.134479,18,32765
1.3876,0.67769,-0.133465,18,32765
1.37188,0.664318,-0.132378,18,32765
1.36504,0.655391,-0.132426,18,32765
1.34021,0.637872,-0.130577,18,32765
1.36033,0.641806,-0.133011,18,32765
1.38954,0.649742,-0.13647,19,32765
1.32843,0.61566,-0.130912,18,32765
1.3485,0.619541,-0.133496,18,32765
1.34144,0.610864,-0.133323,18,32765
1.28896,0.581773,-0.128519,18,32765
1.32724,0.593652,-0.132719,18,32765
1.3474,0.597178,-0.135297,19,32765
1.34024,0.588568,-0.135083,19,32765
1.31478,0.572102,-0.132891,18,32765
1.3349,0.575596,-0.135372,18,32765
1.291,0.551502,-0.131373,18,32765
1.33864,0.56655,-0.136651,18,32765
1.28539,0.53894,-0.131623,19,32765
1.26874,0.526988,-0.130343,18,32765
1.27965,0.526553,-0.131663,18,32765
1.27213,0.518512,-0.131245,18,32765
1.30151,0.525379,-0.134719,18,32765
1.27548,0.509941,-0.132364,19,32765
1.27712,0.50569,-0.132815,18,32765
1.26948,0.497811,-0.132271,19,32765
1.29893,0.50435,-0.135709,19,32765
1.25412,0.48214,-0.13127,19,32765
1.28357,0.488597,-0.134607,19,32765
1.28513,0.48431,-0.135223,19,32765
1.26806,0.473076,-0.133526,20,32765
1.26025,0.465373,-0.133033,20,32765
1.25243,0.45773,-0.132339,20,32765
1.27259,0.460411,-0.13469,19,32765
1.26469,0.452876,-0.134014,19,32765
1.22862,0.435455,-0.130253,19,32765
1.25818,0.441277,-0.133666,19,32765
1.25963,0.437022,-0.133991,19,32765
1.25162,0.429641,-0.133228,19,32765
1.25299,0.425563,-0.133473,19,32765
1.27317,0.427935,-0.135662,20,32765
1.23677,0.41122,-0.131916,19,32765
1.2759,0.419584,-0.136086,19,32765
1.24888,0.406171,-0.133091,20,32765
1.25966,0.405176,-0.134078,20,32765
1.20407,0.383065,-0.127986,18,32765
1.25273,0.39416,-0.133035,19,32765
1.83608,1.36249,-0.128561,15,32765
1.88877,1.39178,-0.134131,15,32765
1.82886,1.33822,-0.131704,15,32765
1.78478,1.29684,-0.129878,16,32765
1.74854,1.26159,-0.128868,16,32765
1.77702,1.2731,-0.132374,17,32765
1.67544,1.19186,-0.126437,16,32765
1.72006,1.21503,-0.131096,16,32765
1.73214,1.21505,-0.133206,16,32765
1.7033,1.18645,-0.132278,16,32765
1.62505,1.12401,-0.127403,15,32765
1.63691,1.12424,-0.129318,16,32765
1.67348,1.14128,-0.133537,16,32765
1.63588,1.10768,-0.131683,15,32765
1.63127,1.09651,-0.132395,17,32765
1.55192,1.03554,-0.126861,16,32765
1.56365,1.03576,-0.128888,16,32765
1.53371,1.00852,-0.127365,16,32765
1.55366,1.01432,-0.129955,16,32765
1.54024,0.998204,-0.129779,16,32765
1.55182,0.998504,-0.13171,17,32765
1.55506,0.993301,-0.132819,16,32765
1.57514,0.998722,-0.13559,17,32765
1.5362,0.966854,-0.132937,17,32765
1.50558,0.940428,-0.131278,17,32765
1.5002,0.930054,-0.13157,16,32765
1.54571,0.951072,-0.136501,17,32765
1.45524,0.888646,-0.129198,16,32765
1.51779,0.919968,-0.135584,16,32765
1.45241,0.873777,-0.130479,17,32765
1.42952,0.853633,-0.129213,17,32765
1.44943,0.859024,-0.131658,17,32765
1.43505,0.843998,-0.131148,16,32765
1.42923,0.834081,-0.131182,17,32765
1.40613,0.814135,-0.129925,17,32765
1.45201,0.834203,-0.134815,16,32765
1.44607,0.824368,-0.134913,17,32765
1.39671,0.790035,-0.130995,17,32765
1.42533,0.800009,-0.134224,17,32765
1.40183,0.780614,-0.132745,16,32765
1.3695,0.756568,-0.130262,15,32765
1.38948,0.761468,-0.132722,17,32765
1.38325,0.751914,-0.132847,17,32765
1.35942,0.733016,-0.13105,17,32765
1.35304,0.723688,-0.131043,16,32765
1.39059,0.737813,-0.135293,17,32765
1.37536,0.723832,-0.134387,17,32765
1.33355,0.696125,-0.130997,17,32765
1.34469,0.696184,-0.132421,17,32765
1.32038,0.677923,-0.130794,16,32765
1.35815,0.691448,-0.13504,16,32765
1.35155,0.682293,-0.134886,16,32765
1.37165,0.68649,-0.137466,17,32765
1.32039,0.65523,-0.132837,16,32765
1.30469,0.641874,-0.131839,16,32765
1.30678,0.637451,-0.132617,16,32765
1.29992,0.628652,-0.1323,16,32765
1.29301,0.619877,-0.13222,17,32765
1.30403,0.61977,-0.133786,17,32765
1.28805,0.606807,-0.132708,16,32765
1.29,0.602487,-0.13341,16,32765
1.28292,0.593947,-0.133181,17,32765
1.27581,0.585425,-0.132961,18,32765
1.25958,0.57288,-0.131772,17,32765
1.22518,0.552187,-0.128567,17,32765
1.27242,0.568304,-0.134067,17,32765
1.22875,0.543847,-0.129983,18,32765
1.25787,0.551654,-0.133526,17,32765
1.24141,0.539468,-0.132215,17,32765
1.22488,0.527373,-0.130921,17,32765
1.23574,0.527125,-0.132567,17,32765
1.28328,0.542282,-0.138242,18,32765
1.22998,0.514834,-0.133009,17,32765
1.23164,0.510675,-0.133659,18,32765
1.21491,0.498885,-0.132334,18,32765
1.2073,0.491039,-0.131979,17,32765
1.19041,0.479556,-0.1306,17,32765
1.17348,0.468135,-0.129202,17,32765
1.21196,0.478851,-0.133996,17,32765
1.23203,0.481994,-0.136729,17,32765
1.20573,0.467121,-0.134236,18,32765
1.16078,0.445274,-0.129708,17,32765
1.16219,0.441379,-0.130358,17,32765
1.20081,0.451534,-0.135164,18,32765
1.14633,0.42668,-0.129518,17,32765
1.14767,0.422881,-0.130098,17,32765
1.13966,0.41563,-0.129737,17,32765
1.16902,0.421969,-0.133575,17,32765
1.12353,0.401372,-0.128793,17,32765
1.11539,0.394353,-0.128397,17,32765
1.126,0.393949,-0.130139,18,32765
1.10843,0.383722,-0.128589,17,32765
1.10963,0.38002,-0.129229,16,32765
1.12021,0.379588,-0.13092,18,32765
1.09308,0.366439,-0.128404,17,32765
1.04703,0.347282,-0.123363,17,32765
1.07639,0.353211,-0.127391,17,32765
1.10579,0.358933,-0.131495,18,32765
1.06903,0.343233,-0.127522,18,32765
1.05109,0.333773,-0.126152,18,32765
1.07102,0.336395,-0.129047,18,32765
1.6484,1.22811,-0.134647,18,32765
1.63638,1.21061,-0.135252,17,32765
1.62424,1.19323,-0.135831,17,32765
1.58784,1.15833,-0.133946,17,32765
1.56738,1.13537,-0.133639,17,32765
1.5549,1.11839,-0.133767,17,32765
1.57477,1.1247,-0.136971,17,32765
1.5296,1.08478,-0.134153,18,32765
1.54123,1.08543,-0.136195,18,32765
1.53656,1.07455,-0.136909,17,32765
1.52363,1.05803,-0.136848,18,32765
1.47779,1.01897,-0.133586,17,32765
1.48928,1.01967,-0.135773,17,32765
1.49259,1.01464,-0.137087,18,32765
1.43809,0.970468,-0.133003,16,32765
1.46617,0.982166,-0.13642,18,32765
1.46939,0.97715,-0.137692,18,32765
1.40604,0.928205,-0.13259,17,32765
1.43404,0.939904,-0.13606,17,32765
1.42876,0.929587,-0.136406,17,32765
1.41498,0.914027,-0.135932,18,32765
1.38439,0.887746,-0.133705,19,32765
1.40409,0.89375,-0.136519,18,32765
1.40701,0.889005,-0.137413,18,32765
1.38463,0.868259,-0.13611,18,32765
1.36211,0.847739,-0.134558,17,32765
1.38184,0.853557,-0.137318,18,32765
1.39315,0.854045,-0.139071,18,32765
1.35334,0.823485,-0.135812,18,32765
1.356,0.818948,-0.136738,19,32765
1.31588,0.788832,-0.133395,18,32765
1.36124,0.80989,-0.138572,18,32765
1.35531,0.800193,-0.138693,19,32765
1.34936,0.790522,-0.138593,18,32765
1.34338,0.780817,-0.138777,19,32765
1.32005,0.761328,-0.136933,18,32765
1.33117,0.761807,-0.13866,19,32765
1.29902,0.73762,-0.135925,18,32765
1.27537,0.718607,-0.133915,18,32765
1.2951,0.723972,-0.136642,18,32765
1.27136,0.705063,-0.134649,18,32765
1.29986,0.715104,-0.138168,18,32765
1.29349,0.705835,-0.138141,18,32765
1.28706,0.696677,-0.137897,18,32765
1.21918,0.654605,-0.131151,18,32765
1.26523,0.673889,-0.136641,18,32765
1.27623,0.674247,-0.138341,18,32765
1.25196,0.656053,-0.136343,19,32765
1.2188,0.633435,-0.133008,18,32765
1.23856,0.638362,-0.135864,18,32765
1.24955,0.638607,-0.137513,18,32765
1.23391,0.625304,-0.13623,18,32765
1.22712,0.616515,-0.135972,18,32765
1.24697,0.621175,-0.138632,18,32765
1.22226,0.603633,-0.136411,19,32765
1.17061,0.573222,-0.131136,18,32765
1.2262,0.595283,-0.137702,19,32765
1.20127,0.578111,-0.135462,18,32765
1.19418,0.569743,-0.135047,19,32765
1.19605,0.565632,-0.135761,19,32765
1.19787,0.561608,-0.136415,19,32765
1.19067,0.553357,-0.136045,19,32765
1.20151,0.553451,-0.137753,20,32765
1.20329,0.549387,-0.138421,19,32765
1.17793,0.532938,-0.135865,19,32765
1.16152,0.520769,-0.134451,19,32765
1.19047,0.528932,-0.138287,19,32765
1.17399,0.516852,-0.136788,19,32765
1.15744,0.504919,-0.135251,19,32765
1.14083,0.49308,-0.133729,19,32765
1.14242,0.489201,-0.13435,19,32765
1.1257,0.477532,-0.132873,19,32765
1.14559,0.481367,-0.135679,19,32765
1.11043,0.462202,-0.131926,18,32765
1.14871,0.473528,-0.136921,19,32765
1.16863,0.477156,-0.139741,19,32765
1.12408,0.454596,-0.134842,19,32765
1.1071,0.443372,-0.133224,18,32765
1.11773,0.443341,-0.135005,19,32765
1.10066,0.432278,-0.133389,19,32765
1.0835,0.421407,-0.13168,19,32765
1.10338,0.424911,-0.134535,18,32765
1.09545,0.417658,-0.134019,18,32765
1.05958,0.399987,-0.130038,19,32765
1.09807,0.410321,-0.135215,19,32765
1.07141,0.396332,-0.132321,20,32765
1.06332,0.389318,-0.131822,20,32765
1.04586,0.379005,-0.13009,19,32765
1.06575,0.382236,-0.132947,19,32765
1.05757,0.375388,-0.132424,20,32765
1.03999,0.365301,-0.130694,19,32765
1.06926,0.371632,-0.134825,19,32765
1.04225,0.358364,-0.131879,19,32765
1.06214,0.361348,-0.134822,19,32765
1.04441,0.351523,-0.133187,19,32765
1.04547,0.348156,-0.13368,19,32765
1.0465,0.344785,-0.134356,19,32765
1.03809,0.338315,-0.133853,20,32765
1.04855,0.338017,-0.135584,19,32765
1.04952,0.334628,-0.136471,20,32765
1.02211,0.322338,-0.133377,20,32765
1.41496,1.05473,-0.135419,15,32765
1.40249,1.038,-0.134475,15,32765
1.41398,1.03913,-0.135889,16,32765
1.42546,1.04022,-0.137453,16,32765
1.39663,1.01199,-0.134885,15,32765
1.41615,1.01889,-0.137409,16,32765
1.37902,0.985046,-0.134135,15,32765
1.34978,0.957241,-0.13181,15,32765
1.41816,0.998536,-0.139071,15,32765
1.33976,0.936622,-0.131844,15,32765
1.37558,0.954836,-0.135919,16,32765
1.35412,0.933177,-0.134315,16,32765
1.43946,0.984856,-0.143216,15,32765
1.33554,0.907141,-0.133505,16,32765
1.34677,0.908197,-0.135239,16,32765
1.30836,0.875906,-0.131862,16,32765
1.36933,0.910081,-0.138565,17,32765
1.36398,0.899994,-0.13848,17,32765
1.3419,0.879015,-0.136929,17,32765
1.32805,0.863618,-0.13619,16,32765
1.33927,0.864512,-0.137717,16,32765
1.30857,0.838428,-0.135252,16,32765
1.32815,0.844633,-0.137843,16,32765
1.3225,0.834791,-0.137932,17,32765
1.25768,0.788046,-0.13162,16,32765
1.30253,0.810099,-0.136914,17,32765
1.27125,0.784808,-0.134161,16,32765
1.26532,0.775305,-0.133998,16,32765
1.24232,0.755489,-0.132223,16,32765
1.26191,0.761442,-0.13488,17,32765
1.26446,0.757055,-0.135718,17,32765
1.27557,0.757722,-0.137405,17,32765
1.26948,0.748272,-0.137473,17,32765
1.21179,0.708751,-0.131671,17,32765
1.23993,0.719645,-0.135258,17,32765
1.24229,0.715407,-0.136065,17,32765
1.28783,0.735897,-0.141569,17,32765
1.21231,0.68732,-0.133799,17,32765
1.21456,0.683173,-0.134625,16,32765
1.19941,0.669334,-0.133468,17,32765
1.19291,0.6604,-0.133224,17,32765
1.21251,0.665907,-0.135969,17,32765
1.17099,0.637971,-0.13182,17,32765
1.1731,0.63397,-0.132382,16,32765
1.16639,0.625272,-0.132146,18,32765
1.21236,0.644651,-0.137872,18,32765
1.15287,0.608009,-0.131594,17,32765
1.18133,0.617863,-0.135288,17,32765
1.17453,0.609214,-0.135051,17,32765
1.14114,0.587016,-0.131554,17,32765
1.19622,0.61024,-0.138401,17,32765
1.1805,0.597118,-0.137017,18,32765
1.16466,0.58415,-0.135741,17,32765
1.1488,0.571245,-0.134292,17,32765
1.15961,0.571698,-0.135925,18,32765
1.17041,0.572096,-0.137648,17,32765
1.11858,0.542103,-0.131914,17,32765
1.15617,0.555576,-0.136812,17,32765
1.14001,0.543099,-0.135358,16,32765
1.13279,0.535012,-0.134755,17,32765
1.13454,0.531136,-0.135317,17,32765
1.09119,0.506319,-0.130535,17,32765
1.16509,0.535845,-0.139741,18,32765
1.05828,0.482421,-0.127305,16,32765
1.15043,0.519783,-0.138663,17,32765
1.1068,0.495519,-0.133654,18,32765
1.12658,0.499786,-0.136508,17,32765
1.11004,0.487898,-0.134752,18,32765
1.13899,0.495983,-0.138569,18,32765
1.04935,0.452759,-0.127964,18,32765
1.06911,0.456991,-0.130665,18,32765
1.08888,0.461141,-0.133347,17,32765
1.11788,0.468984,-0.13713,18,32765
1.05518,0.438489,-0.129703,17,32765
1.08415,0.446296,-0.133536,18,32765
1.03041,0.420123,-0.127089,16,32765
1.04099,0.420353,-0.128649,17,32765
1.10691,0.44268,-0.137065,18,32765
1.04369,0.413363,-0.129418,18,32765
1.07275,0.420797,-0.133158,18,32765
1.04631,0.406463,-0.130105,18,32765
1.04762,0.402976,-0.130415,18,32765
1.06747,0.406557,-0.133086,18,32765
1.02232,0.385457,-0.127606,18,32765
1.06079,0.395927,-0.132504,19,32765
1.07139,0.395819,-0.13397,18,32765
1.04469,0.381992,-0.130751,18,32765
1.07395,0.388616,-0.134594,19,32765
1.00977,0.361562,-0.126672,17,32765
1.06709,0.378148,-0.133874,18,32765
1.04019,0.364752,-0.130643,18,32765
1.02259,0.354804,-0.128521,18,32765
1.05188,0.361151,-0.13233,19,32765
1.02482,0.348153,-0.128963,18,32765
1.06358,0.357475,-0.133825,18,32765
1.03647,0.344577,-0.130356,19,32765
1.01872,0.334961,-0.128134,17,32765
1.04809,0.340916,-0.131883,18,32765
1.04919,0.337473,-0.13193,19,32765
1.05029,0.334036,-0.131956,18,32765
1.06083,0.333615,-0.133161,19,32765
1.32402,0.99113,-0.142247,16,32765
1.27139,0.944959,-0.136784,16,32765
1.31463,0.970193,-0.14169,16,32765
1.29372,0.948068,-0.139821,16,32765
1.31299,0.955385,-0.142068,17,32765
1.29999,0.939243,-0.141214,17,32765
1.29506,0.928951,-0.140953,16,32765
1.28194,0.912928,-0.139984,16,32765
1.22804,0.868279,-0.134574,16,32765
1.23905,0.869828,-0.136176,16,32765
1.28275,0.894109,-0.141461,16,32765
1.23658,0.855716,-0.13681,16,32765
1.26404,0.86842,-0.1402,17,32765
1.26691,0.864084,-0.141084,16,32765
1.245,0.843037,-0.139179,17,32765
1.2643,0.849906,-0.141773,17,32765
1.22568,0.817972,-0.137914,17,32765
1.26985,0.841336,-0.143279,18,32765
1.21436,0.798743,-0.137616,17,32765
1.21696,0.794626,-0.1385,17,32765
1.19453,0.774238,-0.136255,17,32765
1.2473,0.802447,-0.142908,17,32765
1.19123,0.760659,-0.136966,17,32765
1.18532,0.751259,-0.136866,18,32765
1.19618,0.752571,-0.138521,18,32765
1.18175,0.737974,-0.13737,19,32765
1.17567,0.72876,-0.137134,18,32765
1.17806,0.72477,-0.137818,19,32765
1.17192,0.715575,-0.1377,18,32765
1.16581,0.706316,-0.137486,19,32765
1.16817,0.702249,-0.138263,19,32765
1.17054,0.698154,-0.138974,19,32765
1.16428,0.689041,-0.13887,18,32765
1.16655,0.685052,-0.139547,18,32765
1.15158,0.671078,-0.138227,19,32765
1.13657,0.657172,-0.136905,19,32765
1.16459,0.66816,-0.140724,19,32765
1.14084,0.649417,-0.138334,19,32765
1.14297,0.645501,-0.139115,19,32765
1.15375,0.646454,-0.140908,19,32765
1.1385,0.632823,-0.139481,19,32765
1.14927,0.633723,-0.141308,19,32765
1.1339,0.620252,-0.139887,19,32765
1.10099,0.597401,-0.136114,18,32765
1.12045,0.60306,-0.138999,18,32765
1.11364,0.594545,-0.138612,19,32765
1.13316,0.60002,-0.141501,19,32765
1.11755,0.586855,-0.139953,18,32765
1.11066,0.578404,-0.139584,19,32765
1.10373,0.570053,-0.139024,19,32765
1.07021,0.54815,-0.135229,18,32765
1.08975,0.55343,-0.138082,19,32765
1.09155,0.54968,-0.138819,19,32765
1.0756,0.536998,-0.137147,19,32765
1.05066,0.520071,-0.134286,18,32765
1.07912,0.529594,-0.138327,18,32765
1.08084,0.52592,-0.138881,19,32765
1.09147,0.526597,-0.140669,18,32765
1.03941,0.497166,-0.134361,19,32765
1.05,0.497908,-0.13595,19,32765
1.04265,0.490079,-0.135307,20,32765
1.02625,0.478101,-0.133529,19,32765
1.05485,0.487095,-0.137566,19,32765
1.02934,0.471115,-0.134588,19,32765
1.00374,0.45533,-0.131464,19,32765
1.04147,0.468151,-0.136628,20,32765
1.02486,0.45649,-0.134856,19,32765
1.03546,0.456949,-0.136467,19,32765
1.03697,0.453376,-0.136928,20,32765
1.01111,0.438018,-0.133789,20,32765
1.02166,0.438473,-0.13545,19,32765
1.01395,0.431137,-0.13466,19,32765
0.997059,0.419986,-0.132612,19,32765
0.99843,0.416582,-0.133031,19,32765
1.01811,0.420804,-0.135896,19,32765
1.02867,0.42111,-0.137464,19,32765
1.00245,0.40643,-0.134193,20,32765
1.01297,0.40675,-0.135835,19,32765
1.01428,0.403344,-0.136175,19,32765
1.00634,0.396346,-0.135223,19,32765
0.979866,0.382196,-0.13187,20,32765
0.999609,0.386069,-0.134655,20,32765
1.01938,0.389817,-0.137496,19,32765
0.992808,0.375851,-0.134046,19,32765
1.01261,0.37948,-0.136799,19,32765
1.00454,0.372631,-0.13583,19,32765
0.987125,0.362412,-0.133577,19,32765
1.02559,0.372633,-0.138945,20,32765
0.989469,0.355741,-0.134158,19,32765
1.00931,0.359132,-0.136847,19,32765
1.0011,0.352481,-0.135863,20,32765
1.0116,0.352426,-0.137363,20,32765
1.02208,0.352357,-0.1389,19,32765
0.976263,0.333017,-0.132699,19,32765
0.986725,0.333005,-0.134096,19,32765
0.997215,0.332888,-0.135456,19,32765
0.970035,0.320267,-0.131765,19,32765
1.00874,0.329471,-0.137065,20,32765
1.02869,0.332243,-0.139675,20,32765
1.00143,0.319812,-0.135856,19,32765
0.993004,0.313573,-0.134592,20,32765
1.31026,0.977144,-0.134232,15,32765
1.32934,0.984649,-0.1376,15,32765
1.30036,0.956541,-0.135988,15,32765
1.27123,0.928645,-0.134132,16,32765
1.27418,0.924361,-0.135745,15,32765
1.26902,0.914276,-0.136292,16,32765
1.28811,0.921651,-0.139374,16,32765
1.24236,0.882664,-0.13545,15,32765
1.25328,0.884271,-0.137644,15,32765
1.25612,0.880045,-0.138887,15,32765
1.27529,0.887181,-0.141965,15,32765
1.24539,0.860193,-0.1395,16,32765
1.19075,0.816442,-0.134261,15,32765
1.25929,0.857121,-0.142919,16,32765
1.19611,0.808173,-0.136658,15,32765
1.2318,0.826277,-0.141586,15,32765
1.20131,0.800055,-0.138801,16,32765
1.16237,0.768529,-0.135133,16,32765
1.16484,0.764619,-0.136025,15,32765
1.16731,0.760664,-0.137021,17,32765
1.12796,0.72971,-0.133135,17,32765
1.15538,0.74208,-0.137129,17,32765
1.16615,0.743559,-0.138971,17,32765
1.1517,0.729022,-0.137859,17,32765
1.17092,0.735686,-0.140779,18,32765
1.13955,0.710618,-0.13768,17,32765
1.1334,0.701481,-0.137559,17,32765
1.12722,0.692374,-0.137442,17,32765
1.12948,0.688512,-0.138267,18,32765
1.12322,0.679487,-0.138075,17,32765
1.11691,0.670555,-0.13776,17,32765
1.1191,0.666725,-0.138513,18,32765
1.12125,0.662909,-0.139441,18,32765
1.09767,0.64401,-0.136975,18,32765
1.12555,0.655231,-0.141091,18,32765
1.11909,0.646382,-0.14079,18,32765
1.08675,0.622729,-0.137085,17,32765
1.0888,0.61895,-0.137927,18,32765
1.0995,0.620093,-0.139575,18,32765
1.07549,0.601763,-0.137086,17,32765
1.06876,0.593287,-0.136588,18,32765
1.03585,0.570491,-0.13288,16,32765
1.02898,0.562202,-0.132399,16,32765
1.08322,0.587115,-0.139716,17,32765
1.03266,0.555137,-0.133579,18,32765
1.03449,0.551574,-0.134175,18,32765
1.02749,0.54341,-0.13364,18,32765
1.02928,0.539884,-0.134185,18,32765
1.03102,0.536412,-0.134728,17,32765
1.03281,0.532822,-0.135321,18,32765
1.0169,0.520166,-0.133609,17,32765
1.00093,0.507627,-0.131737,18,32765
1.04698,0.526443,-0.138179,17,32765
1.0309,0.514036,-0.13643,18,32765
0.988058,0.488536,-0.131048,17,32765
1.05207,0.515741,-0.139862,18,32765
1.0002,0.486051,-0.133262,18,32765
1.00182,0.482513,-0.133905,18,32765
1.0303,0.491881,-0.137947,18,32765
1.00499,0.475608,-0.134893,18,32765
0.997534,0.46801,-0.134137,17,32765
1.01705,0.472991,-0.137042,18,32765
0.982524,0.452913,-0.13273,18,32765
0.984006,0.449533,-0.133234,18,32765
0.994523,0.450219,-0.13501,19,32765
0.968836,0.434609,-0.131798,18,32765
0.97025,0.431287,-0.132311,18,32765
0.998901,0.439949,-0.136531,18,32765
0.982138,0.4286,-0.13456,17,32765
0.992638,0.429201,-0.136225,19,32765
0.966637,0.414132,-0.133072,18,32765
0.977083,0.414751,-0.134871,18,32765
0.996709,0.419115,-0.137887,18,32765
0.961422,0.400499,-0.1333,19,32765
0.935218,0.385857,-0.129929,18,32765
0.963975,0.393951,-0.134365,19,32765
0.94684,0.383262,-0.132303,18,32765
0.929668,0.372663,-0.13015,18,32765
0.995346,0.395184,-0.139698,19,32765
0.941224,0.370076,-0.132446,18,32765
0.960853,0.374133,-0.135599,18,32765
0.971289,0.374463,-0.137391,19,32765
0.935415,0.357041,-0.132739,18,32765
0.936541,0.353879,-0.13327,19,32765
0.937647,0.350722,-0.133838,18,32765
0.920156,0.340717,-0.131626,18,32765
0.921211,0.337656,-0.132134,18,32765
0.894299,0.324463,-0.128659,18,32765
0.904604,0.324858,-0.130613,17,32765
0.914961,0.325137,-0.132409,17,32765
0.915947,0.322096,-0.133023,18,32765
0.888867,0.309254,-0.129526,18,32765
0.917939,0.315947,-0.134036,18,32765
0.937625,0.319346,-0.137399,18,32765
0.901027,0.303649,-0.132468,18,32765
0.920699,0.307011,-0.135858,18,32765
0.846375,0.279207,-0.125269,17,32765
0.875418,0.285636,-0.130215,17,32765
0.857422,0.276697,-0.127928,18,32765
0.886518,0.282918,-0.13283,18,32765
0.858985,0.271161,-0.129296,17,32765
1.22749,0.919364,-0.140173,17,32765
1.23835,0.921209,-0.142699,17,32765
1.20123,0.88743,-0.139674,16,32765
1.23617,0.90692,-0.144863,17,32765
1.17467,0.855843,-0.138829,16,32765
1.20964,0.87524,-0.143976,17,32765
1.18007,0.847972,-0.141374,16,32765
1.16659,0.832391,-0.140695,16,32765
1.16921,0.828494,-0.14192,16,32765
1.18,0.830263,-0.144076,16,32765
1.1011,0.769283,-0.135244,17,32765
1.16082,0.805206,-0.143355,18,32765
1.14709,0.789866,-0.142482,17,32765
1.10863,0.7578,-0.138498,17,32765
1.11934,0.759533,-0.140661,18,32765
1.09705,0.739034,-0.138593,17,32765
1.11596,0.746381,-0.141624,18,32765
1.10178,0.731577,-0.140589,18,32765
1.09583,0.722386,-0.140375,18,32765
1.11481,0.729541,-0.143456,18,32765
1.11713,0.725776,-0.144457,19,32765
1.08601,0.700484,-0.141122,18,32765
1.08825,0.696833,-0.141916,18,32765
1.09885,0.698519,-0.143858,19,32765
1.09271,0.689461,-0.143609,19,32765
1.06968,0.66988,-0.141192,18,32765
1.05499,0.655713,-0.139808,18,32765
1.06559,0.657286,-0.141789,18,32765
1.04231,0.63806,-0.139178,19,32765
1.06138,0.644787,-0.142244,18,32765
1.06347,0.641171,-0.142943,18,32765
1.01442,0.606911,-0.136767,18,32765
1.00784,0.598369,-0.136454,18,32765
1.02689,0.605022,-0.13945,18,32765
1.02029,0.596457,-0.139112,18,32765
0.996473,0.577983,-0.136299,18,32765
1.01561,0.584419,-0.139237,18,32765
1.01753,0.580875,-0.140027,19,32765
1.0281,0.582262,-0.141734,19,32765
0.986709,0.554408,-0.136522,18,32765
0.997184,0.555878,-0.138289,19,32765
0.99028,0.547686,-0.13779,19,32765
0.983354,0.53953,-0.137191,18,32765
0.976393,0.531434,-0.136507,19,32765
0.978149,0.528041,-0.1371,19,32765
0.997388,0.534024,-0.140125,19,32765
0.999121,0.53062,-0.140712,19,32765
0.983306,0.517931,-0.138767,19,32765
0.967389,0.505414,-0.136801,19,32765
0.986688,0.511162,-0.139857,19,32765
0.961915,0.494104,-0.136682,19,32765
0.998939,0.508738,-0.14215,19,32765
0.974062,0.49183,-0.138949,19,32765
0.975645,0.488522,-0.139512,19,32765
0.968344,0.480793,-0.138734,19,32765
0.978818,0.481841,-0.14052,19,32765
0.953677,0.465384,-0.137178,19,32765
0.973088,0.470635,-0.140369,19,32765
0.965708,0.462973,-0.13951,19,32765
0.98513,0.468162,-0.14263,19,32765
0.941792,0.443708,-0.136571,19,32765
0.961198,0.448887,-0.139636,20,32765
0.944652,0.43728,-0.137546,19,32765
0.964104,0.442287,-0.140662,20,32765
0.956531,0.434836,-0.139882,19,32765
0.94892,0.427461,-0.139025,19,32765
0.95031,0.424196,-0.139529,20,32765
0.933567,0.412901,-0.137349,19,32765
0.934904,0.409702,-0.137838,19,32765
0.918056,0.398622,-0.135552,19,32765
0.928417,0.399431,-0.137467,19,32765
0.947913,0.404063,-0.140693,19,32765
0.921834,0.389265,-0.137093,19,32765
0.923076,0.386148,-0.137549,19,32765
0.933484,0.386768,-0.13935,20,32765
0.925536,0.379841,-0.138575,20,32765
0.899214,0.365524,-0.134933,19,32765
0.900393,0.362458,-0.135338,19,32765
0.919924,0.366788,-0.138588,19,32765
0.893444,0.352781,-0.134916,19,32765
0.912984,0.357006,-0.138227,19,32765
0.886414,0.343196,-0.134485,19,32765
0.868998,0.333106,-0.132226,18,32765
0.888558,0.337183,-0.135545,18,32765
0.898877,0.337659,-0.137503,18,32765
0.8721,0.324308,-0.133666,18,32765
0.900967,0.331655,-0.138431,18,32765
0.892684,0.32527,-0.137533,18,32765
0.865735,0.312241,-0.133824,18,32765
0.866715,0.309323,-0.134252,18,32765
0.867651,0.306434,-0.134835,18,32765
0.87793,0.306775,-0.136854,18,32765
0.878892,0.303824,-0.137257,18,32765
0.870427,0.297752,-0.13638,18,32765
0.852569,0.288575,-0.133983,18,32765
0.862782,0.28896,-0.136047,18,32765
0.863636,0.286154,-0.13656,18,32765
0.836266,0.274065,-0.132845,18,32765
0.837078,0.271327,-0.133347,18,32765
0.847276,0.271595,-0.135501,18,32765
0.82918,0.262919,-0.133171,18,32765
0,0,-0,0,32765
1.08553,0.807558,-0.138143,15,32765
1.10408,0.815799,-0.14103,15,32765
1.08267,0.794389,-0.13885,16,32765
1.1094,0.808221,-0.142836,16,32765
1.10396,0.798616,-0.142764,16,32765
1.0662,0.765832,-0.138305,16,32765
1.06869,0.762217,-0.139044,16,32765
1.07115,0.758601,-0.139884,16,32765
1.0411,0.732071,-0.136343,16,32765
1.06795,0.745594,-0.140294,16,32765
1.05404,0.730616,-0.13894,17,32765
1.04826,0.721358,-0.138548,17,32765
1.04243,0.712133,-0.138202,17,32765
1.05301,0.714126,-0.139977,16,32765
1.03885,0.699455,-0.138423,17,32765
1.0411,0.695941,-0.139171,16,32765
1.05994,0.703378,-0.14207,16,32765
1.05393,0.694295,-0.141704,18,32765
1.02293,0.668949,-0.137946,18,32765
1.03347,0.670844,-0.139708,17,32765
1.03568,0.66729,-0.140326,17,32765
1.04624,0.669083,-0.142157,17,32765
1.05681,0.670838,-0.143987,17,32765
1.02536,0.646055,-0.140148,17,32765
1.01903,0.637323,-0.139639,18,32765
0.987339,0.612933,-0.135554,17,32765
0.963968,0.593955,-0.132602,17,32765
1.02517,0.626955,-0.141594,17,32765
0.967843,0.587305,-0.133986,17,32765
0.952788,0.573669,-0.132284,17,32765
0.980297,0.585585,-0.136412,17,32765
0.965185,0.571997,-0.134677,17,32765
0.975636,0.573668,-0.136526,18,32765
0.994652,0.580319,-0.139631,17,32765
0.987946,0.571953,-0.139044,18,32765
0.963987,0.553742,-0.136011,18,32765
0.974401,0.555369,-0.137867,18,32765
0.933021,0.52759,-0.132367,18,32765
0.960719,0.538924,-0.136675,17,32765
0.953809,0.530778,-0.136102,18,32765
0.955552,0.527471,-0.13673,18,32765
0.9834,0.538443,-0.141078,18,32765
0.959013,0.520828,-0.13796,18,32765
0.960724,0.517498,-0.138585,17,32765
0.953637,0.50953,-0.13804,18,32765
0.920238,0.487674,-0.133553,18,32765
0.948151,0.498358,-0.138022,19,32765
0.932166,0.485957,-0.136059,19,32765
0.924951,0.478187,-0.135287,19,32765
0.935326,0.479544,-0.137124,18,32765
0.945721,0.480798,-0.139088,19,32765
0.903044,0.455163,-0.133186,17,32765
0.948896,0.474144,-0.140298,18,32765
0.93269,0.462028,-0.13827,18,32765
0.943108,0.463163,-0.140098,18,32765
0.935698,0.455576,-0.139357,18,32765
0.874686,0.422215,-0.130612,18,32765
0.893947,0.427756,-0.133731,18,32765
0.904263,0.428952,-0.135679,18,32765
0.878721,0.413251,-0.132189,18,32765
0.880063,0.410268,-0.132553,18,32765
0.881363,0.407277,-0.133138,18,32765
0.891677,0.408387,-0.135025,18,32765
0.865966,0.39303,-0.131267,18,32765
0.894331,0.402233,-0.135941,18,32765
0.922765,0.411259,-0.14061,19,32765
0.9241,0.408099,-0.141049,18,32765
0.889128,0.389047,-0.135988,18,32765
0.881292,0.382087,-0.135031,17,32765
0.864327,0.371282,-0.132625,18,32765
0.874628,0.372215,-0.134468,18,32765
0.875815,0.36926,-0.134888,18,32765
0.886149,0.370066,-0.136714,18,32765
0.859882,0.355725,-0.1329,18,32765
0.87018,0.356559,-0.134732,17,32765
0.898841,0.364769,-0.139386,18,32765
0.863267,0.346975,-0.134086,18,32765
0.873593,0.347702,-0.135786,17,32765
0.847073,0.333866,-0.13191,17,32765
0.875795,0.341814,-0.136554,18,32765
0.839962,0.324627,-0.13108,17,32765
0.896456,0.343036,-0.139973,17,32765
0.879038,0.333011,-0.137464,17,32765
0.880087,0.330083,-0.13781,17,32765
0.871861,0.323705,-0.136649,18,32765
0.845024,0.310567,-0.132599,18,32765
0.846022,0.307741,-0.13282,18,32765
0.819088,0.294858,-0.128658,17,32765
0.829348,0.29544,-0.130375,17,32765
0.820971,0.289393,-0.12907,17,32765
0.840575,0.293196,-0.132177,18,32765
0.841485,0.290428,-0.132493,18,32765
0.833052,0.284465,-0.131166,18,32765
0.871423,0.294432,-0.13723,17,32765
0.853596,0.285338,-0.134371,18,32765
0.835725,0.276346,-0.131518,17,32765
0.836616,0.273628,-0.131536,18,32765
0.837481,0.270906,-0.131668,17,32765
0.857187,0.274205,-0.134692,18,32765
0.858083,0.271465,-0.134539,18,32765
0,0,-0,0,32765
1.01902,0.761526,-0.141705,17,32765
1.0294,0.764074,-0.143612,17,32765
1.03188,0.760559,-0.14446,17,32765
1.00232,0.73351,-0.140798,17,32765
1.01273,0.735928,-0.142811,18,32765
0.990972,0.715012,-0.140113,17,32765
1.00137,0.717426,-0.141948,17,32765
1.01178,0.719783,-0.143889,17,32765
1.02225,0.722051,-0.14573,17,32765
0.975823,0.684334,-0.139484,17,32765
1.01066,0.703686,-0.144892,18,32765
0.980305,0.677613,-0.140862,17,32765
0.998919,0.685454,-0.143919,18,32765
0.960151,0.654054,-0.138649,17,32765
0.986956,0.667476,-0.14281,18,32765
0.964382,0.647522,-0.139935,17,32765
0.949979,0.633207,-0.138164,18,32765
0.960319,0.635433,-0.140046,18,32765
0.978979,0.643048,-0.143139,17,32765
0.956156,0.623409,-0.140095,18,32765
0.966547,0.625502,-0.141893,18,32765
0.935201,0.600714,-0.137629,18,32765
0.953894,0.608182,-0.140714,19,32765
0.939096,0.594307,-0.138919,18,32765
0.949417,0.596401,-0.140758,19,32765
0.917675,0.572192,-0.136272,18,32765
0.944848,0.584731,-0.140539,19,32765
0.946714,0.581515,-0.141326,18,32765
0.931722,0.567866,-0.139366,19,32765
0.908153,0.549191,-0.136186,19,32765
0.944026,0.566388,-0.141843,19,32765
0.911845,0.54275,-0.137336,19,32765
0.939256,0.554692,-0.141822,19,32765
0.915396,0.536412,-0.13861,19,32765
0.917137,0.533279,-0.139185,19,32765
0.901699,0.520223,-0.137142,19,32765
0.929192,0.531912,-0.141674,19,32765
0.93093,0.528704,-0.142276,19,32765
0.906758,0.510872,-0.138922,19,32765
0.92573,0.517398,-0.142209,19,32765
0.901426,0.499761,-0.138817,19,32765
0.929125,0.510941,-0.143408,19,32765
0.896005,0.488728,-0.138636,19,32765
0.923754,0.49975,-0.143278,19,32765
0.907898,0.487204,-0.141257,19,32765
0.918227,0.488727,-0.143194,19,32765
0.893525,0.47169,-0.139721,20,32765
0.912591,0.477823,-0.143044,19,32765
0.905369,0.470101,-0.142171,19,32765
0.889284,0.457922,-0.139934,19,32765
0.908408,0.463838,-0.143351,19,32765
0.874603,0.442747,-0.138365,18,32765
0.90262,0.452984,-0.143114,19,32765
0.868654,0.432181,-0.138058,18,32765
0.887833,0.437916,-0.141359,19,32765
0.862574,0.421802,-0.137656,18,32765
0.890649,0.431795,-0.14247,19,32765
0.883142,0.424428,-0.141495,19,32765
0.893428,0.42566,-0.14353,19,32765
0.86793,0.409957,-0.139759,18,32765
0.887185,0.415393,-0.14301,18,32765
0.87055,0.404037,-0.1407,18,32765
0.862859,0.396915,-0.139763,18,32765
0.891177,0.406239,-0.144476,18,32765
0.865438,0.390941,-0.140654,18,32765
0.857666,0.383918,-0.139701,18,32765
0.867953,0.384982,-0.141585,18,32765
0.878251,0.385972,-0.143527,18,32765
0.834156,0.363236,-0.136538,18,32765
0.835326,0.360398,-0.136904,18,32765
0.854666,0.365317,-0.14032,18,32765
0.837622,0.354709,-0.137737,18,32765
0.811421,0.340349,-0.133633,18,32765
0.821632,0.341398,-0.135532,18,32765
0.841006,0.346123,-0.138949,17,32765
0.832965,0.339526,-0.137811,18,32765
0.84321,0.340409,-0.139706,18,32765
0.798434,0.319192,-0.132365,18,32765
0.817823,0.323763,-0.135807,18,32765
0.809655,0.317399,-0.134599,18,32765
0.819878,0.318269,-0.1364,18,32765
0.857797,0.329698,-0.142771,18,32765
0.821902,0.312749,-0.136984,18,32765
0.832134,0.313486,-0.138853,18,32765
0.833131,0.310702,-0.13913,19,32765
0.815575,0.30108,-0.13634,18,32765
0.816544,0.298344,-0.136555,19,32765
0.826793,0.298962,-0.138327,18,32765
0.790546,0.282878,-0.132355,17,32765
0.810081,0.286834,-0.135627,19,32765
0.810999,0.284148,-0.135797,18,32765
0.821213,0.284705,-0.137667,19,32765
0.803438,0.275587,-0.134679,19,32765
0.832359,0.2825,-0.13954,19,32765
0.80517,0.270364,-0.134925,19,32765
0.806033,0.267732,-0.135023,18,32765
0.825663,0.271267,-0.138182,18,32765
0.826522,0.268571,-0.138313,19,32765
0.827384,0.265872,-0.138377,19,32765
0,0,-0,0,32765
