x, y, z, intensity, ring
0,-0,0,0,32765
0,-0,0,0,32765
0,-0,0,0,32765
0,-0,0,0,32765
0,-0,0,0,32765
0,-0,0,0,32765
0,-0,0,0,32765
0,-0,0,0,32765
0,-0,0,0,32765
0,-0,0,0,32765
0,-0,0,0,32765
0,-0,0,0,32765
0,-0,0,0,32765
0,-0,0,0,32765
0,-0,0,0,32765
0,-0,0,0,32765
0,-0,0,0,32765
0,-0,0,0,32765
0,-0,0,0,32765
0,-0,0,0,32765
0,-0,0,0,32765
0,-0,0,0,32765
0,-0,0,0,32765
0,-0,0,0,32765
0,-0,0,0,32765
0,-0,0,0,32765
2.05255,-0.858199,0.336218,12,32765
2.22272,-0.938076,0.364857,11,32765
2.33781,-0.995759,0.384724,12,32765
2.16186,-0.929304,0.35659,12,32765
0,-0,0,0,32765
0,-0,0,0,32765
0,-0,0,0,32765
0,-0,0,0,32765
0,-0,0,0,32765
0,-0,0,0,32765
0,-0,0,0,32765
0,-0,0,0,32765
0,-0,0,0,32765
0,-0,0,11,32765
0,-0,0,0,32765
0,-0,0,0,32765
0,-0,0,0,32765
0,-0,0,0,32765
0,-0,0,0,32765
0,-0,0,0,32765
0,-0,0,0,32765
2.68513,-1.34803,0.463152,12,32765
0,-0,0,0,32765
2.58785,-1.32099,0.449007,11,32765
2.51297,-1.29349,0.437543,12,32765
0,-0,0,0,32765
0,-0,0,16,32765
0,-0,0,0,32765
0,-0,0,0,32765
0,-0,0,0,32765
0,-0,0,0,32765
0,-0,0,0,32765
0,-0,0,0,32765
0,-0,0,0,32765
0,-0,0,0,32765
0,-0,0,0,32765
0,-0,0,0,32765
0,-0,0,0,32765
0,-0,0,0,32765
0,-0,0,0,32765
0,-0,0,0,32765
0,-0,0,0,32765
0,-0,0,0,32765
0,-0,0,0,32765
0,-0,0,0,32765
0,-0,0,0,32765
0,-0,0,0,32765
0,-0,0,0,32765
0,-0,0,0,32765
0,-0,0,0,32765
0,-0,0,0,32765
0,-0,0,0,32765
0,-0,0,0,32765
0,-0,0,0,32765
0,-0,0,0,32765
0,-0,0,0,32765
0,-0,0,0,32765
0,-0,0,0,32765
0,-0,0,0,32765
0,-0,0,0,32765
0,-0,0,0,32765
0,-0,0,0,32765
0,-0,0,0,32765
0,-0,0,0,32765
0,-0,0,0,32765
0,-0,0,0,32765
0,-0,0,0,32765
0,-0,0,0,32765
0,-0,0,0,32765
0,-0,0,0,32765
0,-0,0,0,32765
0,-0,0,0,32765
0,-0,0,0,32765
0,-0,0,0,32765
0,-0,0,0,32765
0,-0,0,0,32765
0,-0,0,0,32765
0,-0,0,0,32765
0,-0,0,0,32765
0,-0,0,0,32765
0,-0,0,0,32765
0,-0,0,0,32765
0,-0,0,0,32765
0,-0,0,0,32765
0,-0,0,0,32765
0,-0,0,0,32765
0,-0,0,0,32765
0,-0,0,0,32765
0,-0,0,0,32765
0,-0,0,0,32765
0,-0,0,12,32765
0,-0,0,12,32765
0,-0,0,0,32765
0,-0,0,0,32765
0,-0,0,0,32765
0,-0,0,0,32765
0,-0,0,12,32765
0,-0,0,12,32765
0,-0,0,11,32765
0,-0,0,0,32765
2.16776,-0.898591,0.332071,11,32765
2.23783,-0.936374,0.343245,12,32765
2.2985,-0.9708,0.353308,12,32765
2.39541,-1.02108,0.369169,11,32765
2.31011,-0.993805,0.356865,12,32765
2.22507,-0.965921,0.344339,12,32765
2.02234,-0.885847,0.313582,11,32765
0,-0,0,0,32765
0,-0,0,0,32765
0,-0,0,11,32765
0,-0,0,12,32765
0,-0,0,0,32765
0,-0,0,0,32765
0,-0,0,0,32765
0,-0,0,0,32765
0,-0,0,0,32765
0,-0,0,0,32765
0,-0,0,0,32765
0,-0,0,0,32765
0,-0,0,12,32765
2.67065,-1.32036,0.429375,11,32765
2.52461,-1.25826,0.406955,12,32765
2.52038,-1.2665,0.407634,11,32765
2.55141,-1.29274,0.41383,12,32765
2.47643,-1.26531,0.402958,11,32765
0,-0,0,0,32765
2.5554,-1.32763,0.41885,12,32765
0,-0,0,0,32765
0,-0,0,0,32765
0,-0,0,0,32765
0,-0,0,0,32765
0,-0,0,0,32765
0,-0,0,0,32765
0,-0,0,0,32765
0,-0,0,0,32765
0,-0,0,0,32765
0,-0,0,0,32765
0,-0,0,0,32765
0,-0,0,0,32765
0,-0,0,0,32765
0,-0,0,11,32765
0,-0,0,0,32765
0,-0,0,0,32765
0,-0,0,0,32765
0,-0,0,0,32765
0,-0,0,0,32765
0,-0,0,0,32765
0,-0,0,0,32765
0,-0,0,0,32765
0,-0,0,0,32765
0,-0,0,0,32765
0,-0,0,0,32765
0,-0,0,0,32765
0,-0,0,0,32765
0,-0,0,0,32765
0,-0,0,0,32765
0,-0,0,0,32765
0,-0,0,0,32765
0,-0,0,0,32765
0,-0,0,0,32765
0,-0,0,0,32765
0,-0,0,11,32765
0,-0,0,0,32765
0,-0,0,0,32765
0,-0,0,0,32765
0,-0,0,0,32765
0,-0,0,0,32765
0,-0,0,0,32765
0,-0,0,0,32765
0,-0,0,0,32765
0,-0,0,0,32765
0,-0,0,0,32765
0,-0,0,0,32765
0,-0,0,0,32765
0,-0,0,0,32765
0,-0,0,0,32765
0,-0,0,0,32765
0,-0,0,0,32765
0,-0,0,0,32765
0,-0,0,0,32765
0,-0,0,0,32765
0,-0,0,0,32765
0,-0,0,0,32765
0,-0,0,0,32765
0,-0,0,0,32765
0,-0,0,0,32765
0,-0,0,0,32765
0,-0,0,0,32765
0,-0,0,0,32765
0,-0,0,0,32765
0,-0,0,0,32765
0,-0,0,0,32765
0,-0,0,0,32765
0,-0,0,0,32765
0,-0,0,0,32765
0,-0,0,0,32765
0,-0,0,0,32765
0,-0,0,0,32765
0,-0,0,0,32765
0,-0,0,0,32765
0,-0,0,0,32765
0,-0,0,0,32765
0,-0,0,0,32765
0,-0,0,0,32765
0,-0,0,0,32765
0,-0,0,0,32765
0,-0,0,0,32765
0,-0,0,0,32765
0,-0,0,11,32765
0,-0,0,0,32765
0,-0,0,0,32765
0,-0,0,0,32765
0,-0,0,0,32765
0,-0,0,0,32765
0,-0,0,0,32765
0,-0,0,0,32765
0,-0,0,0,32765
0,-0,0,0,32765
0,-0,0,0,32765
0,-0,0,0,32765
0,-0,0,0,32765
2.65791,-1.30545,0.414036,12,32765
0,-0,0,0,32765
0,-0,0,0,32765
0,-0,0,0,32765
0,-0,0,0,32765
0,-0,0,0,32765
0,-0,0,0,32765
0,-0,0,0,32765
2.63054,-1.38008,0.419081,11,32765
0,-0,0,0,32765
0,-0,0,0,32765
0,-0,0,0,32765
0,-0,0,0,32765
0,-0,0,0,32765
0,-0,0,0,32765
0,-0,0,0,32765
0,-0,0,0,32765
0,-0,0,12,32765
0,-0,0,0,32765
0,-0,0,0,32765
0,-0,0,12,32765
0,-0,0,0,32765
0,-0,0,0,32765
0,-0,0,0,32765
0,-0,0,0,32765
0,-0,0,0,32765
0,-0,0,0,32765
0,-0,0,0,32765
0,-0,0,0,32765
0,-0,0,0,32765
0,-0,0,0,32765
0,-0,0,0,32765
0,-0,0,0,32765
0,-0,0,0,32765
0,-0,0,0,32765
0,-0,0,0,32765
0,-0,0,0,32765
0,-0,0,0,32765
0,-0,0,0,32765
0,-0,0,0,32765
0,-0,0,0,32765
0,-0,0,0,32765
0,-0,0,0,32765
0,-0,0,0,32765
0,-0,0,0,32765
0,-0,0,0,32765
0,-0,0,0,32765
0,-0,0,0,32765
0,-0,0,0,32765
0,-0,0,0,32765
0,-0,0,0,32765
0,-0,0,0,32765
0,-0,0,0,32765
0,-0,0,0,32765
0,-0,0,0,32765
0,-0,0,0,32765
0,-0,0,0,32765
0,-0,0,0,32765
0,-0,0,0,32765
0,-0,0,0,32765
0,-0,0,0,32765
0,-0,0,0,32765
0,-0,0,0,32765
0,-0,0,0,32765
0,-0,0,0,32765
0,-0,0,0,32765
0,-0,0,0,32765
0,-0,0,0,32765
0,-0,0,0,32765
0,-0,0,0,32765
0,-0,0,0,32765
0,-0,0,0,32765
0,-0,0,0,32765
0,-0,0,0,32765
0,-0,0,0,32765
0,-0,0,0,32765
0,-0,0,0,32765
0,-0,0,0,32765
0,-0,0,0,32765
0,-0,0,0,32765
0,-0,0,12,32765
0,-0,0,12,32765
0,-0,0,12,32765
0,-0,0,11,32765
0,-0,0,11,32765
0,-0,0,0,32765
0,-0,0,0,32765
0,-0,0,12,32765
0,-0,0,12,32765
0,-0,0,12,32765
0,-0,0,11,32765
0,-0,0,0,32765
0,-0,0,0,32765
0,-0,0,12,32765
0,-0,0,0,32765
0,-0,0,0,32765
0,-0,0,0,32765
0,-0,0,0,32765
0,-0,0,12,32765
0,-0,0,0,32765
0,-0,0,0,32765
0,-0,0,0,32765
2.50534,-1.24214,0.36435,12,32765
2.53666,-1.26808,0.37005,11,32765
0,-0,0,0,32765
2.42208,-1.2308,0.355345,12,32765
0,-0,0,0,32765
2.51057,-1.29701,0.37051,12,32765
2.48847,-1.29633,0.368683,12,32765
2.65961,-1.39691,0.394985,12,32765
2.31304,-1.22493,0.344938,11,32765
2.50135,-1.33529,0.373951,11,32765
0,-0,0,0,32765
0,-0,0,0,32765
0,-0,0,11,32765
0,-0,0,0,32765
0,-0,0,0,32765
0,-0,0,12,32765
0,-0,0,11,32765
0,-0,0,0,32765
0,-0,0,0,32765
0,-0,0,0,32765
0,-0,0,0,32765
0,-0,0,0,32765
0,-0,0,0,32765
0,-0,0,0,32765
0,-0,0,0,32765
0,-0,0,0,32765
0,-0,0,0,32765
0,-0,0,0,32765
0,-0,0,0,32765
0,-0,0,0,32765
0,-0,0,0,32765
0,-0,0,0,32765
0,-0,0,0,32765
0,-0,0,0,32765
0,-0,0,0,32765
0,-0,0,0,32765
0,-0,0,0,32765
0,-0,0,0,32765
0,-0,0,0,32765
0,-0,0,0,32765
0,-0,0,0,32765
0,-0,0,0,32765
0,-0,0,0,32765
0,-0,0,0,32765
0,-0,0,0,32765
0,-0,0,0,32765
0,-0,0,0,32765
0,-0,0,0,32765
0,-0,0,0,32765
0,-0,0,0,32765
0,-0,0,0,32765
0,-0,0,0,32765
0,-0,0,0,32765
0,-0,0,0,32765
0,-0,0,0,32765
0,-0,0,0,32765
0,-0,0,0,32765
0,-0,0,0,32765
0,-0,0,0,32765
0,-0,0,0,32765
0,-0,0,0,32765
0,-0,0,0,32765
0,-0,0,0,32765
0,-0,0,0,32765
0,-0,0,0,32765
0,-0,0,0,32765
0,-0,0,0,32765
0,-0,0,0,32765
0,-0,0,0,32765
0,-0,0,0,32765
0,-0,0,0,32765
0,-0,0,0,32765
0,-0,0,0,32765
0,-0,0,0,32765
0,-0,0,0,32765
0,-0,0,0,32765
0,-0,0,0,32765
0,-0,0,0,32765
0,-0,0,0,32765
0,-0,0,0,32765
0,-0,0,0,32765
0,-0,0,0,32765
0,-0,0,0,32765
0,-0,0,0,32765
0,-0,0,0,32765
0,-0,0,0,32765
0,-0,0,0,32765
0,-0,0,0,32765
0,-0,0,0,32765
0,-0,0,0,32765
0,-0,0,0,32765
0,-0,0,0,32765
0,-0,0,0,32765
0,-0,0,0,32765
0,-0,0,0,32765
0,-0,0,0,32765
0,-0,0,0,32765
0,-0,0,0,32765
0,-0,0,0,32765
0,-0,0,0,32765
0,-0,0,0,32765
0,-0,0,0,32765
2.45035,-1.22241,0.345116,12,32765
0,-0,0,0,32765
2.43327,-1.234,0.344915,12,32765
2.65869,-1.35958,0.37815,12,32765
0,-0,0,0,32765
0,-0,0,0,32765
0,-0,0,0,32765
2.54335,-1.3441,0.367075,12,32765
0,-0,0,0,32765
0,-0,0,0,32765
0,-0,0,0,32765
0,-0,0,0,32765
0,-0,0,0,32765
0,-0,0,0,32765
0,-0,0,0,32765
0,-0,0,0,32765
0,-0,0,0,32765
0,-0,0,0,32765
0,-0,0,0,32765
0,-0,0,0,32765
0,-0,0,0,32765
0,-0,0,0,32765
0,-0,0,0,32765
0,-0,0,0,32765
0,-0,0,0,32765
0,-0,0,0,32765
0,-0,0,0,32765
0,-0,0,0,32765
0,-0,0,0,32765
0,-0,0,0,32765
0,-0,0,0,32765
0,-0,0,0,32765
0,-0,0,0,32765
0,-0,0,0,32765
0,-0,0,0,32765
0,-0,0,0,32765
0,-0,0,0,32765
0,-0,0,0,32765
0,-0,0,0,32765
0,-0,0,0,32765
0,-0,0,0,32765
0,-0,0,0,32765
0,-0,0,0,32765
0,-0,0,0,32765
0,-0,0,0,32765
0,-0,0,0,32765
0,-0,0,0,32765
0,-0,0,0,32765
0,-0,0,0,32765
0,-0,0,0,32765
0,-0,0,0,32765
0,-0,0,0,32765
0,-0,0,0,32765
0,-0,0,0,32765
0,-0,0,0,32765
0,-0,0,0,32765
0,-0,0,0,32765
0,-0,0,0,32765
0,-0,0,0,32765
0,-0,0,0,32765
0,-0,0,0,32765
0,-0,0,0,32765
0,-0,0,0,32765
0,-0,0,0,32765
0,-0,0,0,32765
0,-0,0,0,32765
0,-0,0,0,32765
0,-0,0,0,32765
0,-0,0,0,32765
0,-0,0,0,32765
0,-0,0,0,32765
0,-0,0,0,32765
0,-0,0,0,32765
0,-0,0,0,32765
0,-0,0,0,32765
0,-0,0,0,32765
0,-0,0,0,32765
0,-0,0,0,32765
0,-0,0,0,32765
0,-0,0,0,32765
0,-0,0,0,32765
0,-0,0,0,32765
0,-0,0,0,32765
0,-0,0,0,32765
0,-0,0,0,32765
0,-0,0,0,32765
0,-0,0,0,32765
0,-0,0,85,32765
0,-0,0,0,32765
0,-0,0,0,32765
0,-0,0,0,32765
0,-0,0,0,32765
0,-0,0,0,32765
0,-0,0,0,32765
0,-0,0,0,32765
0,-0,0,0,32765
0,-0,0,0,32765
0,-0,0,12,32765
0,-0,0,0,32765
0,-0,0,0,32765
0,-0,0,0,32765
0,-0,0,0,32765
2.57264,-1.29562,0.335996,12,32765
2.52398,-1.28163,0.330807,12,32765
2.54611,-1.30367,0.334889,12,32765
2.30336,-1.18916,0.30419,11,32765
2.55469,-1.32996,0.338719,11,32765
2.68209,-1.4077,0.356738,12,32765
2.62457,-1.38883,0.350516,11,32765
2.52345,-1.34616,0.338273,12,32765
2.5014,-1.3451,0.336647,12,32765
2.48809,-1.34868,0.336104,11,32765
0,-0,0,0,32765
0,-0,0,0,32765
0,-0,0,0,32765
0,-0,0,0,32765
0,-0,0,12,32765
0,-0,0,0,32765
0,-0,0,0,32765
0,-0,0,11,32765
0,-0,0,0,32765
0,-0,0,0,32765
0,-0,0,11,32765
0,-0,0,0,32765
0,-0,0,0,32765
0,-0,0,0,32765
0,-0,0,0,32765
0,-0,0,0,32765
0,-0,0,0,32765
0,-0,0,0,32765
0,-0,0,0,32765
0,-0,0,0,32765
0,-0,0,0,32765
0,-0,0,0,32765
0,-0,0,0,32765
0,-0,0,0,32765
0,-0,0,0,32765
0,-0,0,0,32765
0,-0,0,0,32765
0,-0,0,0,32765
0,-0,0,0,32765
0,-0,0,0,32765
0,-0,0,11,32765
0,-0,0,0,32765
0,-0,0,0,32765
0,-0,0,0,32765
0,-0,0,0,32765
0,-0,0,0,32765
0,-0,0,11,32765
0,-0,0,11,32765
0,-0,0,11,32765
0,-0,0,0,32765
0,-0,0,0,32765
0,-0,0,0,32765
0,-0,0,0,32765
1.43281,-0.452061,0.151031,19,32765
1.46915,-0.468868,0.155766,20,32765
1.46755,-0.473604,0.156484,20,32765
1.44708,-0.472032,0.155081,19,32765
1.4361,-0.473469,0.154437,19,32765
1.44395,-0.481219,0.155964,19,32765
1.43288,-0.482722,0.155659,19,32765
1.38415,-0.471405,0.150981,18,32765
1.38257,-0.475924,0.151297,18,32765
1.40914,-0.490251,0.154833,17,32765
1.36998,-0.481606,0.151033,17,32765
1.37773,-0.489348,0.152676,17,32765
1.37608,-0.493846,0.153064,16,32765
1.39311,-0.50519,0.15537,15,32765
1.34466,-0.492726,0.150659,14,32765
1.41759,-0.52484,0.159338,14,32765
1.42512,-0.532962,0.160873,14,32765
1.38611,-0.523577,0.157062,12,32765
1.38437,-0.52807,0.157332,12,32765
1.44755,-0.557593,0.165184,13,32765
1.50128,-0.583973,0.17187,12,32765
1.44378,-0.567074,0.165884,12,32765
1.41416,-0.560805,0.162926,12,32765
1.34767,-0.539546,0.155834,12,32765
1.33661,-0.540301,0.155103,12,32765
1.36238,-0.556017,0.158666,12,32765
0,-0,0,0,32765
0,-0,0,0,32765
0,-0,0,0,32765
0,-0,0,0,32765
0,-0,0,0,32765
0,-0,0,0,32765
0,-0,0,0,32765
0,-0,0,0,32765
0,-0,0,0,32765
0,-0,0,0,32765
0,-0,0,0,32765
0,-0,0,0,32765
0,-0,0,0,32765
0,-0,0,0,32765
0,-0,0,0,32765
0,-0,0,0,32765
0,-0,0,0,32765
0,-0,0,0,32765
0,-0,0,0,32765
0,-0,0,0,32765
0,-0,0,0,32765
0,-0,0,0,32765
0,-0,0,0,32765
0,-0,0,0,32765
0,-0,0,0,32765
0,-0,0,0,32765
0,-0,0,0,32765
0,-0,0,0,32765
0,-0,0,0,32765
0,-0,0,0,32765
0,-0,0,0,32765
0,-0,0,0,32765
0,-0,0,0,32765
0,-0,0,0,32765
0,-0,0,0,32765
0,-0,0,0,32765
0,-0,0,0,32765
0,-0,0,0,32765
0,-0,0,0,32765
0,-0,0,0,32765
0,-0,0,0,32765
0,-0,0,0,32765
0,-0,0,0,32765
0,-0,0,0,32765
0,-0,0,0,32765
0,-0,0,0,32765
0,-0,0,0,32765
0,-0,0,0,32765
0,-0,0,0,32765
0,-0,0,0,32765
0,-0,0,0,32765
0,-0,0,0,32765
0,-0,0,0,32765
0,-0,0,0,32765
0,-0,0,0,32765
0,-0,0,0,32765
0,-0,0,0,32765
0,-0,0,0,32765
0,-0,0,0,32765
0,-0,0,0,32765
0,-0,0,0,32765
0,-0,0,0,32765
0,-0,0,0,32765
0,-0,0,0,32765
0,-0,0,0,32765
0,-0,0,0,32765
0,-0,0,0,32765
0,-0,0,0,32765
0,-0,0,0,32765
0,-0,0,0,32765
0,-0,0,0,32765
0,-0,0,0,32765
0,-0,0,0,32765
0,-0,0,0,32765
0,-0,0,0,32765
1.42446,-0.449925,0.135953,21,32765
1.4229,-0.454613,0.136664,21,32765
1.43083,-0.46227,0.138276,21,32765
1.44825,-0.472943,0.140724,20,32765
1.40889,-0.465023,0.137408,20,32765
1.42623,-0.475851,0.139758,21,32765
1.3963,-0.470934,0.137677,21,32765
1.40412,-0.478753,0.139056,21,32765
1.42134,-0.489834,0.141248,21,32765
1.39148,-0.484666,0.138885,20,32765
1.38048,-0.485862,0.138278,20,32765
1.3976,-0.496987,0.140777,20,32765
1.38656,-0.498193,0.140224,21,32765
1.38487,-0.502798,0.140446,19,32765
1.36444,-0.500567,0.139059,19,32765
1.40006,-0.518972,0.143174,20,32765
1.38898,-0.520071,0.142694,20,32765
1.37791,-0.521111,0.14213,20,32765
1.37618,-0.525586,0.142398,20,32765
1.36513,-0.526489,0.141871,19,32765
1.35409,-0.527365,0.141206,20,32765
1.36157,-0.535446,0.142532,20,32765
1.36904,-0.543585,0.143727,19,32765
1.3395,-0.536947,0.141174,19,32765
1.33767,-0.541409,0.14151,20,32765
1.36345,-0.557161,0.144793,20,32765
1.34314,-0.554134,0.143178,20,32765
1.35961,-0.566322,0.145365,19,32765
1.33015,-0.559262,0.142926,19,32765
1.35575,-0.575321,0.146144,18,32765
1.31724,-0.564107,0.14238,18,32765
1.33363,-0.576261,0.144715,18,32765
1.29521,-0.564804,0.140844,17,32765
1.27505,-0.561136,0.139164,17,32765
1.2913,-0.573558,0.141367,16,32765
1.28932,-0.57789,0.141727,16,32765
1.32364,-0.598524,0.146117,16,32765
1.33975,-0.611147,0.148255,15,32765
1.30154,-0.5989,0.144576,14,32765
1.36269,-0.63254,0.151901,13,32765
1.37856,-0.64553,0.154135,14,32765
1.3674,-0.64582,0.15343,13,32765
1.32027,-0.629044,0.148651,12,32765
0,-0,0,0,32765
0,-0,0,0,32765
0,-0,0,0,32765
0,-0,0,0,32765
0,-0,0,0,32765
0,-0,0,0,32765
0,-0,0,0,32765
0,-0,0,0,32765
0,-0,0,0,32765
0,-0,0,0,32765
0,-0,0,0,32765
0,-0,0,0,32765
0,-0,0,0,32765
0,-0,0,0,32765
0,-0,0,0,32765
0,-0,0,0,32765
0,-0,0,0,32765
0,-0,0,0,32765
0,-0,0,0,32765
0,-0,0,0,32765
0,-0,0,0,32765
0,-0,0,0,32765
0,-0,0,0,32765
0,-0,0,0,32765
0,-0,0,0,32765
0,-0,0,0,32765
0,-0,0,0,32765
0,-0,0,0,32765
0,-0,0,0,32765
0,-0,0,12,32765
0,-0,0,0,32765
0,-0,0,0,32765
0,-0,0,0,32765
0,-0,0,0,32765
0,-0,0,0,32765
0,-0,0,0,32765
0,-0,0,0,32765
0,-0,0,0,32765
0,-0,0,0,32765
0,-0,0,0,32765
0,-0,0,0,32765
0,-0,0,0,32765
0,-0,0,0,32765
0,-0,0,0,32765
0,-0,0,0,32765
0,-0,0,0,32765
0,-0,0,0,32765
0,-0,0,0,32765
0,-0,0,0,32765
0,-0,0,0,32765
0,-0,0,0,32765
0,-0,0,0,32765
0,-0,0,0,32765
0,-0,0,0,32765
0,-0,0,0,32765
0,-0,0,11,32765
0,-0,0,0,32765
0,-0,0,0,32765
1.45249,-0.458546,0.144597,20,32765
1.44154,-0.460257,0.143272,20,32765
1.43056,-0.462005,0.141922,20,32765
1.41017,-0.460438,0.139738,20,32765
1.42761,-0.471161,0.141516,20,32765
1.41669,-0.472585,0.1402,20,32765
1.42461,-0.480331,0.14098,20,32765
1.42305,-0.484974,0.140807,20,32765
1.42147,-0.489573,0.140829,20,32765
1.41049,-0.490916,0.139742,20,32765
1.37131,-0.482271,0.136114,19,32765
1.3885,-0.493416,0.137821,20,32765
1.39624,-0.501374,0.13874,20,32765
1.40393,-0.509391,0.139628,20,32765
1.42091,-0.520945,0.141497,20,32765
1.38182,-0.511828,0.13788,19,32765
1.38013,-0.516375,0.137821,19,32765
1.40636,-0.531459,0.140692,19,32765
1.35812,-0.518248,0.136125,20,32765
1.37502,-0.529793,0.13798,19,32765
1.364,-0.530655,0.137166,19,32765
1.37153,-0.538699,0.138186,20,32765
1.39752,-0.554187,0.141111,20,32765
1.38646,-0.555055,0.140141,20,32765
1.37536,-0.555923,0.139414,19,32765
1.34583,-0.549209,0.136831,19,32765
1.39922,-0.576382,0.142693,20,32765
1.3513,-0.561949,0.13818,19,32765
1.3586,-0.570265,0.139291,19,32765
1.3475,-0.570898,0.138662,19,32765
1.30898,-0.559712,0.134911,19,32765
1.32538,-0.571908,0.137082,19,32765
1.32345,-0.576331,0.137157,19,32765
1.32153,-0.580669,0.137437,20,32765
1.30138,-0.576949,0.135805,19,32765
1.3176,-0.589391,0.137991,18,32765
1.27026,-0.573254,0.133514,18,32765
1.29549,-0.589848,0.136669,18,32765
1.3297,-0.610766,0.140569,17,32765
1.24634,-0.5775,0.132418,16,32765
1.25344,-0.585789,0.133597,16,32765
1.2875,-0.606851,0.137754,16,32765
1.2405,-0.589767,0.133171,15,32765
1.26542,-0.606773,0.13649,15,32765
1.33506,-0.645648,0.144442,14,32765
1.32388,-0.645761,0.143962,14,32765
1.31276,-0.645774,0.143305,14,32765
1.32836,-0.659039,0.145671,13,32765
1.27271,-0.636794,0.140015,13,32765
1.3416,-0.676917,0.148284,12,32765
1.29493,-0.658858,0.143702,12,32765
1.1953,-0.613174,0.133331,12,32765
0,-0,0,0,32765
0,-0,0,0,32765
0,-0,0,0,32765
0,-0,0,0,32765
0,-0,0,0,32765
0,-0,0,0,32765
0,-0,0,0,32765
0,-0,0,0,32765
0,-0,0,0,32765
0,-0,0,0,32765
0,-0,0,0,32765
0,-0,0,0,32765
0,-0,0,0,32765
0,-0,0,0,32765
0,-0,0,0,32765
0,-0,0,0,32765
0,-0,0,0,32765
0,-0,0,0,32765
0,-0,0,0,32765
0,-0,0,0,32765
0,-0,0,0,32765
0,-0,0,0,32765
0,-0,0,0,32765
0,-0,0,0,32765
0,-0,0,0,32765
0,-0,0,0,32765
0,-0,0,0,32765
0,-0,0,0,32765
0,-0,0,0,32765
0,-0,0,0,32765
0,-0,0,0,32765
0,-0,0,0,32765
0,-0,0,0,32765
0,-0,0,0,32765
0,-0,0,0,32765
0,-0,0,0,32765
0,-0,0,0,32765
0,-0,0,0,32765
0,-0,0,0,32765
0,-0,0,0,32765
0,-0,0,0,32765
0,-0,0,0,32765
0,-0,0,0,32765
0,-0,0,0,32765
0,-0,0,0,32765
0,-0,0,0,32765
0,-0,0,0,32765
0,-0,0,0,32765
0,-0,0,0,32765
1.41557,-0.447419,0.126827,20,32765
1.42362,-0.45508,0.127303,21,32765
1.40317,-0.453706,0.125206,20,32765
1.43013,-0.467529,0.127436,20,32765
1.41918,-0.468957,0.126495,20,32765
1.4366,-0.479827,0.127798,20,32765
1.43506,-0.484465,0.127643,20,32765
1.41462,-0.482715,0.125792,20,32765
1.41305,-0.487295,0.125814,21,32765
1.41147,-0.491893,0.12566,21,32765
1.39106,-0.489853,0.124085,20,32765
1.38007,-0.491063,0.12309,20,32765
1.40657,-0.505752,0.12559,21,32765
1.38616,-0.503611,0.123874,21,32765
1.3751,-0.504826,0.123044,22,32765
1.39209,-0.51633,0.124826,21,32765
1.38106,-0.517423,0.123929,21,32765
1.3607,-0.514906,0.12233,20,32765
1.37764,-0.526419,0.124099,20,32765
1.35733,-0.523702,0.122413,21,32765
1.35561,-0.528125,0.122532,21,32765
1.37243,-0.539806,0.124297,21,32765
1.36138,-0.540617,0.123579,21,32765
1.34111,-0.53766,0.121863,21,32765
1.367,-0.553333,0.124591,21,32765
1.35591,-0.554116,0.123976,21,32765
1.33563,-0.550979,0.122517,21,32765
1.33376,-0.555456,0.122697,21,32765
1.3319,-0.559869,0.122865,21,32765
1.32082,-0.560414,0.122323,21,32765
1.35559,-0.580495,0.125744,21,32765
1.33534,-0.577059,0.124333,21,32765
1.32427,-0.57754,0.123556,20,32765
1.3041,-0.573864,0.122128,21,32765
1.32949,-0.590294,0.124961,21,32765
1.32749,-0.594708,0.12525,21,32765
1.30734,-0.590879,0.123824,21,32765
1.30533,-0.595231,0.124122,20,32765
1.32144,-0.607898,0.125923,20,32765
1.3013,-0.603889,0.124673,20,32765
1.29027,-0.603928,0.124034,20,32765
1.31528,-0.620902,0.126956,20,32765
1.28619,-0.612439,0.12459,20,32765
1.27514,-0.612382,0.124147,20,32765
1.29996,-0.62966,0.126972,20,32765
1.30674,-0.6384,0.128332,20,32765
1.27777,-0.62955,0.126003,20,32765
1.28452,-0.638292,0.127287,20,32765
1.27343,-0.638164,0.126614,20,32765
1.28013,-0.646928,0.127916,21,32765
1.27791,-0.651235,0.128241,20,32765
1.25798,-0.646361,0.12694,20,32765
1.24693,-0.646006,0.126307,20,32765
1.2359,-0.645532,0.125821,20,32765
1.26019,-0.663512,0.128775,20,32765
1.26673,-0.67238,0.129983,19,32765
1.26446,-0.676555,0.130448,18,32765
1.20956,-0.652417,0.125325,17,32765
1.25986,-0.684945,0.131202,16,32765
1.19642,-0.655622,0.125026,15,32765
1.26394,-0.698109,0.132632,14,32765
1.21811,-0.678017,0.128482,14,32765
1.24186,-0.696673,0.131626,13,32765
0,-0,0,0,32765
0,-0,0,0,32765
0,-0,0,0,32765
0,-0,0,0,32765
0,-0,0,0,32765
0,-0,0,0,32765
0,-0,0,0,32765
0,-0,0,11,32765
0,-0,0,0,32765
0,-0,0,0,32765
0,-0,0,0,32765
0,-0,0,0,32765
0,-0,0,0,32765
0,-0,0,0,32765
0,-0,0,0,32765
0,-0,0,0,32765
0,-0,0,0,32765
0,-0,0,0,32765
0,-0,0,0,32765
0,-0,0,0,32765
0,-0,0,0,32765
0,-0,0,0,32765
0,-0,0,0,32765
0,-0,0,0,32765
0,-0,0,0,32765
0,-0,0,0,32765
0,-0,0,0,32765
0,-0,0,12,32765
0,-0,0,13,32765
0,-0,0,0,32765
0,-0,0,0,32765
0,-0,0,0,32765
0,-0,0,0,32765
0,-0,0,0,32765
0,-0,0,0,32765
0,-0,0,0,32765
0,-0,0,0,32765
0,-0,0,0,32765
0,-0,0,0,32765
0,-0,0,0,32765
1.49137,-0.477214,0.11396,15,32765
1.49925,-0.485128,0.115298,16,32765
1.45021,-0.474546,0.112288,17,32765
1.43913,-0.476173,0.112033,18,32765
1.43755,-0.480794,0.112651,19,32765
1.41707,-0.478988,0.11172,20,32765
1.40605,-0.480351,0.111236,19,32765
1.44213,-0.497999,0.114741,20,32765
1.42158,-0.496232,0.113897,19,32765
1.3635,-0.48099,0.109568,19,32765
1.3243,-0.472087,0.107031,18,32765
1.39776,-0.503445,0.113575,19,32765
1.39608,-0.508029,0.113896,19,32765
1.35693,-0.498824,0.111365,19,32765
1.34593,-0.499787,0.110816,19,32765
1.39089,-0.52179,0.115118,19,32765
1.3891,-0.526463,0.115452,19,32765
1.36867,-0.523988,0.114393,19,32765
1.38547,-0.535766,0.116288,20,32765
1.36512,-0.532993,0.115165,20,32765
1.35408,-0.53379,0.114618,19,32765
1.32452,-0.527117,0.112645,20,32765
1.34127,-0.538869,0.114489,20,32765
1.3302,-0.539585,0.114038,20,32765
1.36526,-0.559127,0.11764,20,32765
1.31729,-0.544659,0.113984,20,32765
1.33384,-0.556727,0.115874,21,32765
1.32276,-0.557286,0.115492,21,32765
1.33005,-0.565596,0.116469,21,32765
1.32815,-0.569962,0.116837,21,32765
1.31708,-0.570424,0.116307,21,32765
1.32428,-0.578764,0.117509,20,32765
1.3041,-0.575092,0.116162,20,32765
1.30213,-0.579469,0.11652,20,32765
1.30014,-0.583834,0.116889,20,32765
1.29812,-0.588268,0.117126,19,32765
1.29612,-0.592623,0.117367,20,32765
1.26697,-0.584394,0.11524,20,32765
1.27401,-0.592817,0.116476,20,32765
1.2901,-0.605427,0.118285,20,32765
1.29707,-0.613974,0.119322,20,32765
1.29502,-0.618247,0.119564,20,32765
1.29293,-0.622537,0.119899,19,32765
1.26391,-0.613811,0.117723,19,32765
1.25289,-0.613615,0.117251,19,32765
1.25974,-0.622209,0.118371,19,32765
1.29329,-0.644196,0.122159,20,32765
1.25547,-0.630644,0.119047,19,32765
1.23554,-0.625845,0.117755,19,32765
1.26001,-0.643586,0.120749,19,32765
1.2667,-0.652344,0.121772,19,32765
1.25569,-0.65189,0.121198,18,32765
1.2623,-0.660688,0.122426,19,32765
1.24243,-0.655593,0.121087,20,32765
1.2402,-0.659748,0.121404,19,32765
1.23795,-0.663915,0.121614,19,32765
1.20066,-0.64903,0.118594,19,32765
1.216,-0.662474,0.120728,19,32765
1.17887,-0.647262,0.117535,18,32765
1.14186,-0.631805,0.114311,17,32765
1.16583,-0.650139,0.117282,16,32765
1.17233,-0.658862,0.11849,15,32765
1.1701,-0.662743,0.118916,15,32765
1.21977,-0.696246,0.124513,14,32765
1.22604,-0.705237,0.125935,13,32765
1.29259,-0.749263,0.133489,13,32765
1.23849,-0.723335,0.128586,13,32765
1.21889,-0.717319,0.127078,12,32765
1.25076,-0.741633,0.131107,13,32765
1.24831,-0.74567,0.131538,12,32765
1.15194,-0.693295,0.122004,12,32765
0,-0,0,0,32765
0,-0,0,0,32765
0,-0,0,0,32765
0,-0,0,0,32765
0,-0,0,0,32765
0,-0,0,0,32765
1.20273,-0.762049,0.132713,11,32765
0,-0,0,0,32765
0,-0,0,0,32765
0,-0,0,0,32765
0,-0,0,0,32765
0,-0,0,0,32765
0,-0,0,0,32765
0,-0,0,0,32765
0,-0,0,0,32765
0,-0,0,0,32765
0,-0,0,0,32765
0,-0,0,0,32765
0,-0,0,12,32765
0,-0,0,0,32765
0,-0,0,0,32765
0,-0,0,0,32765
0,-0,0,0,32765
0,-0,0,0,32765
0,-0,0,0,32765
0,-0,0,0,32765
0,-0,0,0,32765
0,-0,0,0,32765
0,-0,0,0,32765
0,-0,0,0,32765
1.39708,-0.44771,0.0928807,12,32765
1.63292,-0.52917,0.109344,11,32765
1.42249,-0.466174,0.0959847,12,32765
1.37355,-0.455156,0.0932426,15,32765
1.3815,-0.462745,0.0944806,19,32765
1.38943,-0.470355,0.0956689,20,32765
1.38788,-0.474861,0.0959266,19,32765
1.37684,-0.476177,0.0957692,20,32765
1.3752,-0.480774,0.096405,19,32765
1.37359,-0.485293,0.0966029,20,32765
1.38135,-0.493179,0.0977722,20,32765
1.3703,-0.494316,0.0975692,20,32765
1.3874,-0.505652,0.0992257,20,32765
1.34825,-0.496399,0.097067,20,32765
1.3653,-0.507769,0.0986382,20,32765
1.3729,-0.515845,0.0997623,20,32765
1.3618,-0.516926,0.0994118,19,32765
1.35071,-0.517926,0.0992159,19,32765
1.35824,-0.526065,0.100232,20,32765
1.3472,-0.526831,0.0999792,20,32765
1.35473,-0.534898,0.100906,20,32765
1.36223,-0.542987,0.10199,20,32765
1.34191,-0.539991,0.100872,20,32765
1.33084,-0.54071,0.100516,20,32765
1.32899,-0.545152,0.100938,20,32765
1.35478,-0.561066,0.10337,20,32765
1.34367,-0.561741,0.102965,20,32765
1.32338,-0.558455,0.101972,20,32765
1.33984,-0.570693,0.103565,20,32765
1.33793,-0.575101,0.103937,20,32765
1.32683,-0.575595,0.103503,20,32765
1.33402,-0.583986,0.104615,20,32765
1.30469,-0.576307,0.10274,20,32765
1.28449,-0.572574,0.101657,20,32765
1.30073,-0.585071,0.103468,20,32765
1.30778,-0.593639,0.104432,20,32765
1.30576,-0.598035,0.104675,20,32765
1.28563,-0.594004,0.103562,20,32765
1.29264,-0.602507,0.104711,20,32765
1.28163,-0.602475,0.104135,20,32765
1.27059,-0.602467,0.103608,21,32765
1.28657,-0.615266,0.105319,21,32765
1.27551,-0.615205,0.104913,21,32765
1.2734,-0.619489,0.105238,21,32765
1.27131,-0.623716,0.105607,21,32765
1.27813,-0.63239,0.106639,21,32765
1.26704,-0.632225,0.106315,21,32765
1.27379,-0.640966,0.107326,21,32765
1.25381,-0.636218,0.106228,20,32765
1.2605,-0.644975,0.107434,20,32765
1.24946,-0.64461,0.10685,21,32765
1.23848,-0.644098,0.106366,21,32765
1.24512,-0.652857,0.107496,21,32765
1.26934,-0.670992,0.110166,21,32765
1.24066,-0.661178,0.108188,21,32765
1.24719,-0.670074,0.109168,21,32765
1.23617,-0.66943,0.108842,21,32765
1.22519,-0.668691,0.108477,21,32765
1.21423,-0.66789,0.107993,20,32765
1.21202,-0.671848,0.108268,20,32765
1.21846,-0.68073,0.109417,19,32765
1.23354,-0.694537,0.111331,21,32765
1.21385,-0.688789,0.110205,20,32765
1.22018,-0.697767,0.111306,20,32765
1.20054,-0.691847,0.110256,20,32765
1.22405,-0.710854,0.11307,20,32765
1.18727,-0.694714,0.110304,20,32765
1.19352,-0.703704,0.111377,19,32765
1.19973,-0.712715,0.11261,19,32765
1.18027,-0.706359,0.11141,20,32765
1.22057,-0.735992,0.115846,20,32765
1.20109,-0.729604,0.114765,19,32765
1.18164,-0.723133,0.113557,19,32765
1.15376,-0.71134,0.111495,18,32765
1.15985,-0.720354,0.11285,17,32765
1.14899,-0.718864,0.112503,16,32765
1.17189,-0.73853,0.115483,14,32765
1.22831,-0.779755,0.121837,14,32765
1.20889,-0.773057,0.120723,13,32765
1.26495,-0.814758,0.12714,13,32765
0,-0,0,0,32765
0,-0,0,0,32765
0,-0,0,0,32765
0,-0,0,0,32765
0,-0,0,0,32765
0,-0,0,0,32765
0,-0,0,0,32765
0,-0,0,0,32765
0,-0,0,0,32765
0,-0,0,0,32765
0,-0,0,0,32765
0,-0,0,0,32765
0,-0,0,0,32765
0,-0,0,0,32765
0,-0,0,0,32765
0,-0,0,0,32765
0,-0,0,0,32765
0,-0,0,0,32765
0,-0,0,0,32765
0,-0,0,0,32765
0,-0,0,0,32765
0,-0,0,0,32765
0,-0,0,0,32765
1.64059,-0.537184,0.113142,11,32765
1.35464,-0.448488,0.0933724,13,32765
1.39102,-0.465597,0.0957809,18,32765
1.39896,-0.473328,0.0962303,18,32765
1.42575,-0.487549,0.0981407,19,32765
1.39586,-0.482407,0.0961948,18,32765
1.39426,-0.487041,0.0960983,19,32765
1.36442,-0.48166,0.0941782,19,32765
1.34403,-0.479425,0.0928923,18,32765
1.37063,-0.49395,0.094864,18,32765
1.37839,-0.501806,0.0956075,19,32765
1.35801,-0.499457,0.0941253,19,32765
1.347,-0.500422,0.0936908,19,32765
1.39205,-0.522392,0.0969785,18,32765
1.35297,-0.51287,0.0945314,19,32765
1.34195,-0.513774,0.0938604,19,32765
1.34022,-0.51824,0.094012,19,32765
1.32921,-0.518986,0.0935378,19,32765
1.33679,-0.526968,0.0942665,19,32765
1.32578,-0.527657,0.0937407,19,32765
1.34256,-0.539416,0.0952589,19,32765
1.28527,-0.521373,0.0913603,19,32765
1.32971,-0.544483,0.0949803,18,32765
1.31866,-0.545075,0.0945605,19,32765
1.29841,-0.541769,0.0933263,19,32765
1.31498,-0.553802,0.0950002,19,32765
1.3223,-0.562097,0.0957313,19,32765
1.32958,-0.570417,0.0966422,19,32765
1.33682,-0.578798,0.097513,19,32765
1.32569,-0.57929,0.0972739,20,32765
1.28724,-0.567577,0.0947499,19,32765
1.30352,-0.580026,0.0964696,20,32765
1.28337,-0.576178,0.0953577,20,32765
1.27234,-0.576299,0.094966,20,32765
1.29761,-0.592987,0.0973387,19,32765
1.28655,-0.593106,0.0970263,20,32765
1.28453,-0.597417,0.0972947,18,32765
1.30059,-0.610116,0.0990665,19,32765
1.27146,-0.601653,0.0974675,20,32765
1.27844,-0.610176,0.0983137,19,32765
1.25841,-0.605749,0.0972827,20,32765
1.28327,-0.623032,0.0997307,20,32765
1.27224,-0.622859,0.0991971,19,32765
1.28803,-0.635919,0.100944,20,32765
1.27694,-0.63574,0.100731,21,32765
1.23914,-0.622072,0.0983294,21,32765
1.23699,-0.62628,0.0986272,20,32765
1.25259,-0.639556,0.100461,21,32765
1.26813,-0.652913,0.102253,21,32765
1.23045,-0.638821,0.0999779,21,32765
1.23714,-0.64752,0.101039,21,32765
1.23495,-0.651647,0.101319,21,32765
1.24155,-0.660405,0.102549,21,32765
1.23935,-0.664474,0.102938,21,32765
1.23711,-0.668555,0.103354,20,32765
1.22612,-0.66787,0.102852,20,32765
1.21511,-0.667155,0.102572,21,32765
1.20412,-0.666364,0.102221,21,32765
1.2106,-0.67517,0.103371,20,32765
1.21701,-0.684075,0.104576,21,32765
1.20603,-0.683175,0.104233,20,32765
1.21238,-0.692128,0.105306,20,32765
1.21868,-0.701157,0.106318,20,32765
1.19041,-0.690228,0.104494,20,32765
1.17944,-0.689196,0.104064,20,32765
1.19432,-0.703193,0.105969,20,32765
1.20911,-0.717302,0.107867,18,32765
1.1725,-0.70079,0.105035,19,32765
1.17873,-0.709719,0.106261,19,32765
1.18489,-0.71874,0.107411,20,32765
1.19954,-0.732982,0.109323,20,32765
1.16313,-0.716036,0.106372,19,32765
1.15226,-0.714612,0.10593,19,32765
1.16678,-0.728962,0.107845,18,32765
1.13057,-0.71159,0.105088,18,32765
1.11981,-0.709929,0.104556,17,32765
1.13426,-0.724307,0.106446,16,32765
1.14025,-0.733392,0.107543,15,32765
1.12111,-0.726234,0.10631,14,32765
1.16883,-0.76251,0.111379,13,32765
1.17467,-0.771749,0.112458,13,32765
1.19704,-0.792093,0.115211,12,32765
1.13636,-0.757323,0.109751,12,32765
1.29937,-0.872134,0.126136,13,32765
1.1809,-0.798209,0.115077,13,32765
1.21949,-0.830034,0.1195,13,32765
1.20035,-0.822678,0.118116,12,32765
1.09925,-0.758587,0.108643,12,32765
1.1459,-0.796242,0.113649,12,32765
1.03714,-0.725636,0.103437,12,32765
0,-0,0,12,32765
1.12188,-0.79567,0.112668,12,32765
0,-0,0,12,32765
0,-0,0,0,32765
0,-0,0,0,32765
0,-0,0,0,32765
0,-0,0,11,32765
0,-0,0,0,32765
0,-0,0,0,32765
0,-0,0,0,32765
0,-0,0,0,32765
1.39461,-0.457376,0.0823138,14,32765
1.40258,-0.465112,0.0827195,17,32765
1.40106,-0.469718,0.0825152,19,32765
1.39007,-0.471089,0.0817573,20,32765
1.37909,-0.472368,0.0811628,20,32765
1.38697,-0.480129,0.0817231,19,32765
1.36653,-0.478148,0.0805171,20,32765
1.37435,-0.485979,0.0811011,19,32765
1.38215,-0.493851,0.0816706,19,32765
1.36175,-0.491579,0.0805828,19,32765
1.34138,-0.48916,0.079563,19,32765
1.3585,-0.500491,0.0804949,19,32765
1.34748,-0.50146,0.080155,19,32765
1.34582,-0.505911,0.0801891,19,32765
1.35345,-0.513937,0.080903,19,32765
1.37038,-0.525571,0.082,19,32765
1.34999,-0.522927,0.0810377,20,32765
1.34826,-0.527344,0.0812195,20,32765
1.3651,-0.539072,0.0824166,20,32765
1.3355,-0.53246,0.080865,19,32765
1.33374,-0.53682,0.0810714,19,32765
1.32269,-0.537503,0.0805535,19,32765
1.33013,-0.545628,0.0814512,19,32765
1.33752,-0.553862,0.0822607,20,32765
1.30803,-0.546761,0.0806484,19,32765
1.31539,-0.554971,0.0815673,19,32765
1.30434,-0.555461,0.0810635,20,32765
1.30247,-0.559797,0.0813052,20,32765
1.3189,-0.572078,0.0826526,19,32765
1.30779,-0.572511,0.0825023,20,32765
1.28761,-0.568782,0.0815087,20,32765
1.32213,-0.589388,0.0842028,20,32765
1.32015,-0.593784,0.0844477,20,32765
1.28179,-0.581651,0.0824055,20,32765
1.29797,-0.594251,0.083913,20,32765
1.30503,-0.602742,0.0848742,20,32765
1.28488,-0.598692,0.0839645,19,32765
1.25577,-0.59019,0.082579,19,32765
1.28082,-0.607216,0.0848304,20,32765
1.26977,-0.607176,0.0843876,20,32765
1.25873,-0.607047,0.0841437,20,32765
1.27462,-0.620001,0.0857075,20,32765
1.28152,-0.628592,0.0864768,20,32765
1.25255,-0.619582,0.0850037,20,32765
1.25046,-0.623741,0.0854821,20,32765
1.24835,-0.627896,0.0859023,20,32765
1.24618,-0.632144,0.0862031,20,32765
1.25287,-0.640934,0.0872341,20,32765
1.25954,-0.649745,0.0882184,20,32765
1.25729,-0.654017,0.0888174,20,32765
1.24625,-0.653554,0.0885371,21,32765
1.24403,-0.657721,0.0888201,20,32765
1.25062,-0.666528,0.0899606,21,32765
1.24839,-0.670635,0.0903535,19,32765
1.23736,-0.670004,0.0901345,19,32765
1.25264,-0.68366,0.09165,21,32765
1.22408,-0.673412,0.0901862,20,32765
1.23053,-0.682328,0.0912268,21,32765
1.22825,-0.686372,0.0916429,21,32765
1.20853,-0.680665,0.0908018,21,32765
1.2236,-0.694512,0.0925194,21,32765
1.18661,-0.678771,0.0902118,21,32765
1.21023,-0.6977,0.0924464,21,32765
1.19923,-0.696744,0.0922276,21,32765
1.20546,-0.705823,0.0932265,21,32765
1.22028,-0.719937,0.0949536,21,32765
1.19213,-0.708671,0.093317,21,32765
1.19834,-0.7177,0.0942218,21,32765
1.20452,-0.726732,0.095366,22,32765
1.22768,-0.746222,0.0977898,21,32765
1.19118,-0.729375,0.095438,21,32765
1.18025,-0.728079,0.0949101,21,32765
1.18629,-0.73724,0.095938,21,32765
1.17536,-0.735852,0.0956138,21,32765
1.17288,-0.73976,0.0959971,21,32765
1.17044,-0.743582,0.0962625,21,32765
1.18478,-0.758158,0.0979804,21,32765
1.17388,-0.756619,0.0976038,21,32765
1.13793,-0.738692,0.09517,20,32765
1.16892,-0.764185,0.0982785,20,32765
1.15808,-0.762473,0.0978575,21,32765
1.16386,-0.771783,0.0989133,20,32765
1.15301,-0.770068,0.0983505,20,32765
1.14217,-0.768275,0.0979627,20,32765
1.13965,-0.771995,0.0981458,19,32765
1.14537,-0.781275,0.0992332,20,32765
1.14283,-0.784958,0.0994538,19,32765
1.14848,-0.794299,0.100417,20,32765
1.13772,-0.792296,0.0998409,19,32765
1.1188,-0.784497,0.0987737,18,32765
1.10812,-0.782321,0.0982325,18,32765
1.11373,-0.791646,0.0990455,18,32765
1.10306,-0.789396,0.0985548,17,32765
1.10864,-0.798723,0.0993447,17,32765
1.08992,-0.790542,0.0980295,15,32765
1.09541,-0.799945,0.0987634,15,32765
1.05266,-0.773914,0.0952065,15,32765
1.45972,-0.453603,0.0660618,13,32765
1.62025,-0.509193,0.0743119,13,32765
1.44719,-0.459923,0.0670809,13,32765
0,-0,0,0,32765
1.3966,-0.453902,0.0661627,14,32765
1.34761,-0.44294,0.0644743,19,32765
1.37456,-0.456826,0.0662246,22,32765
1.38254,-0.464399,0.0672931,21,32765
1.36208,-0.462458,0.0668368,20,32765
1.3511,-0.463617,0.066932,20,32765
1.36841,-0.474649,0.0682119,19,32765
1.31967,-0.462685,0.0662724,20,32765
1.37461,-0.487052,0.0695008,19,32765
1.36358,-0.488164,0.0695943,19,32765
1.31497,-0.475677,0.0677241,20,32765
1.35088,-0.493762,0.0701194,19,32765
1.34921,-0.498261,0.0704254,19,32765
1.32881,-0.495769,0.069841,18,32765
1.31781,-0.496616,0.0697313,19,32765
1.34415,-0.511574,0.0717615,18,32765
1.33312,-0.512429,0.0714875,19,32765
1.35003,-0.524021,0.0728759,18,32765
1.33899,-0.524783,0.072765,19,32765
1.30938,-0.518155,0.0716383,19,32765
1.31691,-0.526188,0.0725422,18,32765
1.29659,-0.523142,0.0718985,18,32765
1.32255,-0.538824,0.0736971,19,32765
1.32995,-0.547059,0.0746072,19,32765
1.31885,-0.547711,0.0745356,19,32765
1.30779,-0.548246,0.0743154,19,32765
1.3243,-0.560437,0.075715,19,32765
1.28566,-0.549177,0.0739835,19,32765
1.27463,-0.549538,0.0737466,19,32765
1.30023,-0.565765,0.0756535,19,32765
1.29831,-0.57009,0.0761426,19,32765
1.27811,-0.566366,0.0753416,19,32765
1.29441,-0.578808,0.076752,19,32765
1.24694,-0.562588,0.0743371,19,32765
1.26323,-0.574993,0.0757464,19,32765
1.26131,-0.579147,0.0761444,19,32765
1.28651,-0.595989,0.0780251,19,32765
1.24832,-0.583364,0.0760978,19,32765
1.27341,-0.600349,0.0781078,20,32765
1.25334,-0.596019,0.0773998,19,32765
1.27833,-0.613159,0.0793599,20,32765
1.25826,-0.608765,0.0786797,20,32765
1.2562,-0.612975,0.0789561,20,32765
1.24517,-0.612749,0.0787396,19,32765
1.25201,-0.621383,0.0796729,19,32765
1.23207,-0.616578,0.0788953,20,32765
1.26563,-0.638682,0.081585,19,32765
1.26351,-0.64284,0.0818637,19,32765
1.23468,-0.633392,0.0804648,19,32765
1.22367,-0.632937,0.080141,19,32765
1.23035,-0.641679,0.0811172,20,32765
1.22816,-0.645833,0.0813809,20,32765
1.22598,-0.649905,0.0817769,19,32765
1.19739,-0.639839,0.0803424,18,32765
1.22165,-0.657929,0.0824191,19,32765
1.21945,-0.66194,0.0829608,18,32765
1.19968,-0.656457,0.0820507,19,32765
1.19746,-0.660456,0.0824365,20,32765
1.23012,-0.683847,0.0851326,20,32765
1.18429,-0.663499,0.0825565,20,32765
1.19077,-0.672273,0.0836971,20,32765
1.1972,-0.681149,0.0845541,21,32765
1.19493,-0.685066,0.085051,20,32765
1.17535,-0.679009,0.0842366,20,32765
1.20758,-0.70296,0.0871974,20,32765
1.18803,-0.69679,0.0863883,20,32765
1.18567,-0.700739,0.0868613,20,32765
1.18332,-0.704642,0.0874042,21,32765
1.16384,-0.698264,0.0866352,20,32765
1.20418,-0.727953,0.0901651,21,32765
1.17621,-0.716263,0.0888697,21,32765
1.19082,-0.730588,0.0905037,21,32765
1.1714,-0.723976,0.0898662,21,32765
1.16901,-0.727784,0.0902946,21,32765
1.17503,-0.736905,0.0915266,21,32765
1.17257,-0.740737,0.0920707,22,32765
1.15327,-0.733854,0.0912913,21,32765
1.14244,-0.732204,0.091201,21,32765
1.14002,-0.735894,0.0917081,21,32765
1.14595,-0.745033,0.0929135,21,32765
1.15184,-0.754179,0.0942713,20,32765
1.13262,-0.747024,0.0934468,20,32765
1.13841,-0.756291,0.0946047,20,32765
1.14416,-0.765543,0.0961535,20,32765
1.14163,-0.769244,0.0966763,20,32765
1.13909,-0.772912,0.0974147,19,32765
1.12828,-0.77098,0.0973604,19,32765
1.10926,-0.76335,0.0966391,19,32765
1.1067,-0.766971,0.0972819,18,32765
1.07144,-0.747703,0.095108,17,32765
1.08533,-0.76256,0.0972324,16,32765
1.05842,-0.748719,0.0957707,14,32765
1.06406,-0.757925,0.0970779,13,32765
1.20737,-0.865977,0.111527,13,32765
1.23682,-0.893228,0.115439,13,32765
1.19351,-0.867889,0.112754,13,32765
1.15038,-0.84229,0.109863,13,32765
1.42184,-0.442658,0.0503114,15,32765
1.41085,-0.444214,0.0507666,13,32765
1.4951,-0.476036,0.0545127,12,32765
0,-0,0,0,32765
1.30186,-0.423902,0.0487705,17,32765
1.38585,-0.456363,0.0525529,22,32765
1.40328,-0.467247,0.0536697,21,32765
1.36387,-0.45899,0.0528233,21,32765
1.36235,-0.463421,0.0532894,21,32765
1.37972,-0.47433,0.0546014,21,32765
1.3498,-0.469079,0.0538192,20,32765
1.35764,-0.476899,0.0546207,21,32765
1.33721,-0.474699,0.0542403,20,32765
1.34503,-0.482439,0.0551846,21,32765
1.3528,-0.490293,0.0561161,21,32765
1.36052,-0.498233,0.05697,21,32765
1.35884,-0.502774,0.0572789,21,32765
1.33842,-0.500309,0.0568861,21,32765
1.33674,-0.504719,0.0572744,21,32765
1.32572,-0.50553,0.0574136,21,32765
1.33336,-0.513509,0.058043,21,32765
1.32233,-0.514261,0.0580184,20,32765
1.33923,-0.525891,0.059228,21,32765
1.30961,-0.519249,0.0583841,21,32765
1.33569,-0.534726,0.0600285,20,32765
1.30607,-0.527993,0.0591594,20,32765
1.29501,-0.528637,0.0589932,20,32765
1.28397,-0.529182,0.0589536,20,32765
1.31906,-0.548872,0.0610975,21,32765
1.3172,-0.553278,0.0614014,20,32765
1.3245,-0.561627,0.0621846,21,32765
1.31341,-0.562137,0.0621332,20,32765
1.30232,-0.562593,0.0619974,20,32765
1.30041,-0.566969,0.0623135,19,32765
1.28934,-0.567281,0.0623611,20,32765
1.29654,-0.575682,0.0630796,20,32765
1.27634,-0.571873,0.0625214,19,32765
1.29262,-0.584365,0.0637135,19,32765
1.29065,-0.588658,0.0640456,20,32765
1.28868,-0.592911,0.064453,19,32765
1.28666,-0.597264,0.0646912,19,32765
1.2575,-0.588849,0.0635979,20,32765
1.29161,-0.610169,0.0657897,20,32765
1.27151,-0.60589,0.0652761,19,32765
1.25145,-0.601492,0.0646347,20,32765
1.24939,-0.605714,0.06507,19,32765
1.23836,-0.605515,0.0648752,20,32765
1.25423,-0.618483,0.0661664,19,32765
1.24317,-0.61827,0.0660589,20,32765
1.25003,-0.626859,0.0669009,19,32765
1.21225,-0.613012,0.0653762,19,32765
1.2458,-0.635151,0.0675748,20,32765
1.23476,-0.634756,0.0674237,20,32765
1.24148,-0.643494,0.0681685,20,32765
1.24812,-0.652315,0.0690575,20,32765
1.21938,-0.64257,0.0678511,20,32765
1.21722,-0.646622,0.0682452,20,32765
1.22386,-0.655365,0.0690784,20,32765
1.2217,-0.65935,0.0693839,20,32765
1.21071,-0.658598,0.0694236,20,32765
1.23474,-0.677084,0.0712256,20,32765
1.21496,-0.671547,0.0706078,20,32765
1.2127,-0.675606,0.070894,20,32765
1.21914,-0.684492,0.0718608,20,32765
1.20817,-0.683564,0.0718899,20,32765
1.21455,-0.692518,0.0726578,20,32765
1.20358,-0.691525,0.0726403,20,32765
1.20127,-0.695492,0.0730689,20,32765
1.18169,-0.689388,0.0724914,20,32765
1.17941,-0.693242,0.0729259,19,32765
1.17706,-0.697172,0.0733966,20,32765
1.18329,-0.706173,0.0744763,20,32765
1.19804,-0.720363,0.0760692,20,32765
1.1956,-0.724361,0.0764126,20,32765
1.17617,-0.71782,0.075945,20,32765
1.16525,-0.716487,0.0757345,20,32765
1.15437,-0.715036,0.0758287,19,32765
1.16048,-0.724083,0.0768126,20,32765
1.18342,-0.743822,0.0790776,21,32765
1.18094,-0.747691,0.0796268,21,32765
1.15319,-0.735453,0.0784669,21,32765
1.15076,-0.739195,0.0790484,20,32765
1.17347,-0.759189,0.0813025,21,32765
1.16258,-0.757558,0.0812618,21,32765
1.1267,-0.739393,0.0795892,20,32765
1.14917,-0.759664,0.0819088,21,32765
1.15492,-0.769007,0.0829812,21,32765
1.14405,-0.767215,0.0832436,21,32765
1.14152,-0.770925,0.0837676,21,32765
1.13897,-0.774602,0.0845072,21,32765
1.12816,-0.772666,0.0845476,21,32765
1.12557,-0.776354,0.0852591,20,32765
1.14756,-0.797118,0.087794,21,32765
1.12856,-0.789382,0.0872874,20,32765
1.14232,-0.804453,0.0892614,20,32765
1.12341,-0.796536,0.0887639,21,32765
1.12077,-0.800175,0.0893661,20,32765
1.12619,-0.80963,0.0910502,20,32765
1.12349,-0.813275,0.0918858,20,32765
1.12078,-0.816902,0.092908,20,32765
1.12609,-0.826431,0.0944769,20,32765
1.4027,-0.436202,0.0554089,12,32765
1.46802,-0.461717,0.0576679,12,32765
1.4665,-0.466555,0.0573927,13,32765
1.50301,-0.483668,0.0585492,13,32765
1.3209,-0.429737,0.0514756,16,32765
1.40495,-0.46209,0.0545622,20,32765
1.35604,-0.450892,0.0525786,20,32765
1.37351,-0.46165,0.0533145,19,32765
1.38144,-0.469403,0.0536157,19,32765
1.35155,-0.464163,0.0525513,20,32765
1.35944,-0.471922,0.0529565,20,32765
1.33902,-0.4698,0.0521821,20,32765
1.31862,-0.467521,0.0515879,20,32765
1.29824,-0.465167,0.050888,20,32765
1.37187,-0.496673,0.0537825,20,32765
1.33267,-0.487485,0.0524169,21,32765
1.34043,-0.495321,0.0529072,20,32765
1.32943,-0.49623,0.0527009,19,32765
1.33714,-0.504128,0.0531347,20,32765
1.33545,-0.508549,0.0533358,20,32765
1.32442,-0.509403,0.0530545,19,32765
1.32273,-0.513759,0.0531639,20,32765
1.34897,-0.528984,0.0544889,19,32765
1.30076,-0.515019,0.0527413,19,32765
1.28978,-0.51558,0.0524696,19,32765
1.30656,-0.527389,0.0534275,20,32765
1.27702,-0.520443,0.052518,20,32765
1.30299,-0.536109,0.0539166,20,32765
1.30119,-0.540433,0.0540854,19,32765
1.30861,-0.548579,0.0547486,19,32765
1.30677,-0.55293,0.0549993,20,32765
1.28653,-0.54943,0.0544819,19,32765
1.29385,-0.557665,0.0552278,19,32765
1.28278,-0.558052,0.055167,20,32765
1.27176,-0.558303,0.0550376,19,32765
1.26987,-0.562551,0.0553132,19,32765
1.26797,-0.566804,0.0555635,19,32765
1.29338,-0.583363,0.0570719,18,32765
1.29139,-0.587728,0.0574298,19,32765
1.27121,-0.583763,0.056995,19,32765
1.24203,-0.575417,0.0561433,19,32765
1.26727,-0.59218,0.0577735,19,32765
1.25627,-0.592096,0.0575969,19,32765
1.28135,-0.609119,0.0592695,19,32765
1.24325,-0.59614,0.0578714,19,32765
1.2592,-0.609021,0.0591267,19,32765
1.28407,-0.626373,0.0610043,19,32765
1.25506,-0.61745,0.0599034,19,32765
1.24403,-0.617176,0.0598573,19,32765
1.25089,-0.625763,0.0607105,18,32765
1.23984,-0.625462,0.060778,20,32765
1.22882,-0.625059,0.060752,19,32765
1.23556,-0.633791,0.0616268,20,32765
1.24229,-0.642516,0.0624263,19,32765
1.23124,-0.642067,0.0624073,19,32765
1.24675,-0.655486,0.063648,19,32765
1.20924,-0.640909,0.0622391,19,32765
1.23349,-0.659085,0.0640316,19,32765
1.22247,-0.658443,0.0640955,19,32765
1.23784,-0.672007,0.0652833,19,32765
1.21806,-0.666505,0.0647792,19,32765
1.20707,-0.665722,0.0647851,19,32765
1.22231,-0.679381,0.066305,19,32765
1.19387,-0.668834,0.0651458,19,32765
1.21775,-0.687471,0.0667982,19,32765
1.1894,-0.676677,0.0658975,20,32765
1.18713,-0.6806,0.0663945,19,32765
1.19349,-0.689528,0.0672613,20,32765
1.17387,-0.683516,0.0666135,19,32765
1.16296,-0.682359,0.0664866,20,32765
1.20359,-0.711724,0.0693892,20,32765
1.15831,-0.690137,0.0673158,19,32765
1.18171,-0.709345,0.0692762,19,32765
1.17081,-0.708043,0.069048,19,32765
1.20259,-0.732645,0.0714676,19,32765
1.18311,-0.726175,0.070886,20,32765
1.18068,-0.730084,0.0712381,19,32765
1.16979,-0.728654,0.0711256,20,32765
1.15044,-0.721883,0.0704807,19,32765
1.17341,-0.741601,0.0724111,19,32765
1.14566,-0.729385,0.0711416,20,32765
1.15163,-0.73855,0.072042,20,32765
1.16599,-0.753111,0.0733909,20,32765
1.15512,-0.751486,0.0732121,20,32765
1.15267,-0.75521,0.0735532,20,32765
1.15852,-0.764456,0.0743824,21,32765
1.1311,-0.751585,0.0730917,20,32765
1.13693,-0.760802,0.073975,20,32765
1.10953,-0.747853,0.0725636,20,32765
1.13183,-0.768322,0.0744867,21,32765
1.13755,-0.77763,0.0753248,21,32765
1.11861,-0.76992,0.0744728,20,32765
1.11617,-0.773419,0.0747137,21,32765
1.12184,-0.782728,0.0755357,20,32765
1.10293,-0.774895,0.0746533,20,32765
1.10852,-0.784274,0.0754272,20,32765
1.11417,-0.793551,0.0761528,20,32765
1.10357,-0.791193,0.0757411,21,32765
1.10912,-0.800575,0.076391,20,32765
1.09029,-0.792518,0.0754484,20,32765
1.08773,-0.79603,0.0753769,21,32765
1.39335,-0.434138,0.0412901,20,32765
1.37288,-0.432637,0.0403701,20,32765
1.38097,-0.440207,0.040392,21,32765
1.38902,-0.447869,0.0403624,20,32765
1.37808,-0.449226,0.0400523,19,32765
1.36713,-0.450545,0.039537,20,32765
1.39411,-0.464478,0.0402171,20,32765
1.38312,-0.465811,0.0399447,19,32765
1.39104,-0.473613,0.0401521,19,32765
1.37058,-0.471646,0.0396442,20,32765
1.35012,-0.469633,0.0391356,19,32765
1.34855,-0.474107,0.0390972,19,32765
1.37524,-0.488587,0.0400649,19,32765
1.38301,-0.496551,0.0403795,18,32765
1.34377,-0.487497,0.0392271,19,32765
1.36091,-0.498838,0.0398867,19,32765
1.32176,-0.489429,0.0389066,19,32765
1.34822,-0.504287,0.0399011,19,32765
1.3559,-0.512263,0.0402425,19,32765
1.28881,-0.491809,0.0384946,19,32765
1.31515,-0.50689,0.0394233,20,32765
1.32278,-0.514851,0.0398131,20,32765
1.29318,-0.508174,0.0391661,20,32765
1.32867,-0.527175,0.0404282,20,32765
1.31764,-0.527829,0.0402536,21,32765
1.30658,-0.528512,0.0401739,21,32765
1.31405,-0.53667,0.0406935,21,32765
1.303,-0.537252,0.0406647,21,32765
1.3012,-0.541586,0.0408343,21,32765
1.30861,-0.54975,0.0414044,21,32765
1.29756,-0.550208,0.0413625,21,32765
1.3049,-0.55847,0.0419178,21,32765
1.28466,-0.554893,0.0416824,21,32765
1.28276,-0.559246,0.0420141,20,32765
1.29003,-0.567548,0.0425837,21,32765
1.26984,-0.563755,0.0422561,21,32765
1.27705,-0.572104,0.0428131,21,32765
1.28423,-0.580495,0.0434268,21,32765
1.27315,-0.580691,0.0434727,21,32765
1.26208,-0.580835,0.0435344,20,32765
1.25104,-0.58086,0.0435944,20,32765
1.25816,-0.589211,0.0443092,21,32765
1.26523,-0.597635,0.0448667,20,32765
1.24518,-0.593231,0.0446441,20,32765
1.24317,-0.59742,0.0449165,20,32765
1.24113,-0.60161,0.0453281,21,32765
1.25704,-0.614549,0.0465838,20,32765
1.246,-0.614356,0.0464296,20,32765
1.22603,-0.609603,0.0461388,20,32765
1.24185,-0.622629,0.0472329,20,32765
1.24865,-0.631317,0.0480785,20,32765
1.24652,-0.635481,0.0484967,20,32765
1.26211,-0.648863,0.0496345,20,32765
1.24216,-0.643899,0.0492926,19,32765
1.20454,-0.629562,0.048303,19,32765
1.21125,-0.638261,0.0489921,18,32765
1.2444,-0.661043,0.050832,19,32765
1.19811,-0.641633,0.0494478,19,32765
1.20474,-0.650367,0.0503262,18,32765
1.2289,-0.668679,0.0516929,19,32765
1.20037,-0.658331,0.0510021,19,32765
1.21565,-0.671992,0.0522231,19,32765
1.19595,-0.666256,0.0520412,20,32765
1.2024,-0.675169,0.0526857,19,32765
1.20017,-0.679112,0.0529095,19,32765
1.21525,-0.692987,0.0542197,20,32765
1.1956,-0.687047,0.0539468,19,32765
1.19329,-0.691016,0.05433,20,32765
1.17366,-0.684992,0.0538708,19,32765
1.18858,-0.699028,0.0550351,19,32765
1.15179,-0.682693,0.0538623,19,32765
1.16666,-0.696751,0.0550751,19,32765
1.18147,-0.710877,0.0563507,19,32765
1.17912,-0.714752,0.0566275,19,32765
1.17676,-0.718606,0.0570237,20,32765
1.17434,-0.722509,0.057454,19,32765
1.15494,-0.71587,0.0569669,19,32765
1.16952,-0.730229,0.0582058,20,32765
1.16709,-0.734082,0.0585986,20,32765
1.15624,-0.732511,0.0585454,19,32765
1.16222,-0.741711,0.0592716,19,32765
1.13453,-0.729342,0.0583561,19,32765
1.12375,-0.72759,0.0582115,19,32765
1.15481,-0.753111,0.0602995,19,32765
1.15235,-0.756844,0.0606418,19,32765
1.14986,-0.760598,0.0609372,19,32765
1.13908,-0.758749,0.0608138,19,32765
1.13659,-0.762448,0.0611609,19,32765
1.13402,-0.766249,0.0613754,19,32765
1.13973,-0.775604,0.0621254,19,32765
1.12894,-0.773665,0.0619687,19,32765
1.11823,-0.771585,0.0617573,19,32765
1.11579,-0.775092,0.0619994,20,32765
1.12145,-0.784421,0.0627293,19,32765
1.10254,-0.77657,0.0620351,19,32765
1.13256,-0.803308,0.0641003,20,32765
1.11375,-0.795267,0.0633503,19,32765
1.11126,-0.798734,0.0634968,20,32765
1.10058,-0.796449,0.063127,20,32765
1.10598,-0.805998,0.0637678,20,32765
1.09532,-0.803659,0.0632317,20,32765
1.38524,-0.427962,0.0213581,19,32765
1.37429,-0.429448,0.0220869,20,32765
1.3729,-0.433861,0.0227697,19,32765
1.36194,-0.435295,0.0231744,19,32765
1.37,-0.442865,0.0240063,19,32765
1.36853,-0.447354,0.0244676,19,32765
1.38603,-0.458109,0.025388,19,32765
1.36556,-0.456267,0.0256283,19,32765
1.36403,-0.460794,0.0262377,20,32765
1.34358,-0.458808,0.0263884,20,32765
1.34203,-0.463286,0.0267657,20,32765
1.32161,-0.461118,0.0268121,19,32765
1.34835,-0.475458,0.0279366,20,32765
1.32795,-0.473147,0.0280641,20,32765
1.33578,-0.480891,0.0286811,21,32765
1.33417,-0.485323,0.0289626,20,32765
1.31378,-0.482844,0.0291469,19,32765
1.34028,-0.497622,0.0302411,19,32765
1.31053,-0.491544,0.0300185,18,32765
1.36497,-0.517153,0.0317051,18,32765
1.3352,-0.511031,0.0313948,18,32765
1.36144,-0.526329,0.032551,18,32765
1.38761,-0.541766,0.0336457,19,32765
1.32998,-0.524397,0.0326216,19,32765
1.31894,-0.525084,0.0328787,19,32765
1.28935,-0.518295,0.0324909,20,32765
1.28761,-0.522583,0.0328427,20,32765
1.31361,-0.538223,0.0339907,21,32765
1.30254,-0.538802,0.0342068,20,32765
1.28227,-0.535457,0.0340725,20,32765
1.29887,-0.547572,0.0348096,20,32765
1.28781,-0.548021,0.0349861,20,32765
1.26759,-0.544429,0.0348477,20,32765
1.27494,-0.552609,0.0354295,21,32765
1.27308,-0.556848,0.0358986,20,32765
1.25292,-0.553018,0.0356007,20,32765
1.25106,-0.557187,0.0359468,20,32765
1.27651,-0.573706,0.0370431,20,32765
1.25634,-0.569773,0.0370019,20,32765
1.24532,-0.569842,0.0369921,20,32765
1.25243,-0.578274,0.0377389,20,32765
1.24142,-0.578227,0.0377785,20,32765
1.23043,-0.57809,0.0380031,19,32765
1.23755,-0.586409,0.038508,20,32765
1.23558,-0.590533,0.0389076,20,32765
1.22456,-0.590364,0.0390277,20,32765
1.19557,-0.581397,0.0385569,20,32765
1.22948,-0.603072,0.0397921,20,32765
1.2364,-0.61162,0.0405819,20,32765
1.21647,-0.606776,0.0403628,19,32765
1.21441,-0.61086,0.040689,19,32765
1.22123,-0.61951,0.0414357,19,32765
1.21021,-0.619108,0.0412493,19,32765
1.20811,-0.623162,0.0417115,19,32765
1.19714,-0.622591,0.0417878,19,32765
1.20391,-0.631181,0.0425629,18,32765
1.19294,-0.630533,0.0425576,19,32765
1.20844,-0.643951,0.0434945,20,32765
1.19748,-0.64324,0.0435052,19,32765
1.19529,-0.647242,0.0442344,19,32765
1.18436,-0.646414,0.0441677,18,32765
1.18218,-0.650352,0.0445404,19,32765
1.18876,-0.659099,0.0452184,18,32765
1.20401,-0.672768,0.0462948,19,32765
1.18434,-0.666943,0.0461033,18,32765
1.19083,-0.675738,0.0470483,19,32765
1.18855,-0.679704,0.0474401,18,32765
1.19495,-0.688603,0.0481752,19,32765
1.18402,-0.687509,0.0483132,19,32765
1.16446,-0.681333,0.0480713,19,32765
1.15354,-0.680146,0.0483479,19,32765
1.1598,-0.689164,0.0490647,19,32765
1.21751,-0.728943,0.0521515,18,32765
1.16372,-0.701995,0.0506452,20,32765
1.16997,-0.71093,0.0514607,19,32765
1.15911,-0.709504,0.0516013,19,32765
1.13975,-0.7028,0.0513936,18,32765
1.13744,-0.706493,0.0519313,19,32765
1.16898,-0.73142,0.054009,19,32765
1.14966,-0.72456,0.0538353,19,32765
1.13881,-0.722975,0.054015,19,32765
1.15322,-0.737506,0.0553961,19,32765
1.12558,-0.725033,0.0548202,19,32765
1.13152,-0.734203,0.0557109,19,32765
1.12909,-0.737887,0.0564259,18,32765
1.1433,-0.752593,0.0579594,18,32765
1.12416,-0.745269,0.057718,19,32765
1.13003,-0.75444,0.0587675,19,32765
1.11925,-0.752521,0.0591077,19,32765
1.12503,-0.761763,0.0602019,19,32765
1.139,-0.776692,0.0617918,19,32765
1.13638,-0.780467,0.0625127,19,32765
1.11738,-0.772774,0.0623753,19,32765
1.13943,-0.793503,0.0645021,19,32765
1.1123,-0.779947,0.0638838,20,32765
1.12602,-0.795101,0.065551,19,32765
1.10709,-0.787191,0.0654467,20,32765
1.11262,-0.796557,0.066815,20,32765
1.08573,-0.782567,0.066187,21,32765
1.10743,-0.803615,0.0686037,20,32765
1.08055,-0.789532,0.0681214,20,32765
1.3851,-0.428882,0.00771127,21,32765
1.40279,-0.439336,0.00871254,20,32765
1.37276,-0.434792,0.00921816,20,32765
1.3999,-0.448432,0.00998944,20,32765
1.37937,-0.446898,0.0105287,21,32765
1.34939,-0.442088,0.0107665,20,32765
1.36691,-0.452803,0.0114914,20,32765
1.38439,-0.463597,0.0122479,21,32765
1.36389,-0.461783,0.0126903,21,32765
1.37182,-0.469506,0.0133051,21,32765
1.37024,-0.474088,0.0136912,21,32765
1.34034,-0.468709,0.013838,21,32765
1.36706,-0.483142,0.0146888,21,32765
1.35605,-0.48425,0.0151175,21,32765
1.35444,-0.488711,0.0155421,21,32765
1.34341,-0.489789,0.0157185,21,32765
1.33239,-0.490792,0.0162099,21,32765
1.34012,-0.498689,0.0167945,21,32765
1.32909,-0.499636,0.0170955,21,32765
1.35545,-0.514712,0.0178549,22,32765
1.33503,-0.512128,0.0179507,21,32765
1.31464,-0.509394,0.0181809,20,32765
1.32224,-0.517422,0.0187166,21,32765
1.3298,-0.525522,0.01918,21,32765
1.31876,-0.526211,0.0195319,21,32765
1.32626,-0.534354,0.019986,20,32765
1.3152,-0.535007,0.0202064,21,32765
1.31341,-0.539378,0.0206465,21,32765
1.27464,-0.52847,0.0205116,20,32765
1.31897,-0.552048,0.0216166,21,32765
1.28945,-0.544855,0.0214092,21,32765
1.2784,-0.545275,0.0216775,20,32765
1.29493,-0.557459,0.0223596,21,32765
1.28389,-0.55778,0.0225336,20,32765
1.28201,-0.562059,0.023007,20,32765
1.26184,-0.558251,0.0228994,19,32765
1.27822,-0.570611,0.0235859,20,32765
1.28539,-0.579045,0.0240668,20,32765
1.247,-0.566859,0.0238693,20,32765
1.25416,-0.575234,0.0243047,20,32765
1.25218,-0.579516,0.0247826,20,32765
1.25929,-0.587929,0.0252808,20,32765
1.25731,-0.592111,0.025793,20,32765
1.25535,-0.596248,0.0260228,21,32765
1.24433,-0.596122,0.0262391,21,32765
1.23329,-0.595982,0.0264571,20,32765
1.24024,-0.60455,0.0270559,20,32765
1.24714,-0.61319,0.0273298,21,32765
1.24506,-0.617375,0.0278338,21,32765
1.23406,-0.617022,0.028009,20,32765
1.21411,-0.612172,0.0279304,21,32765
1.22092,-0.620841,0.0285842,20,32765
1.20989,-0.620438,0.0284928,20,32765
1.20779,-0.624501,0.028956,20,32765
1.22341,-0.637794,0.0297744,21,32765
1.22128,-0.641839,0.0302478,21,32765
1.22795,-0.650611,0.030785,21,32765
1.22574,-0.654756,0.031097,21,32765
1.22354,-0.658842,0.0314335,21,32765
1.18615,-0.643863,0.0312537,20,32765
1.20154,-0.6574,0.0319803,20,32765
1.19933,-0.661404,0.0323597,20,32765
1.17965,-0.655659,0.0322338,20,32765
1.18619,-0.664443,0.0328792,20,32765
1.16655,-0.658547,0.0328691,19,32765
1.19913,-0.682133,0.0344618,21,32765
1.19683,-0.686136,0.0348576,20,32765
1.18589,-0.685082,0.0349922,20,32765
1.17497,-0.683957,0.0352214,20,32765
1.15544,-0.677739,0.0351646,19,32765
1.17896,-0.696867,0.0365997,19,32765
1.17657,-0.700876,0.0369622,19,32765
1.1485,-0.689353,0.0366661,19,32765
1.16329,-0.703503,0.0379117,19,32765
1.14392,-0.696856,0.0377888,18,32765
1.17571,-0.721485,0.0394418,19,32765
1.18183,-0.73059,0.0403005,18,32765
1.15397,-0.718578,0.0399776,18,32765
1.15158,-0.722368,0.0404985,19,32765
1.14075,-0.720778,0.0408065,19,32765
1.13835,-0.724528,0.0413832,19,32765
1.16116,-0.744485,0.0428891,19,32765
1.12511,-0.726591,0.0422842,19,32765
1.14781,-0.74668,0.0437209,19,32765
1.14533,-0.750428,0.0444476,19,32765
1.12613,-0.7432,0.0444873,19,32765
1.09871,-0.730273,0.0440912,19,32765
1.12123,-0.750502,0.0457118,19,32765
1.13533,-0.76531,0.0471739,19,32765
1.1328,-0.769014,0.0478363,20,32765
1.10549,-0.7558,0.0474741,19,32765
1.1194,-0.770809,0.0488944,19,32765
1.11686,-0.774435,0.0496641,19,32765
1.12251,-0.783767,0.0507706,19,32765
1.1036,-0.775876,0.0507987,19,32765
1.10918,-0.785262,0.0518934,20,32765
1.09843,-0.783083,0.0523525,19,32765
1.09586,-0.786616,0.0532278,18,32765
1.1014,-0.795956,0.0544708,19,32765
1.09881,-0.799466,0.0554,19,32765
1.09615,-0.803041,0.0564363,19,32765
1.39479,-0.431243,0.0134065,19,32765
1.37429,-0.429845,0.0129184,19,32765
1.37287,-0.434344,0.0126724,20,32765
1.38099,-0.441816,0.0124716,19,32765
1.35102,-0.43705,0.0119975,20,32765
1.34959,-0.441419,0.0120113,20,32765
1.35765,-0.448938,0.0120034,20,32765
1.33721,-0.447018,0.0117497,20,32765
1.37358,-0.464353,0.0118756,20,32765
1.34362,-0.4593,0.0117499,20,32765
1.37042,-0.473607,0.0120051,19,32765
1.34055,-0.468164,0.0118079,19,32765
1.32962,-0.46913,0.0116425,20,32765
1.35634,-0.483533,0.0119538,20,32765
1.34533,-0.484609,0.0119724,21,32765
1.3343,-0.485693,0.0120742,20,32765
1.33266,-0.490174,0.0120422,20,32765
1.32166,-0.491087,0.0121449,20,32765
1.32003,-0.49546,0.0123729,20,32765
1.31839,-0.499794,0.0123434,20,32765
1.28871,-0.493441,0.0123783,20,32765
1.30571,-0.504929,0.0126939,20,32765
1.31336,-0.512846,0.0130387,21,32765
1.28375,-0.506178,0.012926,20,32765
1.30065,-0.517812,0.0133778,20,32765
1.28964,-0.518399,0.0135267,20,32765
1.29716,-0.526471,0.0138508,20,32765
1.28615,-0.526983,0.0139748,20,32765
1.30284,-0.538969,0.0144993,20,32765
1.2918,-0.539487,0.0146283,20,32765
1.28076,-0.539934,0.01485,20,32765
1.29737,-0.552002,0.0153949,21,32765
1.25878,-0.540502,0.0151976,20,32765
1.29366,-0.560622,0.0159337,21,32765
1.28258,-0.560996,0.0163736,20,32765
1.25323,-0.553206,0.0163367,21,32765
1.2605,-0.561486,0.0165645,20,32765
1.24948,-0.561612,0.016872,19,32765
1.22937,-0.557554,0.0169227,19,32765
1.26388,-0.578266,0.0178414,20,32765
1.25284,-0.578325,0.0180295,19,32765
1.24184,-0.578272,0.0183169,19,32765
1.25798,-0.590951,0.0188662,19,32765
1.21984,-0.578045,0.0188178,19,32765
1.23592,-0.590774,0.019518,20,32765
1.23392,-0.594918,0.0200559,20,32765
1.23194,-0.599004,0.0202968,20,32765
1.22991,-0.603171,0.020367,20,32765
1.23682,-0.611753,0.0209704,20,32765
1.20789,-0.60255,0.0208638,20,32765
1.18797,-0.597643,0.0210819,20,32765
1.20377,-0.610713,0.021823,21,32765
1.18388,-0.605672,0.0219261,20,32765
1.20852,-0.623337,0.0230116,19,32765
1.20643,-0.627364,0.0234358,20,32765
1.19544,-0.626785,0.0236775,20,32765
1.20216,-0.63547,0.024454,21,32765
1.19113,-0.634892,0.0249283,20,32765
1.19779,-0.643614,0.0257089,20,32765
1.18684,-0.642843,0.0257028,21,32765
1.21102,-0.661141,0.0267336,20,32765
1.17376,-0.6459,0.0264548,20,32765
1.1891,-0.659476,0.0272553,20,32765
1.18689,-0.663417,0.0277613,20,32765
1.18466,-0.667371,0.0282752,20,32765
1.17372,-0.666377,0.0285078,19,32765
1.1541,-0.660412,0.0284593,20,32765
1.16921,-0.674223,0.0293254,19,32765
1.17561,-0.683118,0.0300166,20,32765
1.14744,-0.671862,0.0298478,19,32765
1.17102,-0.690916,0.0308889,19,32765
1.15151,-0.6846,0.030784,19,32765
1.14924,-0.688387,0.0313116,19,32765
1.14693,-0.6922,0.0316535,19,32765
1.14462,-0.695998,0.0320668,18,32765
1.15084,-0.704984,0.0326325,18,32765
1.15698,-0.714061,0.0332878,18,32765
1.12066,-0.696736,0.0327202,17,32765
1.15224,-0.721644,0.0342035,17,32765
1.14139,-0.720112,0.0342994,18,32765
1.17276,-0.745297,0.0356792,18,32765
1.16185,-0.743783,0.0357674,18,32765
1.13423,-0.731287,0.0353623,18,32765
1.13186,-0.734919,0.035789,18,32765
1.12112,-0.73308,0.0357814,18,32765
1.13543,-0.747692,0.0367274,18,32765
1.15796,-0.767983,0.0378097,19,32765
1.10555,-0.738457,0.0366073,19,32765
1.13625,-0.764463,0.0379756,18,32765
1.10888,-0.751385,0.0375256,18,32765
1.0899,-0.743731,0.0373015,18,32765
1.10394,-0.758587,0.0381573,18,32765
1.10149,-0.762137,0.0383264,18,32765
1.08262,-0.754249,0.0381001,18,32765
1.12108,-0.786442,0.0397648,18,32765
1.10221,-0.778514,0.0394101,19,32765
1.09152,-0.776287,0.0393919,18,32765
1.10527,-0.79143,0.040189,19,32765
1.10274,-0.794935,0.0404154,19,32765
1.08404,-0.786687,0.0399002,19,32765
1.10575,-0.80781,0.0407685,18,32765
1.37547,-0.426256,-0.000328294,20,32765
1.40268,-0.439751,-0.000645097,20,32765
1.40123,-0.444353,-0.000895361,20,32765
1.39027,-0.445827,-0.00117914,21,32765
1.36979,-0.444166,-0.0013813,20,32765
1.38734,-0.454837,-0.00138547,21,32765
1.38586,-0.45935,-0.00147903,21,32765
1.39383,-0.46705,-0.00157771,21,32765
1.36382,-0.46215,-0.00175063,21,32765
1.36225,-0.466779,-0.00162803,21,32765
1.35122,-0.468086,-0.00160899,19,32765
1.35913,-0.475787,-0.00156746,21,32765
1.34816,-0.476815,-0.00163915,21,32765
1.35602,-0.484581,-0.00158612,21,32765
1.35441,-0.489055,-0.0014829,21,32765
1.36215,-0.497029,-0.00130286,21,32765
1.34171,-0.494695,-0.00131619,21,32765
1.34006,-0.499132,-0.00112513,21,32765
1.32904,-0.500054,-0.000886693,21,32765
1.32739,-0.504428,-0.000915479,21,32765
1.3257,-0.508842,-0.00060846,22,32765
1.33332,-0.516865,-0.000472634,21,32765
1.3223,-0.517601,-0.000212554,21,32765
1.33918,-0.529328,-4.27281e-05,21,32765
1.31885,-0.526344,0.000227077,21,32765
1.30781,-0.526995,0.00047435,21,32765
1.32456,-0.538915,0.000713785,22,32765
1.31351,-0.539519,0.00093744,21,32765
1.31168,-0.543964,0.00126412,21,32765
1.29139,-0.540652,0.00147917,21,32765
1.29878,-0.548885,0.00182157,21,32765
1.26935,-0.541423,0.00210792,21,32765
1.29511,-0.557483,0.00240116,21,32765
1.29323,-0.561831,0.00269459,21,32765
1.28215,-0.562206,0.00322924,21,32765
1.28024,-0.566539,0.00355109,21,32765
1.26006,-0.562697,0.00360997,21,32765
1.26728,-0.571038,0.00407087,20,32765
1.27445,-0.57945,0.00440923,21,32765
1.27251,-0.58368,0.00483055,21,32765
1.26146,-0.58377,0.00511582,21,32765
1.26857,-0.592207,0.00558082,21,32765
1.25751,-0.592223,0.00582397,21,32765
1.24648,-0.592162,0.00628857,21,32765
1.27152,-0.60933,0.00686003,21,32765
1.26046,-0.609252,0.00736209,22,32765
1.23146,-0.600291,0.0074463,21,32765
1.23839,-0.608879,0.00757255,21,32765
1.22736,-0.608625,0.00797019,21,32765
1.24317,-0.621736,0.00844726,21,32765
1.2232,-0.616939,0.00886985,21,32765
1.21218,-0.616557,0.00923334,20,32765
1.21897,-0.625226,0.0097416,20,32765
1.208,-0.624675,0.0102623,20,32765
1.23251,-0.642578,0.0109234,21,32765
1.20377,-0.632781,0.0111059,20,32765
1.22813,-0.650881,0.0119663,21,32765
1.18178,-0.63154,0.0121862,20,32765
1.21486,-0.654479,0.0131557,21,32765
1.1863,-0.64422,0.0130539,20,32765
1.16661,-0.638552,0.0133046,20,32765
1.19948,-0.661775,0.014213,21,32765
1.19727,-0.665747,0.0146228,21,32765
1.16016,-0.650172,0.0146918,20,32765
1.2015,-0.678635,0.0157667,21,32765
1.19922,-0.682643,0.0162181,21,32765
1.20557,-0.691682,0.0167276,21,32765
1.17729,-0.68067,0.0168092,21,32765
1.15773,-0.674511,0.0170301,20,32765
1.1641,-0.683423,0.0176591,20,32765
1.17902,-0.697484,0.0182926,21,32765
1.17667,-0.701422,0.018651,21,32765
1.1572,-0.695006,0.0189114,20,32765
1.15487,-0.698855,0.0192571,20,32765
1.144,-0.697484,0.019529,20,32765
1.15873,-0.711722,0.0201506,21,32765
1.15634,-0.715584,0.0205655,20,32765
1.12003,-0.698222,0.0203732,19,32765
1.12618,-0.70723,0.0210097,19,32765
1.13228,-0.716301,0.0215138,20,32765
1.14677,-0.730766,0.0221919,20,32765
1.12751,-0.723764,0.0222018,19,32765
1.12515,-0.727416,0.0225727,19,32765
1.12279,-0.731029,0.0229975,19,32765
1.13715,-0.745605,0.0236035,20,32765
1.12638,-0.743774,0.0238401,19,32765
1.13225,-0.753006,0.0242844,20,32765
1.10484,-0.740028,0.0241797,19,32765
1.11064,-0.749313,0.0246244,18,32765
1.12469,-0.764221,0.0253806,19,32765
1.10567,-0.756604,0.0253498,18,32765
1.1032,-0.760198,0.0256418,18,32765
1.10073,-0.763756,0.0258125,18,32765
1.09825,-0.767303,0.0261648,18,32765
1.12029,-0.788111,0.0269736,18,32765
1.10142,-0.780166,0.0268071,19,32765
1.10701,-0.789544,0.0272849,18,32765
1.07197,-0.76978,0.026687,18,32765
1.07761,-0.779046,0.027112,18,32765
1.09938,-0.800119,0.0278055,19,32765
1.07264,-0.785884,0.0271695,18,32765
1.36674,-0.420148,-0.0200295,20,32765
1.394,-0.433558,-0.0196371,19,32765
1.38305,-0.435099,-0.0188228,20,32765
1.36257,-0.433563,-0.0178888,19,32765
1.37066,-0.441136,-0.0172639,20,32765
1.37873,-0.448694,-0.016792,20,32765
1.33927,-0.440686,-0.0158408,19,32765
1.34734,-0.44817,-0.0152197,19,32765
1.36482,-0.458967,-0.015009,19,32765
1.37275,-0.466747,-0.0145406,20,32765
1.33335,-0.458355,-0.0135231,19,32765
1.34125,-0.466123,-0.013031,20,32765
1.33025,-0.467303,-0.0126747,19,32765
1.3287,-0.471721,-0.0120357,20,32765
1.31772,-0.472749,-0.0115804,20,32765
1.32557,-0.480471,-0.0109953,20,32765
1.32398,-0.484846,-0.0106403,20,32765
1.32238,-0.48918,-0.0102285,20,32765
1.29267,-0.483027,-0.00956662,20,32765
1.31913,-0.4979,-0.0092837,20,32765
1.32681,-0.505852,-0.00885767,20,32765
1.31575,-0.506774,-0.00841689,20,32765
1.3047,-0.507638,-0.00774933,21,32765
1.28435,-0.504769,-0.00730952,20,32765
1.29195,-0.512763,-0.00695114,20,32765
1.29951,-0.520787,-0.00654357,20,32765
1.28848,-0.521418,-0.00608116,20,32765
1.29601,-0.529458,-0.00580237,20,32765
1.30348,-0.537597,-0.00549103,20,32765
1.27397,-0.530439,-0.00489334,19,32765
1.27218,-0.534734,-0.00447791,20,32765
1.27036,-0.539033,-0.00420885,21,32765
1.26855,-0.543302,-0.00368361,21,32765
1.24834,-0.539673,-0.00320991,21,32765
1.24652,-0.543852,-0.00284562,20,32765
1.27213,-0.560169,-0.00269435,21,32765
1.26109,-0.5604,-0.00216501,20,32765
1.2501,-0.560485,-0.00176179,20,32765
1.24823,-0.564644,-0.00136775,20,32765
1.2463,-0.56888,-0.000921117,20,32765
1.23527,-0.568948,-0.000618603,20,32765
1.25146,-0.581589,-0.000219618,21,32765
1.23139,-0.5773,0.000130241,21,32765
1.22948,-0.581361,0.000652445,20,32765
1.22752,-0.585479,0.000748596,21,32765
1.22558,-0.589545,0.00114851,21,32765
1.2146,-0.589277,0.00164687,20,32765
1.21259,-0.593395,0.00157818,20,32765
1.21957,-0.601871,0.0019068,21,32765
1.20858,-0.601514,0.00252833,21,32765
1.20658,-0.605524,0.00275693,21,32765
1.2224,-0.618564,0.00316644,21,32765
1.20249,-0.613602,0.00356,21,32765
1.1915,-0.613124,0.00389198,20,32765
1.19826,-0.62181,0.00429824,20,32765
1.19616,-0.62585,0.00484173,21,32765
1.16752,-0.615858,0.0051936,20,32765
1.20076,-0.638542,0.00575094,20,32765
1.20735,-0.647421,0.00654475,20,32765
1.18761,-0.64191,0.00680611,20,32765
1.16788,-0.636327,0.00720219,20,32765
1.2008,-0.659479,0.00783032,21,32765
1.18108,-0.653819,0.00815442,20,32765
1.1789,-0.657735,0.00856238,20,32765
1.17671,-0.661645,0.00900579,20,32765
1.14843,-0.650706,0.00925947,20,32765
1.1723,-0.66942,0.00987898,20,32765
1.17007,-0.673298,0.0104489,20,32765
1.18512,-0.687212,0.0111056,21,32765
1.15694,-0.675996,0.0113226,21,32765
1.15466,-0.679877,0.0117825,21,32765
1.13517,-0.673528,0.0121933,20,32765
1.15009,-0.687552,0.0128784,21,32765
1.15636,-0.696523,0.0135129,19,32765
1.14551,-0.695131,0.0139735,19,32765
1.14321,-0.698902,0.0145146,20,32765
1.12388,-0.692159,0.0148301,20,32765
1.13859,-0.706383,0.0156506,20,32765
1.13628,-0.710072,0.0163335,20,32765
1.11702,-0.703126,0.0166666,19,32765
1.11472,-0.706755,0.0172681,20,32765
1.12078,-0.715841,0.0178744,19,32765
1.12684,-0.724902,0.0187104,20,32765
1.14123,-0.739458,0.0196483,19,32765
1.12205,-0.732259,0.0200163,19,32765
1.11127,-0.730452,0.0205324,20,32765
1.10883,-0.734125,0.0212611,19,32765
1.11471,-0.743333,0.021998,19,32765
1.11225,-0.74699,0.0227058,18,32765
1.08494,-0.733807,0.0228932,18,32765
1.11562,-0.759804,0.0243397,19,32765
1.09664,-0.752105,0.0247141,17,32765
1.08597,-0.749959,0.0252346,18,32765
1.09994,-0.764878,0.0264514,18,32765
1.11379,-0.779939,0.0277107,18,32765
1.11123,-0.783559,0.0284606,18,32765
1.06786,-0.758266,0.0282859,18,32765
1.09791,-0.784984,0.030064,18,32765
1.07098,-0.771022,0.0302846,18,32765
1.07658,-0.780306,0.0314959,18,32765
1.0902,-0.795528,0.0329949,19,32765
1.38529,-0.426975,-0.0339436,20,32765
1.37435,-0.428572,-0.0329075,20,32765
1.40156,-0.442082,-0.0329033,21,32765
1.3525,-0.431488,-0.0311139,19,32765
1.37962,-0.445186,-0.0310154,21,32765
1.35916,-0.443486,-0.0300033,21,32765
1.3767,-0.454192,-0.0299204,22,32765
1.37524,-0.458651,-0.0291708,21,32765
1.37373,-0.463176,-0.028742,23,32765
1.36272,-0.464551,-0.0279744,21,32765
1.39897,-0.482171,-0.0281038,22,32765
1.36902,-0.477019,-0.0269329,22,32765
1.33913,-0.471653,-0.0261084,21,32765
1.36582,-0.48617,-0.0260021,22,32765
1.35479,-0.487325,-0.0254414,21,32765
1.33441,-0.48494,-0.0244148,20,32765
1.36096,-0.499694,-0.0245646,21,32765
1.34994,-0.500683,-0.0239739,21,32765
1.32956,-0.498116,-0.0231829,21,32765
1.31856,-0.498989,-0.0225279,20,32765
1.32624,-0.506957,-0.022195,21,32765
1.33383,-0.515084,-0.0219666,20,32765
1.33207,-0.519647,-0.0213448,21,32765
1.32099,-0.520532,-0.0208559,20,32765
1.31924,-0.524971,-0.0204348,20,32765
1.31748,-0.529377,-0.0199698,21,32765
1.30643,-0.530071,-0.0194066,21,32765
1.30467,-0.5344,-0.0190807,20,32765
1.32135,-0.546408,-0.0189926,20,32765
1.28261,-0.535443,-0.0179761,20,32765
1.29922,-0.547544,-0.0178093,21,32765
1.26976,-0.540203,-0.0171603,20,32765
1.2955,-0.556316,-0.0169957,21,32765
1.28443,-0.55675,-0.0164415,21,32765
1.30088,-0.569075,-0.016295,21,32765
1.28064,-0.56542,-0.0158488,21,32765
1.2696,-0.565682,-0.0152209,21,32765
1.26771,-0.569896,-0.0148267,21,32765
1.2567,-0.569994,-0.0143221,21,32765
1.27294,-0.582593,-0.0140723,21,32765
1.27095,-0.586946,-0.0137666,21,32765
1.25081,-0.582843,-0.0131608,21,32765
1.26694,-0.59556,-0.0129936,22,32765
1.26497,-0.599749,-0.012455,21,32765
1.2449,-0.595368,-0.0121783,21,32765
1.24292,-0.599502,-0.0117714,21,32765
1.24091,-0.603668,-0.0112523,21,32765
1.23885,-0.607885,-0.0113211,21,32765
1.23681,-0.612034,-0.0109984,21,32765
1.23474,-0.616202,-0.0103477,21,32765
1.23269,-0.620309,-0.0101128,21,32765
1.23061,-0.624416,-0.00974028,21,32765
1.21959,-0.624027,-0.00922226,21,32765
1.22634,-0.632779,-0.00891932,22,32765
1.20642,-0.627757,-0.00840885,21,32765
1.21315,-0.636481,-0.00791804,21,32765
1.21101,-0.640554,-0.00744003,21,32765
1.20003,-0.639907,-0.00698458,21,32765
1.1978,-0.644069,-0.00623751,21,32765
1.20445,-0.652811,-0.00591996,21,32765
1.20225,-0.656865,-0.00540695,21,32765
1.2088,-0.665711,-0.00503066,21,32765
1.18033,-0.655214,-0.00448169,21,32765
1.1956,-0.668903,-0.00413286,21,32765
1.17594,-0.663055,-0.00362791,21,32765
1.18246,-0.671853,-0.00318605,21,32765
1.15416,-0.660907,-0.00271153,20,32765
1.19527,-0.689725,-0.00222976,21,32765
1.18432,-0.688674,-0.00171044,22,32765
1.14752,-0.672379,-0.00120251,20,32765
1.17108,-0.691491,-0.00076163,21,32765
1.16017,-0.690299,-0.000154869,21,32765
1.17502,-0.704438,0.000355608,21,32765
1.17267,-0.708343,0.000903241,21,32765
1.1447,-0.696606,0.00144531,20,32765
1.17649,-0.721292,0.00204692,21,32765
1.14008,-0.704136,0.00252906,20,32765
1.13776,-0.70788,0.00312606,21,32765
1.12698,-0.706266,0.00378158,20,32765
1.15848,-0.731305,0.00449534,21,32765
1.13077,-0.718983,0.0050087,20,32765
1.13678,-0.728144,0.00553,21,32765
1.1428,-0.737278,0.00628418,21,32765
1.1236,-0.730125,0.00684191,20,32765
1.09609,-0.717379,0.00733212,20,32765
1.11041,-0.731996,0.00811072,20,32765
1.12463,-0.74674,0.00897352,20,32765
1.12215,-0.750462,0.00955622,20,32765
1.11137,-0.748568,0.0101944,20,32765
1.10891,-0.752196,0.0109072,20,32765
1.10647,-0.755768,0.0116504,20,32765
1.08752,-0.748025,0.012207,20,32765
1.10975,-0.768622,0.0132081,21,32765
1.09084,-0.760772,0.0138418,19,32765
1.08833,-0.764343,0.0146883,20,32765
1.10215,-0.779437,0.0156548,20,32765
1.07513,-0.765665,0.0161863,19,32765
1.09699,-0.786638,0.0174698,20,32765
1.0863,-0.784354,0.0182435,19,32765
1.07568,-0.78195,0.0190904,19,32765
1.05701,-0.773584,0.0197993,18,32765
1.36646,-0.420586,-0.0281285,21,32765
1.38417,-0.430975,-0.0288001,21,32765
1.43997,-0.453498,-0.0303706,21,32765
1.39086,-0.442987,-0.0293392,19,32765
1.36085,-0.438356,-0.0289352,21,32765
1.35939,-0.442844,-0.0289733,21,32765
1.34843,-0.444194,-0.0289555,21,32765
1.33745,-0.445538,-0.0288318,21,32765
1.34546,-0.453109,-0.0288564,21,32765
1.35342,-0.460759,-0.0291354,22,32765
1.36138,-0.468385,-0.0291828,21,32765
1.33152,-0.462967,-0.0286841,21,32765
1.34885,-0.474,-0.0286833,21,32765
1.32841,-0.471843,-0.0282357,20,32765
1.34562,-0.483094,-0.028553,21,32765
1.3346,-0.484202,-0.0281766,20,32765
1.32361,-0.485157,-0.0278364,20,32765
1.35014,-0.499929,-0.0282756,20,32765
1.32976,-0.497352,-0.0277128,19,32765
1.31874,-0.498261,-0.0273597,20,32765
1.30774,-0.4991,-0.0269095,20,32765
1.31538,-0.507095,-0.026975,20,32765
1.27641,-0.496995,-0.0258536,20,32765
1.31198,-0.515865,-0.0263575,20,32765
1.29167,-0.512846,-0.0257908,20,32765
1.28998,-0.51712,-0.0253811,20,32765
1.28824,-0.521435,-0.0252343,20,32765
1.26799,-0.518174,-0.0245388,19,32765
1.2755,-0.526228,-0.0244075,19,32765
1.26447,-0.526734,-0.0240289,20,32765
1.29033,-0.542644,-0.0242089,20,32765
1.28849,-0.547005,-0.0238352,21,32765
1.26828,-0.543433,-0.0231627,20,32765
1.27565,-0.55161,-0.0230754,20,32765
1.26464,-0.551877,-0.0226179,20,32765
1.26279,-0.55612,-0.0220971,20,32765
1.25177,-0.556341,-0.021617,20,32765
1.26812,-0.56877,-0.0214338,21,32765
1.2571,-0.568921,-0.0207477,20,32765
1.28246,-0.585638,-0.0208978,20,32765
1.27141,-0.585764,-0.0201972,20,32765
1.23319,-0.57312,-0.0194386,21,32765
1.24938,-0.585732,-0.0192776,21,32765
1.2474,-0.589934,-0.0189446,21,32765
1.21833,-0.581248,-0.0180093,21,32765
1.21637,-0.58534,-0.017642,21,32765
1.24142,-0.602457,-0.017602,21,32765
1.2394,-0.606615,-0.0175097,21,32765
1.21943,-0.601916,-0.0166659,21,32765
1.21738,-0.606058,-0.0163947,21,32765
1.21531,-0.610222,-0.015987,21,32765
1.22216,-0.618867,-0.0154541,21,32765
1.19332,-0.609411,-0.0145562,21,32765
1.19126,-0.613424,-0.0142406,21,32765
1.20695,-0.626643,-0.0140709,21,32765
1.22256,-0.639967,-0.0139687,21,32765
1.21159,-0.639346,-0.0133747,21,32765
1.16529,-0.619952,-0.0124129,20,32765
1.18958,-0.638177,-0.0117069,20,32765
1.17867,-0.637354,-0.0110123,21,32765
1.18528,-0.646139,-0.0105906,21,32765
1.17435,-0.645284,-0.0100286,21,32765
1.17219,-0.649212,-0.00954429,21,32765
1.17001,-0.653145,-0.00909741,21,32765
1.16782,-0.657048,-0.00868109,21,32765
1.17434,-0.665854,-0.00824276,21,32765
1.17209,-0.669805,-0.00780655,21,32765
1.1612,-0.668709,-0.00732674,21,32765
1.15032,-0.667546,-0.00679149,21,32765
1.16535,-0.681482,-0.00652506,21,32765
1.16308,-0.685355,-0.00602249,20,32765
1.1178,-0.663705,-0.00529562,20,32765
1.1499,-0.687971,-0.00508667,21,32765
1.13046,-0.681497,-0.00455808,20,32765
1.12816,-0.685304,-0.00410781,20,32765
1.13443,-0.69423,-0.0037602,20,32765
1.13214,-0.697964,-0.00326315,20,32765
1.12982,-0.701708,-0.00297549,20,32765
1.13602,-0.710669,-0.00251804,20,32765
1.13367,-0.714416,-0.00210957,20,32765
1.11444,-0.707402,-0.00163527,21,32765
1.12053,-0.716453,-0.00137269,20,32765
1.11816,-0.720147,-0.000917358,21,32765
1.12419,-0.729249,-0.000515332,21,32765
1.10502,-0.722028,-0.000122218,21,32765
1.11101,-0.731141,0.000191697,21,32765
1.09192,-0.723749,0.000597255,20,32765
1.09787,-0.732864,0.000925494,20,32765
1.12036,-0.753194,0.00129562,20,32765
1.10132,-0.745645,0.00157855,20,32765
1.09064,-0.743577,0.00200745,20,32765
1.08822,-0.747103,0.00233012,21,32765
1.08581,-0.750611,0.00252706,20,32765
1.10801,-0.771231,0.00292107,21,32765
1.09731,-0.769091,0.00313956,20,32765
1.07848,-0.761103,0.00343359,20,32765
1.10045,-0.781983,0.00369983,20,32765
1.07356,-0.768026,0.00387453,20,32765
1.06301,-0.765564,0.00407626,20,32765
1.09287,-0.79254,0.00428502,19,32765
1.04991,-0.766603,0.00431077,20,32765
1.41358,-0.436271,-0.0430237,21,32765
1.39306,-0.434922,-0.0427213,21,32765
1.38209,-0.436456,-0.0427912,20,32765
1.34258,-0.428776,-0.041585,18,32765
1.3792,-0.445483,-0.0429653,21,32765
1.39672,-0.45625,-0.043596,21,32765
1.37622,-0.454593,-0.0431904,21,32765
1.36521,-0.456034,-0.0429734,20,32765
1.38265,-0.466913,-0.0433844,20,32765
1.35272,-0.461786,-0.0425676,21,32765
1.40791,-0.485727,-0.0441908,16,32765
1.36856,-0.47716,-0.0431157,21,32765
1.37641,-0.48502,-0.042996,21,32765
1.36535,-0.486306,-0.0426526,21,32765
1.3637,-0.490937,-0.0425672,21,32765
1.35265,-0.492109,-0.0420933,21,32765
1.33226,-0.489679,-0.0413649,21,32765
1.32126,-0.490596,-0.0409227,20,32765
1.32901,-0.49845,-0.0410417,20,32765
1.32734,-0.502902,-0.0408816,21,32765
1.33499,-0.510918,-0.0409068,22,32765
1.33326,-0.51542,-0.0407772,22,32765
1.34084,-0.523538,-0.040687,22,32765
1.3205,-0.520665,-0.0398682,21,32765
1.31876,-0.525064,-0.0396701,21,32765
1.3263,-0.533167,-0.0395269,21,32765
1.29672,-0.526337,-0.0385487,21,32765
1.31346,-0.538261,-0.0387539,21,32765
1.31165,-0.542665,-0.0384334,20,32765
1.28212,-0.53559,-0.0374155,20,32765
1.28952,-0.543829,-0.0373375,21,32765
1.29688,-0.552113,-0.0372268,21,32765
1.26747,-0.544617,-0.0361016,20,32765
1.27483,-0.552811,-0.0361069,20,32765
1.27298,-0.557084,-0.0358122,20,32765
1.2894,-0.569443,-0.0357944,21,32765
1.2692,-0.565687,-0.0349609,20,32765
1.26728,-0.570004,-0.0344611,20,32765
1.27447,-0.578417,-0.0341683,20,32765
1.24523,-0.570256,-0.0331427,20,32765
1.25239,-0.578645,-0.032839,20,32765
1.25953,-0.587028,-0.0328902,20,32765
1.25757,-0.59125,-0.032439,21,32765
1.25557,-0.595491,-0.0321024,20,32765
1.27159,-0.60839,-0.0320166,21,32765
1.24253,-0.599636,-0.0309586,21,32765
1.25852,-0.612504,-0.0309679,21,32765
1.22954,-0.603514,-0.0302113,21,32765
1.24543,-0.616516,-0.0300483,21,32765
1.23439,-0.61629,-0.0295556,21,32765
1.23227,-0.620524,-0.0291407,21,32765
1.23908,-0.629247,-0.0286909,22,32765
1.23692,-0.633504,-0.0281094,21,32765
1.21702,-0.628499,-0.0273809,21,32765
1.22377,-0.637218,-0.0271917,21,32765
1.20392,-0.632039,-0.0264917,20,32765
1.2195,-0.645388,-0.0263837,21,32765
1.19085,-0.635394,-0.0253245,21,32765
1.21507,-0.653749,-0.0248763,21,32765
1.19533,-0.648245,-0.0238978,21,32765
1.18435,-0.647515,-0.0232169,20,32765
1.18218,-0.651483,-0.0227286,20,32765
1.18874,-0.660303,-0.0224042,21,32765
1.17779,-0.659418,-0.021788,21,32765
1.193,-0.673184,-0.0216839,21,32765
1.17338,-0.667266,-0.020863,21,32765
1.17113,-0.671225,-0.0204255,21,32765
1.16889,-0.675126,-0.019999,21,32765
1.18393,-0.689078,-0.019799,21,32765
1.18162,-0.693042,-0.0194236,21,32765
1.1707,-0.691891,-0.0187743,21,32765
1.1512,-0.685572,-0.0179776,21,32765
1.14891,-0.689424,-0.0176043,20,32765
1.14659,-0.693283,-0.0171435,21,32765
1.16132,-0.70756,-0.0169341,21,32765
1.15899,-0.711386,-0.0165454,21,32765
1.13113,-0.699434,-0.0156821,21,32765
1.1288,-0.703185,-0.015393,20,32765
1.12652,-0.70685,-0.0149154,20,32765
1.14108,-0.72126,-0.0147268,21,32765
1.13872,-0.724999,-0.0142725,21,32765
1.1279,-0.723356,-0.0138883,20,32765
1.12551,-0.727084,-0.0134281,21,32765
1.1315,-0.736232,-0.0131149,21,32765
1.13742,-0.745466,-0.0128135,21,32765
1.10993,-0.732672,-0.0122145,21,32765
1.11583,-0.741872,-0.0118871,21,32765
1.1134,-0.745524,-0.0115569,21,32765
1.10266,-0.743586,-0.0111253,21,32765
1.0754,-0.730348,-0.0105775,20,32765
1.11429,-0.762063,-0.0105321,21,32765
1.12005,-0.771348,-0.0102761,21,32765
1.10112,-0.763572,-0.00992335,21,32765
1.09046,-0.761388,-0.00951616,21,32765
1.09615,-0.770691,-0.00934592,21,32765
1.06916,-0.756908,-0.00879683,20,32765
1.07484,-0.766194,-0.00867825,20,32765
1.08864,-0.781281,-0.00854727,21,32765
1.09427,-0.790577,-0.00837125,21,32765
1.06739,-0.776535,-0.00810093,20,32765
1.06486,-0.780009,-0.00791187,20,32765
1.36601,-0.418563,-0.0609718,19,32765
1.42191,-0.440844,-0.062732,19,32765
1.37286,-0.430433,-0.0599487,19,32765
1.4477,-0.458974,-0.0624976,16,32765
1.37009,-0.439337,-0.0585579,19,32765
1.37814,-0.447014,-0.0583604,20,32765
1.35769,-0.44536,-0.056889,20,32765
1.32778,-0.440388,-0.0551942,20,32765
1.36427,-0.457392,-0.0561426,20,32765
1.36279,-0.46185,-0.055679,20,32765
1.38021,-0.472758,-0.0558965,19,32765
1.33144,-0.460984,-0.0535178,19,32765
1.34876,-0.472084,-0.0537633,20,32765
1.32833,-0.470017,-0.0522363,21,32765
1.33613,-0.477935,-0.0522919,20,32765
1.29695,-0.468826,-0.0502209,19,32765
1.33294,-0.486893,-0.0511311,20,32765
1.34069,-0.4948,-0.0511778,20,32765
1.42335,-0.530651,-0.0537198,16,32765
1.3187,-0.496686,-0.049348,21,32765
1.29836,-0.494006,-0.0482589,20,32765
1.31536,-0.505552,-0.0484717,20,32765
1.28573,-0.499081,-0.0470529,20,32765
1.30269,-0.510658,-0.047261,20,32765
1.2917,-0.511328,-0.0464843,21,32765
1.2807,-0.51197,-0.0456324,21,32765
1.30678,-0.527548,-0.0461544,20,32765
1.29574,-0.528207,-0.0453225,21,32765
1.27548,-0.524955,-0.0443308,20,32765
1.28293,-0.533142,-0.0442212,20,32765
1.29036,-0.541322,-0.0440164,20,32765
1.31615,-0.557369,-0.0445631,20,32765
1.26829,-0.542245,-0.0425751,20,32765
1.26646,-0.546541,-0.0421141,20,32765
1.24627,-0.542874,-0.041074,19,32765
1.25361,-0.55109,-0.0408723,20,32765
1.27917,-0.567468,-0.0413368,19,32765
1.25901,-0.563618,-0.0403491,20,32765
1.23891,-0.559588,-0.0395793,20,32765
1.25521,-0.572076,-0.0396853,20,32765
1.26237,-0.580495,-0.0393872,20,32765
1.25135,-0.580546,-0.0386545,20,32765
1.24937,-0.584808,-0.0382479,20,32765
1.25642,-0.59334,-0.0381132,21,32765
1.23636,-0.589006,-0.0370746,20,32765
1.22538,-0.58883,-0.0363123,19,32765
1.2054,-0.584246,-0.0354334,19,32765
1.21241,-0.592724,-0.0352202,20,32765
1.21937,-0.601244,-0.0351341,20,32765
1.21732,-0.605408,-0.0346837,20,32765
1.22423,-0.61398,-0.0345194,21,32765
1.20432,-0.609093,-0.0335168,21,32765
1.19335,-0.608633,-0.0328886,20,32765
1.21796,-0.626392,-0.0331931,20,32765
1.20696,-0.625924,-0.032579,20,32765
1.18717,-0.620676,-0.0315572,21,32765
1.20277,-0.633994,-0.0314652,21,32765
1.20949,-0.642694,-0.0313584,20,32765
1.18092,-0.632544,-0.0301992,21,32765
1.1964,-0.646006,-0.0301793,20,32765
1.20302,-0.654782,-0.029956,20,32765
1.17452,-0.644415,-0.028723,21,32765
1.1811,-0.653219,-0.0284302,20,32765
1.17888,-0.65723,-0.0280254,20,32765
1.15924,-0.651415,-0.0270618,20,32765
1.16577,-0.660196,-0.0266914,20,32765
1.16359,-0.664064,-0.0261624,20,32765
1.16138,-0.667937,-0.0257028,21,32765
1.15052,-0.666775,-0.025012,21,32765
1.16555,-0.68072,-0.0249033,21,32765
1.16329,-0.684586,-0.0242301,20,32765
1.16101,-0.688475,-0.0236562,21,32765
1.15016,-0.687169,-0.0229657,21,32765
1.14792,-0.69092,-0.0223787,21,32765
1.14566,-0.694688,-0.021805,21,32765
1.14339,-0.698437,-0.0212284,20,32765
1.12403,-0.69177,-0.0203121,20,32765
1.13875,-0.70601,-0.0200396,21,32765
1.1449,-0.715068,-0.0195797,20,32765
1.13407,-0.713535,-0.0188517,20,32765
1.12329,-0.711901,-0.0180205,21,32765
1.12095,-0.715591,-0.017403,20,32765
1.12703,-0.724649,-0.0168306,21,32765
1.12466,-0.728343,-0.0161916,20,32765
1.10552,-0.721103,-0.0153243,21,32765
1.11151,-0.730219,-0.0146937,21,32765
1.09242,-0.722857,-0.013778,20,32765
1.115,-0.743101,-0.0133685,22,32765
1.07104,-0.718899,-0.0121537,20,32765
1.09351,-0.739251,-0.0117011,20,32765
1.10764,-0.754056,-0.0111599,20,32765
1.08042,-0.74073,-0.0101326,21,32765
1.07801,-0.744255,-0.00935974,20,32765
1.09203,-0.759142,-0.00871519,20,32765
1.08952,-0.762749,-0.00787131,20,32765
1.07888,-0.760511,-0.007063,20,32765
1.06825,-0.75823,-0.0061222,21,32765
1.07399,-0.767407,-0.00528695,20,32765
1.08773,-0.782571,-0.00447444,20,32765
1.07699,-0.780375,-0.00340667,20,32765
1.07442,-0.783906,-0.00231242,20,32765
1.40323,-0.431268,-0.0764732,20,32765
1.37322,-0.427036,-0.0741407,20,32765
1.41952,-0.446405,-0.0760127,20,32765
1.3515,-0.429764,-0.071711,18,32765
1.37863,-0.443403,-0.0725705,21,32765
1.37716,-0.448037,-0.0719656,21,32765
1.38519,-0.455742,-0.0717809,21,32765
1.37423,-0.457156,-0.0707692,21,32765
1.3633,-0.458433,-0.069652,21,32765
1.4091,-0.478971,-0.0715899,21,32765
1.37922,-0.473829,-0.0695918,18,32765
1.34935,-0.468581,-0.06769,21,32765
1.36663,-0.479767,-0.0681151,21,32765
1.37444,-0.487781,-0.0677816,22,32765
1.34456,-0.482383,-0.0660707,21,32765
1.36174,-0.493713,-0.0663657,21,32765
1.35072,-0.494857,-0.065354,21,32765
1.36781,-0.506311,-0.0659407,18,32765
1.31001,-0.48985,-0.0626047,18,32765
1.33641,-0.504855,-0.0634542,22,32765
1.33472,-0.509354,-0.0630529,21,32765
1.32369,-0.51027,-0.062126,21,32765
1.33131,-0.518312,-0.062161,21,32765
1.3017,-0.51179,-0.0603822,21,32765
1.30929,-0.519834,-0.0603671,20,32765
1.32609,-0.531692,-0.0606862,19,32765
1.31503,-0.532462,-0.0597874,21,32765
1.32248,-0.540714,-0.0596921,21,32765
1.31143,-0.54136,-0.0589193,21,32765
1.29115,-0.538158,-0.0576545,20,32765
1.30777,-0.55026,-0.0579467,21,32765
1.27832,-0.542966,-0.056336,20,32765
1.27646,-0.54737,-0.055902,20,32765
1.24711,-0.539797,-0.0542401,18,32765
1.26359,-0.55206,-0.0546006,20,32765
1.27088,-0.560354,-0.0544842,21,32765
1.28726,-0.572766,-0.0548333,21,32765
1.28533,-0.577123,-0.0544265,20,32765
1.25609,-0.569051,-0.0530794,21,32765
1.24508,-0.569163,-0.052221,21,32765
1.25224,-0.577568,-0.0520198,21,32765
1.23218,-0.573371,-0.0508219,20,32765
1.24832,-0.586073,-0.0511615,21,32765
1.26438,-0.598899,-0.0514868,22,32765
1.26236,-0.603203,-0.0509848,22,32765
1.24233,-0.598777,-0.0497564,21,32765
1.2493,-0.607352,-0.0497579,22,32765
1.24724,-0.611599,-0.049265,21,32765
1.25413,-0.620257,-0.0492608,21,32765
1.22519,-0.611169,-0.0477503,20,32765
1.23207,-0.619788,-0.0476753,21,32765
1.21215,-0.614919,-0.0464807,21,32765
1.21897,-0.62359,-0.0464328,21,32765
1.21686,-0.627731,-0.0459998,21,32765
1.20586,-0.627261,-0.0452908,20,32765
1.23033,-0.645209,-0.0457257,22,32765
1.21049,-0.640017,-0.0444995,21,32765
1.19954,-0.639361,-0.0438376,20,32765
1.22384,-0.657542,-0.0443133,21,32765
1.20406,-0.652139,-0.0432003,20,32765
1.1931,-0.651383,-0.0424418,20,32765
1.19091,-0.65542,-0.0418548,21,32765
1.19744,-0.664301,-0.0416467,21,32765
1.18646,-0.6635,-0.0409336,20,32765
1.18423,-0.667517,-0.0403715,21,32765
1.17332,-0.666528,-0.0394953,21,32765
1.16244,-0.665466,-0.0386725,20,32765
1.17754,-0.679336,-0.0387819,21,32765
1.17529,-0.683252,-0.0382704,21,32765
1.18162,-0.69226,-0.0380584,21,32765
1.15351,-0.680945,-0.0365557,20,32765
1.15123,-0.684812,-0.0359847,20,32765
1.16613,-0.69889,-0.0359975,21,32765
1.1553,-0.697537,-0.0351403,20,32765
1.14447,-0.696145,-0.034305,21,32765
1.15072,-0.705124,-0.0339789,21,32765
1.14837,-0.708973,-0.0333645,21,32765
1.13754,-0.707487,-0.0325358,21,32765
1.14368,-0.716563,-0.0321679,21,32765
1.13285,-0.715026,-0.0313453,21,32765
1.13895,-0.724114,-0.0308772,21,32765
1.11973,-0.717084,-0.029801,21,32765
1.109,-0.715322,-0.028883,20,32765
1.09827,-0.713519,-0.0280382,20,32765
1.09593,-0.71713,-0.0274161,21,32765
1.11028,-0.731737,-0.0270867,21,32765
1.11619,-0.740948,-0.0265786,21,32765
1.12206,-0.750202,-0.0260452,21,32765
1.1113,-0.748313,-0.0251074,21,32765
1.09227,-0.740785,-0.0239961,21,32765
1.10638,-0.75562,-0.02364,21,32765
1.09566,-0.753597,-0.0226731,21,32765
1.08498,-0.751489,-0.0217227,20,32765
1.09897,-0.766433,-0.0212573,21,32765
1.09644,-0.770073,-0.0204059,21,32765
1.06945,-0.75631,-0.0192044,20,32765
1.05885,-0.753997,-0.0181762,20,32765
1.07273,-0.768992,-0.0175728,21,32765
1.08645,-0.784187,-0.0169454,20,32765
1.05953,-0.770226,-0.0155461,20,32765
1.07314,-0.785523,-0.0146883,20,32765
1.36554,-0.418906,-0.0686003,19,32765
1.38324,-0.429263,-0.0697668,20,32765
1.38183,-0.433772,-0.0699408,19,32765
1.37088,-0.435224,-0.0696883,16,32765
1.35993,-0.436672,-0.0693731,20,32765
1.35849,-0.441125,-0.0693034,20,32765
1.35703,-0.445607,-0.0693075,20,32765
1.35552,-0.450167,-0.0693621,20,32765
1.3635,-0.457812,-0.0698464,20,32765
1.35254,-0.459053,-0.0693369,20,32765
1.43607,-0.492617,-0.0736295,17,32765
1.34009,-0.464604,-0.068627,20,32765
1.35734,-0.475782,-0.0696413,20,32765
1.33688,-0.47376,-0.0685384,21,32765
1.32587,-0.474939,-0.0678462,20,32765
1.33366,-0.482798,-0.0681545,20,32765
1.32269,-0.483777,-0.0675137,20,32765
1.33982,-0.495087,-0.0683905,18,32765
1.28205,-0.478532,-0.0653083,17,32765
1.30851,-0.493338,-0.066551,20,32765
1.30685,-0.497737,-0.0663464,20,32765
1.3052,-0.50208,-0.0661575,20,32765
1.30351,-0.50646,-0.0659294,21,32765
1.29252,-0.507191,-0.0650985,21,32765
1.28153,-0.507873,-0.0644022,19,32765
1.34476,-0.538133,-0.0673192,18,32765
1.31517,-0.531422,-0.0657108,20,32765
1.29489,-0.52831,-0.0644049,21,32765
1.30233,-0.536529,-0.0646207,20,32765
1.2913,-0.537107,-0.0637866,21,32765
1.28948,-0.541498,-0.0634553,19,32765
1.29689,-0.549678,-0.06346,20,32765
1.30421,-0.55801,-0.0637159,20,32765
1.2565,-0.542587,-0.0609356,16,32765
1.26381,-0.550864,-0.0611331,21,32765
1.2528,-0.551144,-0.0602422,20,32765
1.25095,-0.555386,-0.0598427,20,32765
1.24906,-0.559666,-0.0594515,20,32765
1.2745,-0.576205,-0.0603504,19,32765
1.25438,-0.572203,-0.059195,21,32765
1.26158,-0.58054,-0.0591332,19,32765
1.32309,-0.614196,-0.0616188,17,32765
1.22151,-0.572032,-0.0565636,21,32765
1.23768,-0.584651,-0.0569006,21,32765
1.24476,-0.59309,-0.0568198,21,32765
1.25177,-0.601611,-0.0568916,21,32765
1.24076,-0.601465,-0.0560681,22,32765
1.22974,-0.60133,-0.0550835,21,32765
1.21873,-0.601141,-0.0541128,21,32765
1.20773,-0.600879,-0.0533132,20,32765
1.22356,-0.61396,-0.0535193,21,32765
1.23041,-0.622609,-0.0534181,21,32765
1.20158,-0.613198,-0.0518959,20,32765
1.20841,-0.621833,-0.0517345,20,32765
1.19744,-0.621329,-0.0509048,21,32765
1.18651,-0.620713,-0.0500168,20,32765
1.19328,-0.629356,-0.0498544,20,32765
1.19997,-0.638116,-0.0497543,20,32765
1.18904,-0.63742,-0.0488308,21,32765
1.19571,-0.64615,-0.0486319,20,32765
1.17601,-0.640584,-0.0474877,20,32765
1.1914,-0.65413,-0.0476307,20,32765
1.18046,-0.653306,-0.0468956,20,32765
1.17828,-0.657279,-0.0463484,20,32765
1.17608,-0.661242,-0.0458119,20,32765
1.16519,-0.660233,-0.0449046,20,32765
1.16303,-0.664081,-0.0442709,20,32765
1.16079,-0.668012,-0.0439089,20,32765
1.16721,-0.676909,-0.0437524,21,32765
1.1563,-0.675805,-0.0429816,20,32765
1.14544,-0.674612,-0.0421061,19,32765
1.14318,-0.678456,-0.0415692,20,32765
1.14948,-0.687437,-0.041508,21,32765
1.14719,-0.691284,-0.040972,21,32765
1.14491,-0.69508,-0.0406051,21,32765
1.14264,-0.698845,-0.0399564,20,32765
1.14887,-0.707822,-0.0399349,21,32765
1.13804,-0.706349,-0.0392024,21,32765
1.10182,-0.688911,-0.0374263,20,32765
1.12487,-0.708617,-0.0379114,21,32765
1.11407,-0.707008,-0.0371742,20,32765
1.12019,-0.716035,-0.0369397,21,32765
1.11782,-0.71975,-0.036573,21,32765
1.12387,-0.72883,-0.0363952,21,32765
1.09636,-0.71614,-0.0351468,21,32765
1.10236,-0.725247,-0.0349488,21,32765
1.09162,-0.723382,-0.0343214,20,32765
1.08921,-0.727024,-0.0339828,20,32765
1.09513,-0.736179,-0.0337919,20,32765
1.10926,-0.750998,-0.0338606,21,32765
1.09857,-0.74896,-0.0330833,20,32765
1.09619,-0.752452,-0.032768,21,32765
1.08554,-0.750311,-0.0322136,20,32765
1.07489,-0.748137,-0.0317233,21,32765
1.09696,-0.768935,-0.0319927,21,32765
1.08624,-0.76681,-0.0313068,21,32765
1.06747,-0.758726,-0.0305706,21,32765
1.07317,-0.767971,-0.0305875,20,32765
1.05452,-0.759674,-0.0298057,20,32765
1.06828,-0.774772,-0.0301226,20,32765
1.0658,-0.778192,-0.0298014,21,32765
1.39313,-0.428691,-0.0837351,20,32765
1.39171,-0.43323,-0.0839422,20,32765
1.42837,-0.449772,-0.0864206,18,32765
1.3603,-0.433204,-0.0826145,20,32765
1.40637,-0.452987,-0.0856765,22,32765
1.38589,-0.451419,-0.0844464,21,32765
1.37491,-0.452881,-0.0838709,21,32765
1.38284,-0.460668,-0.0845038,20,32765
1.39077,-0.468422,-0.0850804,21,32765
1.37033,-0.46654,-0.0838968,20,32765
1.33104,-0.458013,-0.0815152,19,32765
1.35783,-0.472223,-0.0830877,21,32765
1.36562,-0.480178,-0.0837114,21,32765
1.36397,-0.48487,-0.0835717,21,32765
1.35293,-0.486145,-0.0827801,21,32765
1.34191,-0.487299,-0.0820299,21,32765
1.35904,-0.498626,-0.0830106,21,32765
1.36674,-0.506614,-0.0834992,15,32765
1.33702,-0.500615,-0.0815603,21,32765
1.33537,-0.505043,-0.0813677,20,32765
1.33367,-0.509544,-0.0811574,21,32765
1.31335,-0.5068,-0.079831,21,32765
1.33025,-0.51847,-0.0807291,21,32765
1.31923,-0.519294,-0.0797957,21,32765
1.32676,-0.527447,-0.0801202,20,32765
1.30647,-0.524453,-0.0786583,20,32765
1.31396,-0.532602,-0.0789993,20,32765
1.30293,-0.533263,-0.0780587,21,32765
1.31957,-0.545344,-0.078917,21,32765
1.2993,-0.542139,-0.0774335,21,32765
1.29747,-0.546569,-0.0770987,21,32765
1.28648,-0.546982,-0.0761054,21,32765
1.3305,-0.571052,-0.0786238,17,32765
1.31943,-0.571563,-0.0775162,21,32765
1.29004,-0.564074,-0.0756474,21,32765
1.26072,-0.556383,-0.0735855,21,32765
1.26797,-0.564725,-0.0737122,21,32765
1.28426,-0.577264,-0.074369,21,32765
1.27324,-0.577461,-0.0734373,21,32765
1.28038,-0.585914,-0.0736609,22,32765
1.31472,-0.606916,-0.0752375,15,32765
1.25839,-0.586017,-0.0716543,20,32765
1.28355,-0.602997,-0.0727655,21,32765
1.25447,-0.59447,-0.0707187,21,32765
1.24349,-0.594372,-0.0697126,20,32765
1.24149,-0.598571,-0.0693738,20,32765
1.25745,-0.611497,-0.0699577,21,32765
1.23744,-0.607023,-0.0683747,21,32765
1.27117,-0.62901,-0.0697616,20,32765
1.23327,-0.61555,-0.0673845,20,32765
1.24011,-0.624258,-0.0672793,22,32765
1.22911,-0.623941,-0.0663023,21,32765
1.22697,-0.628164,-0.0659318,21,32765
1.20711,-0.62316,-0.0644294,21,32765
1.23159,-0.641103,-0.0653866,22,32765
1.22945,-0.645245,-0.0648554,21,32765
1.21847,-0.64471,-0.06384,19,32765
1.21628,-0.648876,-0.0633623,20,32765
1.20532,-0.648235,-0.062336,21,32765
1.19439,-0.647519,-0.0613192,22,32765
1.20976,-0.661102,-0.0617778,22,32765
1.19007,-0.655512,-0.0603154,21,32765
1.1966,-0.664385,-0.0603669,21,32765
1.19438,-0.668423,-0.0598102,21,32765
1.19214,-0.672452,-0.0592645,21,32765
1.16386,-0.661623,-0.0573975,20,32765
1.16169,-0.665477,-0.0567626,20,32765
1.15944,-0.669415,-0.0563991,21,32765
1.16585,-0.678328,-0.0563345,21,32765
1.1808,-0.692383,-0.0567108,20,32765
1.16129,-0.686189,-0.0553185,20,32765
1.16758,-0.695209,-0.055178,21,32765
1.15667,-0.694013,-0.0543941,21,32765
1.15436,-0.697896,-0.0538527,21,32765
1.15205,-0.701727,-0.0534815,20,32765
1.16679,-0.715978,-0.0536094,20,32765
1.16445,-0.719801,-0.0532833,21,32765
1.16208,-0.723663,-0.0528353,20,32765
1.1343,-0.711582,-0.0510525,21,32765
1.1319,-0.715425,-0.0506695,20,32765
1.12952,-0.719206,-0.0502089,20,32765
1.13559,-0.728306,-0.0500583,21,32765
1.11639,-0.721237,-0.0489483,20,32765
1.11404,-0.724885,-0.0484975,20,32765
1.09494,-0.717616,-0.0473331,21,32765
1.1176,-0.737752,-0.0479421,20,32765
1.13179,-0.752538,-0.0482795,21,32765
1.09607,-0.73408,-0.0465166,21,32765
1.11023,-0.748868,-0.0467627,21,32765
1.0995,-0.746923,-0.0459721,21,32765
1.11358,-0.761781,-0.0461295,21,32765
1.08647,-0.748323,-0.0447897,20,32765
1.10047,-0.763237,-0.0451539,21,32765
1.08978,-0.761111,-0.0445651,21,32765
1.08725,-0.764754,-0.0441097,21,32765
1.10102,-0.779927,-0.0443174,21,32765
1.08223,-0.771878,-0.0433895,21,32765
1.06351,-0.763703,-0.0425204,20,32765
1.07729,-0.778784,-0.0428421,21,32765
1.08288,-0.788107,-0.0430183,21,32765
1.08842,-0.797492,-0.0430091,21,32765
1.38322,-0.422583,-0.103097,20,32765
1.41999,-0.438995,-0.104972,20,32765
1.38999,-0.434888,-0.10201,19,32765
1.36955,-0.433525,-0.0999334,16,32765
1.36817,-0.438066,-0.0990765,20,32765
1.37625,-0.445642,-0.099211,19,32765
1.3938,-0.45635,-0.0998714,20,32765
1.37338,-0.454711,-0.0978606,20,32765
1.35296,-0.45297,-0.0959684,20,32765
1.36092,-0.460734,-0.0960277,20,32765
1.39718,-0.478193,-0.0980219,17,32765
1.33906,-0.463202,-0.093577,20,32765
1.37523,-0.480852,-0.0955669,20,32765
1.34542,-0.475451,-0.0931709,19,32765
1.35324,-0.483375,-0.0931963,20,32765
1.36101,-0.491365,-0.0933703,20,32765
1.33125,-0.485716,-0.0908754,19,32765
1.35771,-0.500606,-0.0922972,18,32765
1.31865,-0.491233,-0.0892284,17,32765
1.3357,-0.50271,-0.0900021,20,32765
1.34335,-0.510746,-0.0902076,20,32765
1.32306,-0.508046,-0.0883473,21,32765
1.33068,-0.516092,-0.0884867,20,32765
1.30109,-0.509632,-0.0862871,19,32765
1.31795,-0.52138,-0.087011,20,32765
1.30694,-0.522127,-0.0860076,17,32765
1.32372,-0.53401,-0.0866553,20,32765
1.30346,-0.530903,-0.0850597,20,32765
1.27399,-0.523921,-0.0827453,20,32765
1.3091,-0.543577,-0.084739,20,32765
1.30729,-0.548012,-0.084197,20,32765
1.27786,-0.540805,-0.0819433,20,32765
1.29441,-0.55295,-0.0827932,20,32765
1.2559,-0.541514,-0.0798674,17,32765
1.26322,-0.549783,-0.0800856,19,32765
1.25221,-0.550085,-0.0791647,20,32765
1.26861,-0.562447,-0.0798618,21,32765
1.25757,-0.562761,-0.0788958,21,32765
1.24657,-0.562934,-0.0778482,20,32765
1.26283,-0.575476,-0.0785951,20,32765
1.24277,-0.57139,-0.0769892,18,32765
1.20465,-0.558744,-0.0742615,17,32765
1.23896,-0.579724,-0.0762065,20,32765
1.24606,-0.588144,-0.0762769,20,32765
1.20798,-0.575272,-0.0737225,20,32765
1.23303,-0.592386,-0.0749311,20,32765
1.24,-0.600981,-0.0749512,20,32765
1.24694,-0.609608,-0.0750206,21,32765
1.21803,-0.600561,-0.0729211,21,32765
1.1713,-0.582466,-0.069924,16,32765
1.20506,-0.604316,-0.0716774,21,32765
1.22975,-0.621963,-0.0726951,21,32765
1.21873,-0.621661,-0.0717296,20,32765
1.18998,-0.612115,-0.069655,20,32765
1.21452,-0.62995,-0.0707463,20,32765
1.18589,-0.620114,-0.068756,20,32765
1.21034,-0.638052,-0.0697614,20,32765
1.29637,-0.689041,-0.0744141,15,32765
1.18843,-0.636818,-0.067839,20,32765
1.17753,-0.636059,-0.0667963,21,32765
1.20174,-0.654305,-0.0678649,22,32765
1.19088,-0.653424,-0.0667377,22,32765
1.18,-0.652527,-0.065707,21,32765
1.17784,-0.65646,-0.0652302,21,32765
1.1669,-0.655598,-0.0642314,21,32765
1.1647,-0.659567,-0.0635981,21,32765
1.1712,-0.668413,-0.0634138,21,32765
1.15163,-0.662418,-0.0620355,21,32765
1.1581,-0.67125,-0.0619211,21,32765
1.15585,-0.675149,-0.0614431,20,32765
1.15361,-0.679043,-0.0607433,21,32765
1.13415,-0.672743,-0.0592606,19,32765
1.14906,-0.686824,-0.0594455,20,32765
1.1468,-0.690635,-0.0588705,20,32765
1.15308,-0.699595,-0.0588436,20,32765
1.15936,-0.70856,-0.0585548,21,32765
1.15705,-0.712386,-0.0578658,20,32765
1.13772,-0.705713,-0.0562831,20,32765
1.11845,-0.698895,-0.0549015,19,32765
1.1246,-0.707946,-0.0546253,20,32765
1.12232,-0.711613,-0.0539149,21,32765
1.12843,-0.720666,-0.0536593,21,32765
1.14289,-0.735207,-0.0536104,20,32765
1.10697,-0.717208,-0.0513126,20,32765
1.09625,-0.715405,-0.0503258,20,32765
1.12733,-0.740958,-0.0510904,22,32765
1.09992,-0.728124,-0.0491298,20,32765
1.11415,-0.742877,-0.0491165,20,32765
1.12831,-0.757696,-0.049041,21,32765
1.10928,-0.750229,-0.0475826,20,32765
1.0986,-0.748209,-0.0464966,21,32765
1.08796,-0.746126,-0.0451957,20,32765
1.07729,-0.74404,-0.0441123,20,32765
1.09132,-0.758941,-0.0438369,21,32765
1.11344,-0.779687,-0.0440014,21,32765
1.09457,-0.771819,-0.0424975,21,32765
1.08391,-0.769636,-0.0411881,20,32765
1.07324,-0.767445,-0.0398687,21,32765
1.07883,-0.776852,-0.0391942,21,32765
1.06013,-0.76864,-0.0375781,20,32765
1.04967,-0.766088,-0.0362286,21,32765
1.40089,-0.42944,-0.118276,21,32765
1.37096,-0.425279,-0.114925,21,32765
1.43615,-0.450854,-0.119635,17,32765
1.40618,-0.446626,-0.116559,21,32765
1.37628,-0.442153,-0.113333,21,32765
1.37486,-0.446695,-0.112778,20,32765
1.38292,-0.454312,-0.112852,21,32765
1.38145,-0.458922,-0.112195,21,32765
1.3894,-0.46673,-0.112405,21,32765
1.37842,-0.468223,-0.111019,20,32765
1.35804,-0.466351,-0.108843,20,32765
1.37538,-0.477355,-0.109869,21,32765
1.36441,-0.478663,-0.108474,22,32765
1.34404,-0.476548,-0.106545,20,32765
1.36124,-0.487852,-0.107404,22,32765
1.36898,-0.49589,-0.107667,21,32765
1.3486,-0.493685,-0.10562,21,32765
1.38436,-0.512131,-0.108045,15,32765
1.3453,-0.502828,-0.10459,21,32765
1.34363,-0.507376,-0.104093,21,32765
1.33262,-0.508349,-0.102948,21,32765
1.34028,-0.516368,-0.103051,22,32765
1.31068,-0.510023,-0.100428,21,32765
1.32755,-0.521725,-0.1015,22,32765
1.31654,-0.522551,-0.100281,20,32765
1.32405,-0.530721,-0.10059,21,32765
1.29455,-0.523977,-0.097918,21,32765
1.30205,-0.532089,-0.0982326,21,32765
1.30028,-0.536504,-0.097716,21,32765
1.31688,-0.548622,-0.0986932,21,32765
1.33344,-0.560831,-0.099519,21,32765
1.31318,-0.557601,-0.0976566,21,32765
1.32966,-0.569894,-0.0986827,18,32765
1.29113,-0.558555,-0.0953654,21,32765
1.2801,-0.558979,-0.0943177,21,32765
1.2782,-0.563366,-0.0939684,21,32765
1.2763,-0.567736,-0.0935052,21,32765
1.27435,-0.572167,-0.0931068,21,32765
1.28151,-0.580636,-0.0932809,21,32765
1.27046,-0.580881,-0.0922255,20,32765
1.29571,-0.597713,-0.0937048,15,32765
1.25754,-0.58522,-0.090581,21,32765
1.26461,-0.593705,-0.0909364,21,32765
1.27166,-0.602233,-0.0910884,21,32765
1.26059,-0.602331,-0.090082,21,32765
1.24955,-0.602332,-0.0889889,22,32765
1.22955,-0.597912,-0.0871842,21,32765
1.24545,-0.61092,-0.0879819,21,32765
1.24341,-0.615128,-0.0874896,17,32765
1.2324,-0.614906,-0.0865257,21,32765
1.24817,-0.62804,-0.0873824,21,32765
1.23714,-0.62781,-0.0861777,21,32765
1.235,-0.632084,-0.0857311,21,32765
1.20625,-0.622576,-0.0833681,21,32765
1.22187,-0.635899,-0.0841212,21,32765
1.21976,-0.639982,-0.0836656,21,32765
1.2,-0.63474,-0.0819217,18,32765
1.17143,-0.62474,-0.0797156,17,32765
1.2133,-0.652347,-0.0821995,21,32765
1.21113,-0.65643,-0.0816419,21,32765
1.2002,-0.655686,-0.080622,20,32765
1.20683,-0.66443,-0.0805682,21,32765
1.17847,-0.6539,-0.0782754,21,32765
1.19373,-0.667586,-0.0789498,21,32765
1.18277,-0.66678,-0.0778488,21,32765
1.18053,-0.670815,-0.0772047,17,32765
1.15232,-0.659889,-0.0748513,20,32765
1.17604,-0.678775,-0.0760894,20,32765
1.18244,-0.68771,-0.0760537,21,32765
1.18014,-0.691704,-0.0755635,21,32765
1.18644,-0.700769,-0.0753931,21,32765
1.15836,-0.689463,-0.0731636,21,32765
1.15606,-0.693387,-0.0724442,21,32765
1.14523,-0.692067,-0.0713312,21,32765
1.16855,-0.71143,-0.0724535,21,32765
1.14924,-0.704805,-0.0706752,22,32765
1.14694,-0.708609,-0.06999,22,32765
1.16156,-0.723002,-0.0702775,22,32765
1.15918,-0.726864,-0.069714,22,32765
1.12301,-0.709404,-0.0669852,22,32765
1.1123,-0.707715,-0.0657753,21,32765
1.15205,-0.738315,-0.0675896,22,32765
1.13286,-0.7313,-0.0657583,21,32765
1.13887,-0.740457,-0.0655013,21,32765
1.11138,-0.727815,-0.0634479,20,32765
1.11735,-0.736974,-0.0631573,21,32765
1.12328,-0.746194,-0.0627834,21,32765
1.10421,-0.738838,-0.0611,19,32765
1.11009,-0.748077,-0.0607616,20,32765
1.08284,-0.734927,-0.0586792,20,32765
1.08047,-0.738458,-0.0579581,20,32765
1.06988,-0.736316,-0.0565779,20,32765
1.08389,-0.751244,-0.0567003,20,32765
1.10607,-0.771917,-0.0570248,21,32765
1.07906,-0.758291,-0.0549563,20,32765
1.0766,-0.76184,-0.0541112,21,32765
1.07413,-0.765396,-0.0531253,20,32765
1.08784,-0.78065,-0.0529042,20,32765
1.06907,-0.77257,-0.0511444,20,32765
1.06658,-0.776072,-0.0501089,21,32765
1.07223,-0.785349,-0.0494005,20,32765
1.392,-0.425847,-0.112258,20,32765
1.40012,-0.433289,-0.113296,19,32765
1.40817,-0.440873,-0.114369,18,32765
1.36869,-0.433456,-0.111336,18,32765
1.37673,-0.441019,-0.112284,19,32765
1.36575,-0.442594,-0.111578,19,32765
1.38322,-0.453315,-0.113192,20,32765
1.3533,-0.448527,-0.110868,20,32765
1.37073,-0.459323,-0.112334,20,32765
1.38811,-0.470219,-0.113834,20,32765
1.36766,-0.468391,-0.112315,17,32765
1.37553,-0.476192,-0.112904,20,32765
1.3645,-0.477584,-0.112041,20,32765
1.3441,-0.475504,-0.110383,20,32765
1.36131,-0.486688,-0.111719,20,32765
1.35968,-0.491233,-0.111673,20,32765
1.33933,-0.488899,-0.109834,20,32765
1.44058,-0.531405,-0.1181,15,32765
1.308,-0.487545,-0.106987,20,32765
1.34369,-0.506016,-0.109813,21,32765
1.31402,-0.499941,-0.107257,19,32765
1.32167,-0.507927,-0.107719,20,32765
1.32927,-0.515961,-0.108237,20,32765
1.29971,-0.509529,-0.105539,20,32765
1.32582,-0.524898,-0.107614,19,32765
1.30554,-0.521976,-0.105799,19,32765
1.28532,-0.518881,-0.10403,20,32765
1.30204,-0.530802,-0.105126,20,32765
1.27257,-0.523862,-0.10258,20,32765
1.28921,-0.535915,-0.103621,20,32765
1.27822,-0.536433,-0.102456,21,32765
1.30396,-0.552436,-0.104362,21,32765
1.34798,-0.576464,-0.107481,17,32765
1.28196,-0.553338,-0.101981,20,32765
1.2801,-0.557713,-0.101469,21,32765
1.29649,-0.570097,-0.102436,21,32765
1.25813,-0.558288,-0.099055,20,32765
1.26535,-0.566661,-0.0993671,20,32765
1.25435,-0.566873,-0.0982524,20,32765
1.24341,-0.566958,-0.0969489,20,32765
1.32308,-0.608694,-0.102775,14,32765
1.23058,-0.571135,-0.0953165,20,32765
1.21962,-0.571094,-0.0941843,21,32765
1.22674,-0.579509,-0.0942715,20,32765
1.24279,-0.592291,-0.0952208,20,32765
1.23183,-0.59217,-0.0939188,20,32765
1.2299,-0.596285,-0.0932798,20,32765
1.23687,-0.604818,-0.0935091,20,32765
1.27958,-0.631094,-0.0963901,18,32765
1.19703,-0.595529,-0.0897922,19,32765
1.22176,-0.613101,-0.0911174,21,32765
1.23746,-0.62637,-0.0919463,20,32765
1.20868,-0.617009,-0.0893734,21,32765
1.23324,-0.634813,-0.0907071,21,32765
1.21342,-0.629768,-0.0888855,21,32765
1.21132,-0.633878,-0.088314,21,32765
1.20922,-0.637963,-0.0877331,19,32765
1.18065,-0.627992,-0.0853248,16,32765
1.18736,-0.636704,-0.0853492,21,32765
1.19402,-0.645462,-0.0854522,20,32765
1.20064,-0.654274,-0.0853761,21,32765
1.18097,-0.648709,-0.083585,20,32765
1.18754,-0.657525,-0.0836741,21,32765
1.17663,-0.656676,-0.0825132,21,32765
1.18316,-0.665527,-0.0825042,20,32765
1.22435,-0.694147,-0.0850231,18,32765
1.16139,-0.663575,-0.0802365,18,32765
1.18513,-0.682445,-0.0814814,21,32765
1.16561,-0.676377,-0.0797306,20,32765
1.17199,-0.685313,-0.079886,21,32765
1.15252,-0.679123,-0.078033,20,32765
1.15026,-0.682994,-0.0776302,20,32765
1.12227,-0.671517,-0.0753348,20,32765
1.15424,-0.695907,-0.0771037,21,32765
1.18604,-0.72054,-0.0789467,18,32765
1.13256,-0.693244,-0.0750093,21,32765
1.13879,-0.702236,-0.0750188,21,32765
1.13649,-0.705995,-0.0745767,22,32765
1.14266,-0.715023,-0.0746196,21,32765
1.12343,-0.708137,-0.0731157,21,32765
1.12112,-0.711848,-0.0725915,22,32765
1.12723,-0.720906,-0.0724903,21,32765
1.13323,-0.730084,-0.0726554,21,32765
1.14758,-0.744705,-0.073356,21,32765
1.12843,-0.737561,-0.0717542,22,32765
1.10096,-0.724864,-0.0697754,21,32765
1.11522,-0.73955,-0.0703213,21,32765
1.08784,-0.726657,-0.0684026,21,32765
1.11861,-0.752539,-0.0699836,20,32765
1.10785,-0.750655,-0.0691221,20,32765
1.08065,-0.737431,-0.0670777,20,32765
1.07825,-0.740963,-0.066701,20,32765
1.10046,-0.761554,-0.0679358,21,32765
1.08984,-0.759373,-0.0671238,20,32765
1.09559,-0.76861,-0.0672048,20,32765
1.09311,-0.772166,-0.0667956,20,32765
1.0662,-0.758344,-0.0650784,20,32765
1.07183,-0.767669,-0.0653474,20,32765
1.08555,-0.782838,-0.0659846,20,32765
1.08302,-0.786338,-0.0658016,20,32765
1.0563,-0.772139,-0.0642488,20,32765
1.42861,-0.438572,-0.129362,21,32765
1.41764,-0.440244,-0.12877,21,32765
1.45417,-0.456864,-0.132538,16,32765
1.3767,-0.437513,-0.125664,20,32765
1.38471,-0.445122,-0.126706,21,32765
1.40213,-0.455973,-0.12851,22,32765
1.39114,-0.457505,-0.127705,23,32765
1.39906,-0.46531,-0.128574,23,32765
1.37863,-0.463584,-0.12675,23,32765
1.38653,-0.471327,-0.127568,24,32765
1.37552,-0.47273,-0.126728,23,32765
1.38337,-0.480577,-0.127407,23,32765
1.37233,-0.482002,-0.126449,23,32765
1.36132,-0.483278,-0.125467,23,32765
1.35972,-0.487819,-0.125259,23,32765
1.36745,-0.495767,-0.126074,22,32765
1.37518,-0.503736,-0.12663,21,32765
1.31741,-0.487668,-0.121292,19,32765
1.36243,-0.509609,-0.125199,21,32765
1.3514,-0.510698,-0.124108,21,32765
1.33106,-0.508192,-0.122123,20,32765
1.33867,-0.516256,-0.122673,22,32765
1.34623,-0.524368,-0.123279,21,32765
1.32594,-0.521629,-0.121141,21,32765
1.3705,-0.544482,-0.125182,19,32765
1.32244,-0.530576,-0.120638,21,32765
1.32067,-0.535016,-0.12036,22,32765
1.30964,-0.535768,-0.119113,21,32765
1.32625,-0.547865,-0.120467,22,32765
1.32438,-0.55246,-0.120007,22,32765
1.31335,-0.553101,-0.118736,21,32765
1.32066,-0.561464,-0.119254,20,32765
1.28216,-0.550234,-0.115412,19,32765
1.28947,-0.558526,-0.115851,21,32765
1.29673,-0.566931,-0.116151,21,32765
1.31306,-0.579402,-0.117297,21,32765
1.28382,-0.571681,-0.114346,21,32765
1.28189,-0.576077,-0.113933,21,32765
1.27087,-0.576349,-0.112718,21,32765
1.29616,-0.593083,-0.114514,17,32765
1.23083,-0.56824,-0.108402,18,32765
1.2651,-0.589214,-0.111158,21,32765
1.28116,-0.602012,-0.11229,22,32765
1.24312,-0.589308,-0.108507,21,32765
1.25012,-0.597875,-0.108851,21,32765
1.2661,-0.610777,-0.109787,21,32765
1.2372,-0.601933,-0.106806,21,32765
1.2531,-0.614904,-0.107894,19,32765
1.21529,-0.601491,-0.104328,19,32765
1.24,-0.619076,-0.106077,21,32765
1.2379,-0.623384,-0.105381,21,32765
1.24464,-0.632225,-0.105632,21,32765
1.21588,-0.622872,-0.102775,20,32765
1.24039,-0.640741,-0.104382,21,32765
1.22057,-0.635714,-0.102369,21,32765
1.21845,-0.63986,-0.101792,20,32765
1.23395,-0.653315,-0.102672,14,32765
1.21417,-0.648106,-0.100703,21,32765
1.21202,-0.652227,-0.100075,21,32765
1.19231,-0.646822,-0.0980944,21,32765
1.21642,-0.665222,-0.0995423,22,32765
1.20547,-0.664518,-0.098268,21,32765
1.20326,-0.668594,-0.0977287,21,32765
1.21843,-0.682424,-0.0985777,21,32765
1.14668,-0.647303,-0.0923415,19,32765
1.17919,-0.670929,-0.0946421,19,32765
1.16833,-0.66992,-0.0933749,20,32765
1.192,-0.688856,-0.094893,22,32765
1.14663,-0.667742,-0.0909005,21,32765
1.17023,-0.686735,-0.0925141,21,32765
1.16796,-0.690687,-0.0918245,21,32765
1.17422,-0.69973,-0.0920862,21,32765
1.17188,-0.703724,-0.0915017,21,32765
1.17808,-0.712838,-0.0916249,17,32765
1.12457,-0.685663,-0.0872202,19,32765
1.1478,-0.705116,-0.0886634,21,32765
1.14549,-0.708929,-0.0881032,21,32765
1.15164,-0.718001,-0.0883055,21,32765
1.12395,-0.705872,-0.08585,21,32765
1.13851,-0.720256,-0.0867349,21,32765
1.12774,-0.718665,-0.0855627,21,32765
1.14221,-0.733157,-0.0861816,21,32765
1.11463,-0.720732,-0.0839085,17,32765
1.1039,-0.718984,-0.0829138,19,32765
1.12658,-0.739058,-0.0842656,21,32765
1.13245,-0.748343,-0.0844921,21,32765
1.12999,-0.752107,-0.0839714,21,32765
1.1026,-0.739242,-0.0817676,20,32765
1.10019,-0.742887,-0.0812658,20,32765
1.09773,-0.746555,-0.0809233,21,32765
1.08704,-0.744556,-0.0798125,21,32765
1.10106,-0.759455,-0.0806345,21,32765
1.09037,-0.757387,-0.0797402,21,32765
1.07977,-0.755174,-0.0788361,21,32765
1.06919,-0.752907,-0.0778228,21,32765
1.05862,-0.750614,-0.07683,21,32765
1.08056,-0.771459,-0.0783756,21,32765
1.07802,-0.775026,-0.0781439,21,32765
1.09168,-0.790249,-0.0789615,21,32765
1.073,-0.782021,-0.0776077,22,32765
1.05437,-0.77367,-0.0763587,21,32765
1.41788,-0.432804,-0.149666,20,32765
1.38803,-0.428665,-0.145714,19,32765
1.50067,-0.468804,-0.156927,18,32765
1.38534,-0.437809,-0.144034,19,32765
1.38395,-0.442445,-0.143283,21,32765
1.35411,-0.4379,-0.139753,21,32765
1.39057,-0.454756,-0.142872,20,32765
1.37022,-0.453088,-0.140348,21,32765
1.3688,-0.457602,-0.139603,22,32765
1.37678,-0.465315,-0.139829,21,32765
1.36584,-0.466776,-0.138232,22,32765
1.36434,-0.471358,-0.13752,21,32765
1.36278,-0.475987,-0.136969,22,32765
1.34244,-0.47402,-0.134422,22,32765
1.33152,-0.475202,-0.132851,21,32765
1.33931,-0.483115,-0.133236,22,32765
1.33773,-0.487637,-0.132641,22,32765
1.3081,-0.481848,-0.129221,21,32765
1.33452,-0.496642,-0.131513,21,32765
1.29562,-0.487143,-0.127155,21,32765
1.33123,-0.505687,-0.130378,21,32765
1.31097,-0.503121,-0.127823,20,32765
1.30927,-0.507641,-0.127332,21,32765
1.32612,-0.519381,-0.128672,19,32765
1.33368,-0.527518,-0.128935,19,32765
1.28569,-0.513537,-0.12397,20,32765
1.29324,-0.521609,-0.124292,20,32765
1.30996,-0.533526,-0.125488,20,32765
1.29896,-0.534257,-0.124002,21,32765
1.26954,-0.527289,-0.120933,20,32765
1.32288,-0.554797,-0.125656,20,32765
1.29353,-0.547618,-0.122495,21,32765
1.32836,-0.567658,-0.125354,16,32765
1.28072,-0.552474,-0.12053,21,32765
1.2606,-0.548886,-0.118406,20,32765
1.26787,-0.557233,-0.118713,21,32765
1.266,-0.561595,-0.118133,20,32765
1.25499,-0.561918,-0.116864,21,32765
1.26217,-0.570359,-0.117121,20,32765
1.26027,-0.574663,-0.116568,19,32765
1.17687,-0.541475,-0.108553,14,32765
1.25643,-0.583219,-0.115464,20,32765
1.25449,-0.587463,-0.115096,21,32765
1.24352,-0.587457,-0.113831,20,32765
1.24159,-0.591643,-0.113214,21,32765
1.23061,-0.591569,-0.112,21,32765
1.23758,-0.600146,-0.112321,20,32765
1.24448,-0.608832,-0.112705,21,32765
1.20666,-0.595484,-0.108905,15,32765
1.24035,-0.617396,-0.111618,21,32765
1.22044,-0.612687,-0.10968,20,32765
1.21841,-0.616852,-0.108901,21,32765
1.19855,-0.611993,-0.10701,21,32765
1.22307,-0.62981,-0.108801,20,32765
1.19441,-0.620193,-0.10602,20,32765
1.21003,-0.633455,-0.107088,21,32765
1.29612,-0.684028,-0.114368,15,32765
1.15303,-0.613475,-0.101381,18,32765
1.17733,-0.631534,-0.103185,21,32765
1.18397,-0.640323,-0.103424,20,32765
1.17306,-0.639602,-0.102213,20,32765
1.17095,-0.643549,-0.101625,20,32765
1.18627,-0.657147,-0.102584,21,32765
1.18411,-0.661097,-0.102115,20,32765
1.17325,-0.660166,-0.100796,20,32765
1.24047,-0.703459,-0.106211,15,32765
1.14289,-0.653223,-0.0975104,20,32765
1.16663,-0.672031,-0.0992085,21,32765
1.16441,-0.675959,-0.0986071,21,32765
1.15358,-0.674827,-0.0972945,21,32765
1.15135,-0.678704,-0.0967495,21,32765
1.14058,-0.677418,-0.0953149,20,32765
1.12978,-0.676116,-0.0941018,21,32765
1.13613,-0.685016,-0.0941771,20,32765
1.15945,-0.704355,-0.095736,15,32765
1.14865,-0.702991,-0.0943639,20,32765
1.12938,-0.696331,-0.0923087,21,32765
1.14404,-0.710642,-0.0930658,20,32765
1.12482,-0.70385,-0.090995,21,32765
1.1394,-0.718237,-0.0916825,21,32765
1.12863,-0.71667,-0.0904348,21,32765
1.14313,-0.731148,-0.0909282,21,32765
1.13235,-0.72955,-0.089641,20,32765
1.12162,-0.727868,-0.0881704,16,32765
1.11926,-0.731585,-0.0874712,21,32765
1.10018,-0.724355,-0.0854855,21,32765
1.11448,-0.739021,-0.085929,21,32765
1.09549,-0.73161,-0.0839371,21,32765
1.09317,-0.735168,-0.0830924,21,32765
1.11559,-0.755552,-0.0842318,22,32765
1.10488,-0.753642,-0.0828483,22,32765
1.08597,-0.746032,-0.0807054,22,32765
1.07534,-0.743942,-0.079363,21,32765
1.08935,-0.758861,-0.0797059,21,32765
1.07878,-0.756648,-0.0782744,22,32765
1.06006,-0.748649,-0.0761969,22,32765
1.08206,-0.76949,-0.0770033,21,32765
1.07956,-0.773091,-0.0760622,21,32765
1.06901,-0.770763,-0.0743954,21,32765
1.08272,-0.785989,-0.0743577,21,32765
1.08024,-0.789503,-0.0732097,21,32765
1.41601,-0.433882,-0.163556,21,32765
1.41468,-0.438558,-0.162598,21,32765
1.42281,-0.446166,-0.162963,23,32765
1.393,-0.441892,-0.158723,23,32765
1.40106,-0.449603,-0.159041,23,32765
1.39961,-0.454316,-0.158434,22,32765
1.39818,-0.458961,-0.157637,22,32765
1.39672,-0.46358,-0.157044,21,32765
1.37641,-0.461868,-0.154171,21,32765
1.40321,-0.476016,-0.156587,19,32765
1.36402,-0.467892,-0.151743,21,32765
1.38131,-0.478998,-0.153113,21,32765
1.37973,-0.483698,-0.152554,20,32765
1.36876,-0.485109,-0.150844,22,32765
1.37655,-0.493094,-0.151223,22,32765
1.37492,-0.497795,-0.150657,22,32765
1.35461,-0.495614,-0.148003,21,32765
1.33432,-0.493321,-0.145309,21,32765
1.36067,-0.50824,-0.147869,23,32765
1.34971,-0.509349,-0.146147,23,32765
1.34801,-0.513945,-0.145703,23,32765
1.32774,-0.511433,-0.142952,22,32765
1.34456,-0.523241,-0.144445,21,32765
1.32429,-0.52057,-0.141984,20,32765
1.31334,-0.521379,-0.140363,18,32765
1.32086,-0.529518,-0.140848,21,32765
1.31912,-0.533996,-0.140265,21,32765
1.31735,-0.5385,-0.13968,21,32765
1.32474,-0.546856,-0.140041,21,32765
1.31369,-0.547624,-0.13862,21,32765
1.31184,-0.552181,-0.138089,21,32765
1.31002,-0.55663,-0.137536,19,32765
1.29903,-0.557155,-0.13597,20,32765
1.2789,-0.553704,-0.133553,21,32765
1.28616,-0.562064,-0.134093,20,32765
1.27516,-0.562486,-0.132587,20,32765
1.27327,-0.566886,-0.132002,21,32765
1.27133,-0.571319,-0.131575,20,32765
1.27847,-0.579839,-0.131915,20,32765
1.28559,-0.588354,-0.132284,14,32765
1.2565,-0.58023,-0.128989,20,32765
1.25459,-0.584492,-0.128384,20,32765
1.27066,-0.597214,-0.129855,21,32765
1.26867,-0.601532,-0.129408,21,32765
1.25771,-0.60152,-0.127863,21,32765
1.25568,-0.605831,-0.127459,21,32765
1.25363,-0.610158,-0.126954,21,32765
1.26047,-0.618923,-0.127423,17,32765
1.23161,-0.610026,-0.124141,20,32765
1.23846,-0.61872,-0.124525,21,32765
1.23636,-0.622962,-0.124187,22,32765
1.22542,-0.622682,-0.122508,21,32765
1.22329,-0.626927,-0.122198,21,32765
1.23002,-0.635724,-0.122491,21,32765
1.17488,-0.612302,-0.116793,20,32765
1.21695,-0.639431,-0.120676,18,32765
1.16203,-0.615528,-0.114946,17,32765
1.22151,-0.652313,-0.120468,22,32765
1.20178,-0.647033,-0.118204,21,32765
1.19959,-0.651175,-0.117663,21,32765
1.19739,-0.655294,-0.117207,21,32765
1.20396,-0.664148,-0.117455,22,32765
1.21047,-0.673047,-0.117735,21,32765
1.19088,-0.667348,-0.115568,20,32765
1.17133,-0.661541,-0.113311,16,32765
1.16049,-0.660556,-0.111947,20,32765
1.19286,-0.684332,-0.114732,21,32765
1.17332,-0.678411,-0.112546,21,32765
1.17969,-0.687392,-0.112762,21,32765
1.16884,-0.686313,-0.111346,21,32765
1.15799,-0.685178,-0.109977,21,32765
1.14721,-0.683916,-0.108443,21,32765
1.17059,-0.703168,-0.110354,21,32765
1.20241,-0.72771,-0.112899,15,32765
1.14044,-0.695417,-0.106735,20,32765
1.17216,-0.720082,-0.109237,21,32765
1.16134,-0.718737,-0.107767,21,32765
1.13359,-0.706815,-0.10478,21,32765
1.14818,-0.72119,-0.105634,21,32765
1.12055,-0.709033,-0.102632,21,32765
1.14346,-0.728841,-0.104368,21,32765
1.10755,-0.71108,-0.100467,20,32765
1.13034,-0.731024,-0.10213,17,32765
1.11962,-0.729337,-0.100565,21,32765
1.11725,-0.73306,-0.0998648,21,32765
1.11484,-0.73681,-0.0991729,21,32765
1.11247,-0.740506,-0.09832,21,32765
1.11007,-0.744185,-0.0975986,21,32765
1.09118,-0.736642,-0.095296,21,32765
1.11355,-0.757065,-0.0967114,21,32765
1.11108,-0.760784,-0.0959448,21,32765
1.10039,-0.758847,-0.0943128,19,32765
1.08154,-0.751116,-0.0921672,20,32765
1.10367,-0.771806,-0.093379,21,32765
1.10124,-0.775383,-0.0925266,21,32765
1.09877,-0.778987,-0.0915998,21,32765
1.08815,-0.776813,-0.089961,20,32765
1.07752,-0.774622,-0.0883475,21,32765
1.05891,-0.766438,-0.0859315,21,32765
1.07261,-0.781665,-0.0860865,21,32765
1.07014,-0.785159,-0.0849463,21,32765
1.4265,-0.435867,-0.158456,20,32765
1.41553,-0.437672,-0.157526,19,32765
1.41405,-0.442399,-0.157658,19,32765
1.37465,-0.435069,-0.153453,21,32765
1.37319,-0.439664,-0.153416,22,32765
1.40954,-0.456579,-0.15761,21,32765
1.37021,-0.448928,-0.153289,21,32765
1.38759,-0.459757,-0.155279,21,32765
1.35779,-0.454888,-0.151974,20,32765
1.43163,-0.484887,-0.160348,19,32765
1.37359,-0.47029,-0.153844,20,32765
1.36265,-0.471612,-0.152507,20,32765
1.36107,-0.476185,-0.152418,20,32765
1.36887,-0.484092,-0.153098,20,32765
1.36724,-0.488708,-0.152993,20,32765
1.36556,-0.49343,-0.152847,20,32765
1.35458,-0.494675,-0.151393,20,32765
1.33425,-0.492407,-0.149029,20,32765
1.34193,-0.500379,-0.149815,21,32765
1.34029,-0.504851,-0.149528,22,32765
1.32003,-0.502275,-0.147114,21,32765
1.31836,-0.506715,-0.146824,22,32765
1.33522,-0.518387,-0.148566,21,32765
1.32421,-0.51933,-0.14718,20,32765
1.35946,-0.538485,-0.15098,18,32765
1.32993,-0.532115,-0.147488,21,32765
1.31892,-0.532915,-0.146137,20,32765
1.30792,-0.533658,-0.144715,20,32765
1.31535,-0.541876,-0.145334,21,32765
1.28602,-0.534803,-0.141942,20,32765
1.28426,-0.539114,-0.14156,20,32765
1.30081,-0.551162,-0.143234,20,32765
1.28068,-0.547778,-0.14068,18,32765
1.28797,-0.556137,-0.141197,20,32765
1.26785,-0.552641,-0.138734,20,32765
1.2751,-0.561014,-0.139219,20,32765
1.28234,-0.569352,-0.139813,20,32765
1.2623,-0.565522,-0.137396,21,32765
1.27854,-0.578028,-0.138965,20,32765
1.34002,-0.611258,-0.145285,17,32765
1.23853,-0.570086,-0.133985,19,32765
1.27271,-0.591107,-0.137462,20,32765
1.25272,-0.587033,-0.134895,20,32765
1.25073,-0.591339,-0.13451,21,32765
1.2398,-0.591282,-0.132955,20,32765
1.24678,-0.599845,-0.133499,20,32765
1.26273,-0.612728,-0.134805,20,32765
1.2607,-0.617008,-0.134277,18,32765
1.19615,-0.59045,-0.127213,19,32765
1.22985,-0.612273,-0.130375,21,32765
1.23667,-0.620985,-0.130826,20,32765
1.20792,-0.611768,-0.127522,20,32765
1.21473,-0.620478,-0.127851,20,32765
1.21262,-0.624679,-0.127378,20,32765
1.19288,-0.619619,-0.124936,21,32765
1.22608,-0.642204,-0.128082,20,32765
1.17992,-0.623101,-0.123031,14,32765
1.21303,-0.645825,-0.125922,21,32765
1.20208,-0.645265,-0.124625,20,32765
1.17369,-0.635085,-0.121349,20,32765
1.18906,-0.648621,-0.122561,21,32765
1.18693,-0.65261,-0.122039,21,32765
1.17608,-0.651758,-0.120635,20,32765
1.19999,-0.67033,-0.122815,21,32765
1.25853,-0.708605,-0.128392,17,32765
1.13486,-0.644089,-0.115511,19,32765
1.15867,-0.662749,-0.117651,21,32765
1.16511,-0.671638,-0.117962,20,32765
1.16289,-0.675581,-0.117398,21,32765
1.15208,-0.674429,-0.115994,21,32765
1.17555,-0.693551,-0.118199,21,32765
1.14756,-0.682257,-0.115012,20,32765
1.14529,-0.686148,-0.114507,20,32765
1.20272,-0.726081,-0.119916,15,32765
1.1237,-0.683534,-0.111685,20,32765
1.14692,-0.702962,-0.113661,21,32765
1.14462,-0.706792,-0.113121,21,32765
1.13382,-0.705366,-0.111836,21,32765
1.12306,-0.703882,-0.110396,21,32765
1.12077,-0.707592,-0.109931,21,32765
1.10161,-0.700679,-0.107716,20,32765
1.10772,-0.709713,-0.108006,19,32765
1.16402,-0.751212,-0.113273,16,32765
1.11141,-0.722511,-0.107879,20,32765
1.12573,-0.737116,-0.109075,21,32765
1.11498,-0.735397,-0.107718,21,32765
1.11256,-0.739133,-0.107209,21,32765
1.09361,-0.731696,-0.105096,20,32765
1.09947,-0.740917,-0.105429,22,32765
1.09705,-0.74455,-0.105015,20,32765
1.10284,-0.753822,-0.105318,20,32765
1.10859,-0.763132,-0.105589,17,32765
1.0897,-0.755461,-0.103558,21,32765
1.0954,-0.764786,-0.103932,21,32765
1.10928,-0.779798,-0.104986,20,32765
1.08232,-0.766172,-0.102265,20,32765
1.07172,-0.763918,-0.10126,21,32765
1.06928,-0.767404,-0.100708,21,32765
1.07487,-0.776735,-0.101149,20,32765
1.05625,-0.768482,-0.0993795,20,32765
1.08592,-0.795535,-0.101999,19,32765
1.40555,-0.431133,-0.170128,20,32765
1.40409,-0.435819,-0.170252,20,32765
1.37418,-0.431593,-0.166928,19,32765
1.4106,-0.448178,-0.17156,22,32765
1.41855,-0.455947,-0.172671,23,32765
1.39811,-0.454629,-0.170328,22,32765
1.38714,-0.456234,-0.169085,23,32765
1.38562,-0.460879,-0.168959,22,32765
1.38409,-0.465493,-0.168819,22,32765
1.36374,-0.463676,-0.166455,22,32765
1.3904,-0.477882,-0.16972,23,32765
1.37945,-0.479266,-0.168285,22,32765
1.40596,-0.493785,-0.171626,24,32765
1.3856,-0.491894,-0.168959,23,32765
1.37459,-0.493225,-0.16771,23,32765
1.35421,-0.491211,-0.165282,22,32765
1.35257,-0.495843,-0.164873,21,32765
1.3509,-0.500468,-0.164592,22,32765
1.35854,-0.508518,-0.165466,21,32765
1.35687,-0.513059,-0.165174,22,32765
1.35517,-0.517627,-0.164826,21,32765
1.34418,-0.518621,-0.163399,21,32765
1.33319,-0.519587,-0.161945,21,32765
1.34069,-0.527808,-0.162709,20,32765
1.32045,-0.525037,-0.160155,21,32765
1.34633,-0.540742,-0.163097,21,32765
1.3353,-0.541603,-0.161647,22,32765
1.32429,-0.542406,-0.160125,21,32765
1.33168,-0.550703,-0.160829,21,32765
1.28401,-0.536014,-0.154939,21,32765
1.30056,-0.548051,-0.156764,20,32765
1.26218,-0.536842,-0.152008,17,32765
1.28779,-0.552929,-0.154771,20,32765
1.30417,-0.565288,-0.15647,21,32765
1.27494,-0.557859,-0.152722,21,32765
1.29125,-0.570295,-0.154383,21,32765
1.28936,-0.574663,-0.153978,21,32765
1.28747,-0.579006,-0.153533,21,32765
1.29458,-0.587521,-0.154199,19,32765
1.22937,-0.562933,-0.146118,17,32765
1.26359,-0.583848,-0.149901,21,32765
1.28865,-0.600804,-0.15267,22,32765
1.26865,-0.59678,-0.149908,21,32765
1.26663,-0.601154,-0.149516,21,32765
1.25569,-0.601155,-0.147858,22,32765
1.25366,-0.60547,-0.147434,21,32765
1.25168,-0.609698,-0.146822,20,32765
1.21396,-0.596412,-0.142117,18,32765
1.2387,-0.6138,-0.144837,21,32765
1.26336,-0.631372,-0.147308,21,32765
1.25234,-0.631269,-0.145768,21,32765
1.2236,-0.622091,-0.142178,21,32765
1.23035,-0.630877,-0.142589,21,32765
1.24588,-0.644284,-0.144152,22,32765
1.2261,-0.639331,-0.141507,20,32765
1.25037,-0.657452,-0.143992,14,32765
1.20423,-0.638396,-0.138466,21,32765
1.21969,-0.651875,-0.1397,21,32765
1.19121,-0.641901,-0.136301,21,32765
1.21533,-0.660164,-0.138738,21,32765
1.20441,-0.659537,-0.137131,21,32765
1.20224,-0.66359,-0.136599,21,32765
1.19137,-0.662792,-0.135094,21,32765
1.18047,-0.661989,-0.133613,19,32765
1.14363,-0.646413,-0.129088,18,32765
1.18469,-0.674984,-0.133468,21,32765
1.16519,-0.669075,-0.13101,20,32765
1.1716,-0.678008,-0.131407,20,32765
1.19514,-0.69703,-0.133723,21,32765
1.16712,-0.685901,-0.130293,21,32765
1.18193,-0.700046,-0.131813,21,32765
1.17961,-0.70406,-0.131195,21,32765
1.22845,-0.738858,-0.136354,16,32765
1.13234,-0.68628,-0.125396,20,32765
1.16406,-0.710869,-0.128568,21,32765
1.14474,-0.704388,-0.126127,20,32765
1.15089,-0.713471,-0.126515,21,32765
1.16542,-0.727891,-0.127914,21,32765
1.14618,-0.721212,-0.125439,21,32765
1.14383,-0.725011,-0.124961,21,32765
1.12464,-0.718167,-0.122548,20,32765
1.14743,-0.738074,-0.124737,17,32765
1.13666,-0.736472,-0.123373,20,32765
1.13423,-0.740286,-0.122856,21,32765
1.11516,-0.733117,-0.120625,20,32765
1.11275,-0.736862,-0.120074,20,32765
1.11861,-0.746131,-0.120455,20,32765
1.10793,-0.744257,-0.11904,21,32765
1.10548,-0.747968,-0.118571,21,32765
1.10304,-0.751632,-0.118153,20,32765
1.10879,-0.760947,-0.118542,18,32765
1.1063,-0.764637,-0.118025,20,32765
1.12014,-0.779713,-0.119291,21,32765
1.09311,-0.766288,-0.116272,21,32765
1.08252,-0.764092,-0.114916,20,32765
1.10439,-0.784988,-0.117092,22,32765
1.07753,-0.771209,-0.114269,21,32765
1.09932,-0.792201,-0.116276,21,32765
1.08062,-0.784099,-0.114239,21,32765
1.07809,-0.787608,-0.113982,19,32765
1.06749,-0.78527,-0.112721,20,32765
1.38488,-0.422673,-0.187233,21,32765
1.41201,-0.436098,-0.190088,20,32765
1.40118,-0.437858,-0.188081,22,32765
1.38091,-0.43653,-0.184764,20,32765
1.38899,-0.444158,-0.185316,21,32765
1.37812,-0.445844,-0.183341,20,32765
1.38612,-0.453599,-0.183895,21,32765
1.3658,-0.4521,-0.180836,22,32765
1.40199,-0.469353,-0.185042,21,32765
1.40988,-0.47726,-0.185634,18,32765
1.36139,-0.465966,-0.17888,20,32765
1.36924,-0.473819,-0.179622,21,32765
1.35833,-0.475206,-0.177781,21,32765
1.35677,-0.479831,-0.177274,22,32765
1.32718,-0.4744,-0.172999,22,32765
1.35363,-0.489055,-0.176065,21,32765
1.34271,-0.490257,-0.174287,21,32765
1.33181,-0.491325,-0.172595,22,32765
1.34879,-0.50278,-0.174574,21,32765
1.33788,-0.503816,-0.172775,22,32765
1.31765,-0.501368,-0.169756,21,32765
1.33452,-0.513016,-0.171695,20,32765
1.3143,-0.510396,-0.168834,20,32765
1.3311,-0.522162,-0.170655,19,32765
1.2925,-0.511998,-0.16526,17,32765
1.32767,-0.531174,-0.169575,20,32765
1.30752,-0.528191,-0.166737,20,32765
1.30578,-0.532607,-0.166307,19,32765
1.29485,-0.533295,-0.164498,20,32765
1.30222,-0.541628,-0.165132,20,32765
1.28203,-0.538558,-0.162357,20,32765
1.35337,-0.574037,-0.171123,18,32765
1.29665,-0.555251,-0.163711,19,32765
1.28569,-0.555752,-0.162006,20,32765
1.27475,-0.556151,-0.160332,20,32765
1.28199,-0.564524,-0.160993,19,32765
1.29828,-0.576981,-0.162706,20,32765
1.27821,-0.573298,-0.160063,19,32765
1.26727,-0.573549,-0.158295,20,32765
1.31055,-0.598534,-0.16345,14,32765
1.24536,-0.573958,-0.155073,19,32765
1.24346,-0.578221,-0.154517,19,32765
1.24152,-0.582473,-0.154139,20,32765
1.2396,-0.586699,-0.15357,20,32765
1.21973,-0.582349,-0.150763,20,32765
1.21777,-0.586574,-0.150254,21,32765
1.23369,-0.599429,-0.151946,20,32765
1.24061,-0.608041,-0.152543,15,32765
1.22966,-0.607913,-0.150919,20,32765
1.23655,-0.616548,-0.151383,21,32765
1.2167,-0.611897,-0.148711,20,32765
1.20582,-0.61153,-0.147086,20,32765
1.20376,-0.615715,-0.146489,19,32765
1.21936,-0.628983,-0.148141,20,32765
1.22608,-0.637757,-0.148614,20,32765
1.27678,-0.669685,-0.154485,15,32765
1.19548,-0.63215,-0.144235,19,32765
1.18464,-0.63149,-0.14264,20,32765
1.18257,-0.635485,-0.142068,21,32765
1.1805,-0.639455,-0.141503,19,32765
1.19584,-0.653013,-0.142936,20,32765
1.18497,-0.652294,-0.141298,20,32765
1.17413,-0.651487,-0.13961,20,32765
1.19804,-0.670017,-0.14205,21,32765
1.2132,-0.683804,-0.143379,15,32765
1.17632,-0.668296,-0.138735,20,32765
1.20003,-0.687138,-0.140999,21,32765
1.16327,-0.671345,-0.136391,20,32765
1.15245,-0.67033,-0.134566,20,32765
1.16743,-0.684276,-0.1359,21,32765
1.14805,-0.678116,-0.133167,21,32765
1.13728,-0.676912,-0.131503,20,32765
1.16921,-0.701213,-0.13475,19,32765
1.12433,-0.67942,-0.129127,16,32765
1.13912,-0.69354,-0.130437,20,32765
1.14535,-0.702577,-0.130625,20,32765
1.12613,-0.695965,-0.127911,20,32765
1.15769,-0.720772,-0.130933,21,32765
1.13004,-0.708792,-0.12735,20,32765
1.13621,-0.71781,-0.127591,21,32765
1.10871,-0.705547,-0.123945,21,32765
1.12321,-0.719958,-0.125112,19,32765
1.08745,-0.702091,-0.120523,18,32765
1.11022,-0.722002,-0.122558,21,32765
1.11623,-0.731169,-0.12258,20,32765
1.09723,-0.723936,-0.120001,20,32765
1.11978,-0.74414,-0.121843,20,32765
1.10081,-0.73683,-0.119165,20,32765
1.11492,-0.751671,-0.12015,21,32765
1.11256,-0.755342,-0.119076,21,32765
1.10189,-0.753435,-0.117398,20,32765
1.07488,-0.740113,-0.113905,18,32765
1.08891,-0.754979,-0.114785,21,32765
1.08652,-0.758545,-0.113932,21,32765
1.0923,-0.767827,-0.113713,20,32765
1.08982,-0.771481,-0.112762,21,32765
1.07926,-0.769286,-0.110894,20,32765
1.06873,-0.767009,-0.109154,21,32765
1.07437,-0.776397,-0.108839,21,32765
1.05575,-0.768254,-0.106195,20,32765
1.05328,-0.771795,-0.104992,20,32765
1.41106,-0.43247,-0.204905,19,32765
1.42866,-0.443085,-0.206651,19,32765
1.37056,-0.430077,-0.197722,17,32765
1.38812,-0.440635,-0.199668,21,32765
1.40561,-0.451337,-0.201661,21,32765
1.38531,-0.450025,-0.198234,21,32765
1.38387,-0.454732,-0.197532,23,32765
1.40119,-0.465727,-0.199646,23,32765
1.3997,-0.470515,-0.198863,22,32765
1.38881,-0.472056,-0.196886,21,32765
1.36853,-0.470331,-0.193654,21,32765
1.367,-0.474976,-0.193161,22,32765
1.38416,-0.486217,-0.195183,22,32765
1.3919,-0.494262,-0.195979,21,32765
1.35298,-0.485591,-0.190097,21,32765
1.37003,-0.496991,-0.192122,20,32765
1.36841,-0.501667,-0.191544,16,32765
1.35748,-0.502827,-0.189749,20,32765
1.34654,-0.503972,-0.188013,22,32765
1.35419,-0.51202,-0.188705,23,32765
1.34323,-0.513165,-0.186779,23,32765
1.33227,-0.514219,-0.185038,21,32765
1.3398,-0.522396,-0.185835,20,32765
1.36575,-0.537915,-0.189106,19,32765
1.32717,-0.527848,-0.183321,20,32765
1.3254,-0.532401,-0.182913,21,32765
1.34205,-0.544321,-0.184955,21,32765
1.31272,-0.537588,-0.180721,21,32765
1.33846,-0.553469,-0.18385,21,32765
1.31828,-0.550508,-0.18079,21,32765
1.29809,-0.547492,-0.177823,20,32765
1.28711,-0.548124,-0.176081,19,32765
1.29438,-0.556504,-0.176854,21,32765
1.30164,-0.564903,-0.177538,21,32765
1.29978,-0.569342,-0.177001,21,32765
1.2888,-0.569798,-0.175274,20,32765
1.28691,-0.574222,-0.174706,21,32765
1.28498,-0.578647,-0.174334,20,32765
1.31923,-0.599454,-0.178584,16,32765
1.27211,-0.583308,-0.171982,20,32765
1.27915,-0.591894,-0.1727,21,32765
1.27719,-0.596287,-0.172126,21,32765
1.27519,-0.600667,-0.171735,21,32765
1.26424,-0.600761,-0.169943,21,32765
1.26226,-0.605072,-0.169339,21,32765
1.2781,-0.618104,-0.171204,21,32765
1.26712,-0.618138,-0.169473,17,32765
1.22941,-0.604969,-0.164197,20,32765
1.22738,-0.609221,-0.163669,21,32765
1.24313,-0.622316,-0.165406,21,32765
1.23216,-0.622158,-0.163721,21,32765
1.2301,-0.626354,-0.163168,20,32765
1.228,-0.630636,-0.162557,21,32765
1.22587,-0.634886,-0.162049,21,32765
1.21495,-0.634509,-0.160286,17,32765
1.20403,-0.634073,-0.158608,18,32765
1.21952,-0.647456,-0.160247,21,32765
1.20864,-0.64688,-0.158546,21,32765
1.224,-0.660403,-0.160249,21,32765
1.20439,-0.655032,-0.157381,21,32765
1.20223,-0.659153,-0.156712,21,32765
1.20874,-0.668071,-0.157238,21,32765
1.18919,-0.662511,-0.154315,20,32765
1.21301,-0.681136,-0.157021,16,32765
1.18486,-0.670535,-0.15294,20,32765
1.19989,-0.684447,-0.154612,21,32765
1.19764,-0.688552,-0.153815,21,32765
1.18674,-0.687673,-0.152144,21,32765
1.20164,-0.70178,-0.153496,21,32765
1.18222,-0.695758,-0.150617,22,32765
1.16283,-0.689641,-0.147688,21,32765
1.15204,-0.68849,-0.145921,19,32765
1.18386,-0.712895,-0.149524,16,32765
1.17303,-0.711742,-0.14771,21,32765
1.15375,-0.705315,-0.144912,20,32765
1.14299,-0.703996,-0.143059,20,32765
1.14915,-0.713097,-0.143322,21,32765
1.15529,-0.722221,-0.143549,21,32765
1.12769,-0.710214,-0.139688,20,32765
1.14223,-0.724575,-0.141057,20,32765
1.15668,-0.739091,-0.142283,20,32765
1.12921,-0.726777,-0.138472,18,32765
1.13523,-0.735957,-0.138603,21,32765
1.13286,-0.739755,-0.137838,21,32765
1.12217,-0.738086,-0.135918,21,32765
1.12806,-0.74735,-0.13615,20,32765
1.11738,-0.745611,-0.134262,21,32765
1.09844,-0.738284,-0.1314,20,32765
1.11251,-0.753151,-0.132568,20,32765
1.11837,-0.762433,-0.132466,20,32765
1.09128,-0.74928,-0.128753,19,32765
1.10528,-0.764207,-0.129797,20,32765
1.0947,-0.762143,-0.127968,20,32765
1.10044,-0.771455,-0.128056,21,32765
1.07362,-0.757841,-0.12415,21,32765
1.07118,-0.761446,-0.123212,20,32765
1.06877,-0.764986,-0.122193,21,32765
1.09058,-0.785964,-0.124043,21,32765
1.07197,-0.777902,-0.121062,20,32765
1.06143,-0.775617,-0.119135,20,32765
1.08301,-0.796898,-0.120603,21,32765
1.42161,-0.434361,-0.200863,21,32765
1.4296,-0.441955,-0.20254,21,32765
1.3903,-0.434799,-0.197259,20,32765
1.38881,-0.439451,-0.197491,21,32765
1.38732,-0.444053,-0.197629,21,32765
1.36696,-0.442585,-0.195006,21,32765
1.38432,-0.453282,-0.197704,21,32765
1.36399,-0.451662,-0.194996,21,32765
1.38126,-0.46252,-0.197705,22,32765
1.37974,-0.467112,-0.197519,20,32765
1.40629,-0.481435,-0.201426,20,32765
1.38593,-0.47974,-0.198635,21,32765
1.34687,-0.471443,-0.193086,20,32765
1.37327,-0.486052,-0.196926,21,32765
1.36231,-0.487409,-0.195313,20,32765
1.38859,-0.502199,-0.199278,20,32765
1.43345,-0.523949,-0.20568,16,32765
1.35732,-0.501325,-0.194817,19,32765
1.37424,-0.512853,-0.197099,20,32765
1.32618,-0.499976,-0.190219,21,32765
1.31525,-0.500974,-0.188536,22,32765
1.32284,-0.508949,-0.189671,21,32765
1.31195,-0.509746,-0.187974,20,32765
1.34719,-0.528673,-0.192841,19,32765
1.29936,-0.514947,-0.185973,19,32765
1.33441,-0.534216,-0.190965,20,32765
1.30503,-0.527693,-0.186651,20,32765
1.31245,-0.535942,-0.187441,20,32765
1.30149,-0.536687,-0.185712,21,32765
1.30886,-0.544927,-0.186648,20,32765
1.27962,-0.537912,-0.182248,20,32765
1.2687,-0.538417,-0.180599,17,32765
1.29427,-0.554459,-0.183938,19,32765
1.27421,-0.551064,-0.180884,20,32765
1.29055,-0.56337,-0.183032,20,32765
1.31584,-0.57991,-0.186435,19,32765
1.27766,-0.568352,-0.180719,20,32765
1.27576,-0.572756,-0.180263,20,32765
1.29191,-0.585353,-0.182272,17,32765
1.20879,-0.55267,-0.170227,17,32765
1.27902,-0.590058,-0.179858,20,32765
1.24109,-0.577672,-0.174346,20,32765
1.2392,-0.581885,-0.173734,20,32765
1.25521,-0.594628,-0.175653,20,32765
1.25323,-0.598962,-0.175119,19,32765
1.23336,-0.594672,-0.172016,20,32765
1.28492,-0.624968,-0.178898,18,32765
1.19379,-0.585609,-0.165891,18,32765
1.22745,-0.607293,-0.170148,20,32765
1.24321,-0.620368,-0.171957,21,32765
1.21451,-0.61137,-0.167605,20,32765
1.22129,-0.62012,-0.168203,21,32765
1.2104,-0.61981,-0.166316,21,32765
1.20837,-0.623914,-0.165716,20,32765
1.24156,-0.646348,-0.16989,19,32765
1.20427,-0.632159,-0.164354,15,32765
1.20214,-0.636352,-0.163745,20,32765
1.17374,-0.626511,-0.159458,20,32765
1.18038,-0.63527,-0.160084,21,32765
1.20449,-0.65349,-0.162955,20,32765
1.18493,-0.648037,-0.159932,20,32765
1.20021,-0.661648,-0.161575,21,32765
1.18069,-0.656049,-0.158667,20,32765
1.21319,-0.679509,-0.162606,16,32765
1.15904,-0.654355,-0.155038,20,32765
1.1655,-0.663261,-0.155575,20,32765
1.15468,-0.662326,-0.153713,20,32765
1.14392,-0.661279,-0.151828,20,32765
1.16749,-0.680175,-0.15471,20,32765
1.15671,-0.679064,-0.152931,20,32765
1.15448,-0.682974,-0.152418,20,32765
1.1693,-0.697053,-0.154127,20,32765
1.22669,-0.736782,-0.161169,14,32765
1.13075,-0.684342,-0.148267,20,32765
1.14547,-0.69851,-0.149912,20,32765
1.13472,-0.697184,-0.148126,20,32765
1.12397,-0.695797,-0.146463,20,32765
1.1386,-0.710071,-0.147985,20,32765
1.12787,-0.708579,-0.146355,20,32765
1.11719,-0.70701,-0.144654,20,32765
1.13166,-0.721422,-0.146303,20,32765
1.11255,-0.714497,-0.143622,17,32765
1.11857,-0.723631,-0.14406,20,32765
1.13285,-0.738266,-0.14565,20,32765
1.12212,-0.73661,-0.144059,21,32765
1.128,-0.745852,-0.144619,20,32765
1.109,-0.738611,-0.142027,20,32765
1.10662,-0.742276,-0.141524,20,32765
1.10422,-0.745948,-0.140946,20,32765
1.11005,-0.755177,-0.141446,20,32765
1.07471,-0.736447,-0.136901,18,32765
1.07229,-0.740065,-0.136333,20,32765
1.08621,-0.755006,-0.137892,21,32765
1.10004,-0.770013,-0.139598,21,32765
1.10571,-0.779317,-0.14024,21,32765
1.07888,-0.765662,-0.136677,21,32765
1.06831,-0.763409,-0.135335,21,32765
1.08197,-0.778562,-0.137016,20,32765
1.09552,-0.79385,-0.138722,20,32765
1.05272,-0.768171,-0.133364,20,32765
1.07429,-0.789292,-0.136112,20,32765
1.44762,-0.444197,-0.219061,20,32765
1.465,-0.454834,-0.22227,18,32765
1.36907,-0.429985,-0.20801,18,32765
1.42417,-0.452564,-0.216854,21,32765
1.42264,-0.457298,-0.216994,20,32765
1.40226,-0.455947,-0.214185,21,32765
1.39134,-0.457517,-0.212753,20,32765
1.3898,-0.462165,-0.212733,21,32765
1.37886,-0.463676,-0.211313,23,32765
1.36796,-0.465089,-0.209689,22,32765
1.39446,-0.47941,-0.213873,22,32765
1.37414,-0.477674,-0.210896,21,32765
1.38183,-0.485728,-0.212143,23,32765
1.38016,-0.490555,-0.211957,23,32765
1.38782,-0.498634,-0.213108,23,32765
1.3861,-0.503416,-0.213058,23,32765
1.37512,-0.504751,-0.211352,23,32765
1.36415,-0.505972,-0.209743,23,32765
1.37175,-0.514081,-0.210782,23,32765
1.34228,-0.508177,-0.206283,22,32765
1.35907,-0.519845,-0.208762,22,32765
1.34811,-0.520855,-0.207142,21,32765
1.34643,-0.52534,-0.20676,21,32765
1.32628,-0.522655,-0.203504,18,32765
1.32455,-0.527132,-0.203232,21,32765
1.32274,-0.531767,-0.202949,22,32765
1.33928,-0.543815,-0.205393,20,32765
1.32831,-0.544693,-0.203453,21,32765
1.31734,-0.545499,-0.201624,22,32765
1.32466,-0.553815,-0.202645,21,32765
1.29544,-0.546843,-0.19796,20,32765
1.29361,-0.55129,-0.197603,22,32765
1.3009,-0.55963,-0.198432,21,32765
1.29902,-0.564145,-0.197956,21,32765
1.30621,-0.572592,-0.198896,21,32765
1.30425,-0.577203,-0.198435,22,32765
1.30232,-0.581743,-0.197848,22,32765
1.28231,-0.578104,-0.194639,22,32765
1.28038,-0.582551,-0.194094,21,32765
1.28745,-0.591096,-0.194848,21,32765
1.29448,-0.599689,-0.195668,22,32765
1.28352,-0.59992,-0.193847,21,32765
1.28156,-0.604291,-0.193211,21,32765
1.26167,-0.600185,-0.189904,20,32765
1.27753,-0.613131,-0.192051,21,32765
1.26657,-0.613238,-0.190088,21,32765
1.23781,-0.604575,-0.185494,18,32765
1.24474,-0.613151,-0.186218,21,32765
1.24273,-0.61742,-0.185511,20,32765
1.23183,-0.617259,-0.183532,20,32765
1.24743,-0.630566,-0.185485,21,32765
1.2453,-0.634953,-0.184845,22,32765
1.24319,-0.639263,-0.184155,21,32765
1.2411,-0.643493,-0.183537,20,32765
1.18628,-0.620153,-0.175089,15,32765
1.21055,-0.638116,-0.178257,21,32765
1.21716,-0.647,-0.17893,21,32765
1.215,-0.651252,-0.178201,21,32765
1.22154,-0.660177,-0.178896,21,32765
1.21938,-0.664344,-0.178198,21,32765
1.21722,-0.668485,-0.177515,21,32765
1.19768,-0.663022,-0.17427,21,32765
1.2215,-0.681577,-0.177469,18,32765
1.19331,-0.671185,-0.172974,20,32765
1.19109,-0.675276,-0.172355,20,32765
1.18022,-0.67447,-0.170476,21,32765
1.20379,-0.6934,-0.173467,21,32765
1.17578,-0.682559,-0.168988,20,32765
1.17352,-0.686574,-0.168439,21,32765
1.17129,-0.690527,-0.167787,21,32765
1.16901,-0.694499,-0.167264,20,32765
1.20079,-0.718857,-0.171581,15,32765
1.17299,-0.707509,-0.16713,21,32765
1.17914,-0.716655,-0.167722,21,32765
1.15139,-0.705098,-0.163512,21,32765
1.15753,-0.714222,-0.164023,21,32765
1.15518,-0.718157,-0.163446,21,32765
1.13603,-0.711488,-0.160378,20,32765
1.14211,-0.720588,-0.161023,21,32765
1.13979,-0.724395,-0.160398,20,32765
1.13743,-0.728207,-0.159866,17,32765
1.13503,-0.732059,-0.15934,21,32765
1.11599,-0.725059,-0.156352,20,32765
1.14685,-0.750598,-0.160449,21,32765
1.14439,-0.754458,-0.159916,21,32765
1.12536,-0.747315,-0.157089,21,32765
1.11465,-0.745578,-0.155462,21,32765
1.11224,-0.749275,-0.154954,20,32765
1.11804,-0.758556,-0.155514,19,32765
1.09099,-0.745435,-0.151537,18,32765
1.10487,-0.760406,-0.153449,21,32765
1.10237,-0.764139,-0.152861,21,32765
1.11617,-0.779215,-0.154586,21,32765
1.0811,-0.760067,-0.149708,20,32765
1.12733,-0.798039,-0.156058,21,32765
1.08431,-0.772899,-0.14997,21,32765
1.08988,-0.782254,-0.150765,20,32765
1.09539,-0.791692,-0.151504,20,32765
1.09277,-0.795363,-0.151163,21,32765
1.09015,-0.799007,-0.150892,21,32765
1.07156,-0.790789,-0.148364,21,32765
0,-0,-0,0,32765
1.43465,-0.443655,-0.235251,20,32765
1.48043,-0.463101,-0.242437,14,32765
1.44124,-0.45614,-0.235915,20,32765
1.42096,-0.454969,-0.232313,20,32765
1.41008,-0.456748,-0.230345,20,32765
1.38041,-0.452306,-0.225341,18,32765
1.42587,-0.472511,-0.232464,20,32765
1.39625,-0.467884,-0.227335,19,32765
1.36668,-0.463056,-0.2222,19,32765
1.35583,-0.464519,-0.220095,20,32765
1.38234,-0.478892,-0.224061,21,32765
1.37144,-0.480375,-0.222004,20,32765
1.36989,-0.485087,-0.221351,20,32765
1.36832,-0.489724,-0.220824,21,32765
1.34814,-0.487695,-0.217165,21,32765
1.35583,-0.4957,-0.218178,21,32765
1.33569,-0.49347,-0.214553,21,32765
1.33408,-0.498022,-0.213997,21,32765
1.34173,-0.506041,-0.21491,21,32765
1.34004,-0.510702,-0.21439,21,32765
1.35683,-0.522415,-0.216781,20,32765
1.31824,-0.51278,-0.210211,20,32765
1.39944,-0.549866,-0.222739,19,32765
1.3241,-0.52543,-0.21042,20,32765
1.33158,-0.53363,-0.211277,20,32765
1.31151,-0.530723,-0.207812,19,32765
1.32811,-0.542671,-0.210065,20,32765
1.29889,-0.535911,-0.205155,20,32765
1.2971,-0.540437,-0.204609,21,32765
1.31351,-0.552708,-0.206895,20,32765
1.24786,-0.530303,-0.196269,21,32765
1.30065,-0.558127,-0.204194,21,32765
1.26246,-0.546922,-0.197941,20,32765
1.2788,-0.559197,-0.200163,20,32765
1.25884,-0.555599,-0.19679,20,32765
1.26605,-0.563965,-0.197647,22,32765
1.29127,-0.580484,-0.201385,21,32765
1.26231,-0.572675,-0.196519,20,32765
1.26941,-0.581153,-0.197403,22,32765
1.25847,-0.581425,-0.195439,21,32765
1.24754,-0.58164,-0.193504,21,32765
1.26351,-0.594413,-0.195713,20,32765
1.26152,-0.598814,-0.195165,19,32765
1.25953,-0.603157,-0.194634,21,32765
1.24861,-0.603209,-0.192652,20,32765
1.2911,-0.629234,-0.199047,15,32765
1.22681,-0.603056,-0.188846,20,32765
1.25142,-0.620482,-0.192477,20,32765
1.23168,-0.615868,-0.189106,21,32765
1.22963,-0.620125,-0.188548,20,32765
1.21872,-0.619901,-0.186644,20,32765
1.22543,-0.628707,-0.187491,20,32765
1.2145,-0.62846,-0.185575,20,32765
1.25635,-0.655573,-0.191614,15,32765
1.18399,-0.62301,-0.180339,19,32765
1.21691,-0.645694,-0.185208,20,32765
1.22354,-0.654526,-0.185849,20,32765
1.17777,-0.635173,-0.178643,20,32765
1.18442,-0.643891,-0.179324,21,32765
1.19969,-0.657433,-0.181422,20,32765
1.1802,-0.651932,-0.178089,21,32765
1.23005,-0.684844,-0.185379,19,32765
1.11538,-0.625981,-0.167831,16,32765
1.20827,-0.683471,-0.181504,20,32765
1.18878,-0.677801,-0.178294,21,32765
1.17794,-0.676943,-0.176348,20,32765
1.16713,-0.676006,-0.1744,20,32765
1.15637,-0.674949,-0.17246,20,32765
1.17131,-0.688898,-0.174233,20,32765
1.16905,-0.692885,-0.17359,20,32765
1.20082,-0.717206,-0.178175,16,32765
1.10501,-0.664986,-0.163513,18,32765
1.14528,-0.694434,-0.169068,20,32765
1.15151,-0.703479,-0.169505,20,32765
1.16614,-0.717755,-0.171281,20,32765
1.14693,-0.71126,-0.168113,21,32765
1.14462,-0.715122,-0.167451,20,32765
1.12553,-0.708409,-0.164126,19,32765
1.11487,-0.70689,-0.162102,19,32765
1.13771,-0.726626,-0.165049,17,32765
1.10197,-0.708981,-0.159434,20,32765
1.11637,-0.723452,-0.161048,21,32765
1.13071,-0.738014,-0.162605,21,32765
1.12836,-0.741777,-0.161775,20,32765
1.10946,-0.734559,-0.158509,20,32765
1.12362,-0.749319,-0.160025,21,32765
1.12121,-0.753099,-0.159178,20,32765
1.09413,-0.740124,-0.154902,20,32765
1.12462,-0.766143,-0.158584,17,32765
1.09761,-0.753053,-0.154157,20,32765
1.0952,-0.756733,-0.153265,21,32765
1.09281,-0.760366,-0.152348,20,32765
1.09047,-0.763909,-0.151393,20,32765
1.07998,-0.76175,-0.149231,20,32765
1.06144,-0.753738,-0.146005,20,32765
1.07522,-0.768842,-0.147231,20,32765
1.08089,-0.77819,-0.147273,21,32765
1.09454,-0.793448,-0.14837,20,32765
1.07603,-0.785333,-0.144965,20,32765
1.08163,-0.794741,-0.144799,21,32765
0,-0,-0,0,32765
1.45076,-0.450681,-0.252558,17,32765
1.40231,-0.440659,-0.243832,18,32765
1.41968,-0.451355,-0.246763,20,32765
1.40884,-0.453131,-0.244613,20,32765
1.39798,-0.454877,-0.242554,20,32765
1.41524,-0.465809,-0.245401,21,32765
1.41375,-0.470603,-0.244862,20,32765
1.41224,-0.475371,-0.244312,19,32765
1.40139,-0.476946,-0.24212,19,32765
1.36252,-0.468901,-0.235075,22,32765
1.38896,-0.483335,-0.239313,23,32765
1.38738,-0.488124,-0.238761,22,32765
1.3858,-0.492906,-0.238098,21,32765
1.36563,-0.490933,-0.234375,20,32765
1.39189,-0.505751,-0.238479,19,32765
1.29754,-0.47649,-0.222115,18,32765
1.37007,-0.508411,-0.234151,20,32765
1.34068,-0.502694,-0.228844,21,32765
1.36676,-0.517755,-0.232993,20,32765
1.34659,-0.515458,-0.229319,20,32765
1.36333,-0.527225,-0.23189,21,32765
1.3524,-0.528376,-0.229631,20,32765
1.32312,-0.522158,-0.224279,18,32765
1.35814,-0.541297,-0.229895,21,32765
1.30139,-0.523815,-0.219982,21,32765
1.32715,-0.539403,-0.22407,21,32765
1.30713,-0.536431,-0.220334,21,32765
1.34188,-0.556067,-0.225912,22,32765
1.33091,-0.556943,-0.223812,21,32765
1.30171,-0.550131,-0.218621,18,32765
1.29983,-0.554795,-0.218025,21,32765
1.30705,-0.563311,-0.218873,21,32765
1.32329,-0.575769,-0.221343,21,32765
1.3033,-0.572387,-0.217671,21,32765
1.29237,-0.572875,-0.215608,21,32765
1.29048,-0.577343,-0.215036,21,32765
1.29758,-0.585851,-0.216037,18,32765
1.25966,-0.573952,-0.209394,18,32765
1.29368,-0.594836,-0.214844,23,32765
1.28272,-0.595198,-0.212774,21,32765
1.27176,-0.595503,-0.210735,21,32765
1.25188,-0.591494,-0.207193,20,32765
1.24989,-0.595869,-0.206647,22,32765
1.26574,-0.60876,-0.209063,22,32765
1.25482,-0.608839,-0.206984,19,32765
1.25277,-0.613202,-0.206509,22,32765
1.24189,-0.613118,-0.204443,21,32765
1.26641,-0.630638,-0.208341,23,32765
1.23784,-0.62163,-0.203324,22,32765
1.24459,-0.630394,-0.204208,22,32765
1.22485,-0.625725,-0.200758,21,32765
1.23152,-0.634576,-0.201692,21,32765
1.24693,-0.648046,-0.203988,17,32765
1.20972,-0.633987,-0.197579,19,32765
1.21635,-0.64282,-0.198437,21,32765
1.23165,-0.65636,-0.200809,21,32765
1.22079,-0.655896,-0.198693,21,32765
1.21863,-0.660073,-0.198101,21,32765
1.22518,-0.668953,-0.198849,21,32765
1.19696,-0.658798,-0.194077,21,32765
1.22079,-0.677298,-0.197565,20,32765
1.23587,-0.69109,-0.199795,16,32765
1.19045,-0.671032,-0.19219,22,32765
1.19687,-0.679981,-0.192948,21,32765
1.18602,-0.679188,-0.19094,20,32765
1.18378,-0.683275,-0.19028,21,32765
1.17297,-0.682363,-0.188234,21,32765
1.1793,-0.691348,-0.188935,21,32765
1.17708,-0.695331,-0.188146,21,32765
1.1748,-0.699351,-0.187496,18,32765
1.16398,-0.698263,-0.185665,18,32765
1.15326,-0.697075,-0.183512,20,32765
1.15947,-0.706134,-0.184115,20,32765
1.16564,-0.715251,-0.18463,20,32765
1.18863,-0.73482,-0.18791,21,32765
1.16098,-0.723155,-0.183215,21,32765
1.15024,-0.721808,-0.181218,20,32765
1.14793,-0.725701,-0.180335,20,32765
1.15395,-0.734913,-0.18082,17,32765
1.12657,-0.722703,-0.176185,20,32765
1.14089,-0.737281,-0.178003,21,32765
1.11361,-0.72487,-0.173303,21,32765
1.1362,-0.744894,-0.176328,21,32765
1.11728,-0.737759,-0.172928,21,32765
1.12321,-0.746974,-0.173308,21,32765
1.12904,-0.756295,-0.173725,20,32765
1.10194,-0.743461,-0.169085,20,32765
1.1406,-0.775009,-0.174593,17,32765
1.08902,-0.745209,-0.166108,20,32765
1.07848,-0.743241,-0.163918,20,32765
1.07611,-0.74687,-0.163038,20,32765
1.10629,-0.773194,-0.167047,21,32765
1.10391,-0.776794,-0.166076,21,32765
1.09341,-0.774682,-0.163806,21,32765
1.07487,-0.766703,-0.160382,20,32765
1.08857,-0.781888,-0.161774,21,32765
1.10222,-0.797123,-0.163081,20,32765
1.0917,-0.794952,-0.160788,21,32765
1.08924,-0.798562,-0.159546,21,32765
0,-0,-0,0,32765
2.04894,0.0136672,0.357836,16,32765
2.00958,0.00689486,0.350938,16,32765
2.00961,0.000399254,0.350794,16,32765
2.00964,-0.00635993,0.350598,16,32765
1.96042,-0.0127061,0.34161,16,32765
1.98997,-0.0195552,0.346443,17,32765
1.98993,-0.0261742,0.346258,16,32765
1.96034,-0.0323352,0.340785,16,32765
1.94059,-0.038553,0.336932,16,32765
1.89125,-0.0438318,0.328103,16,32765
1.95028,-0.0515199,0.33786,16,32765
1.94032,-0.0575081,0.335779,17,32765
1.96969,-0.0647652,0.340757,17,32765
1.91045,-0.0690984,0.330137,16,32765
1.8709,-0.0737731,0.322947,16,32765
1.87068,-0.0799257,0.322752,17,32765
1.86062,-0.085616,0.3207,16,32765
1.88011,-0.0925688,0.323615,17,32765
1.86012,-0.0977218,0.320142,17,32765
1.85983,-0.103768,0.319937,17,32765
1.88905,-0.11167,0.324687,17,32765
1.87886,-0.117258,0.322866,17,32765
1.8785,-0.123385,0.322663,17,32765
1.8978,-0.130849,0.325756,16,32765
1.89743,-0.136989,0.325385,14,32765
2.14271,-0.161784,0.367435,12,32765
5.37513,-0.423731,0.921614,12,32765
5.37371,-0.441393,0.921569,13,32765
5.48046,-0.468585,0.938809,13,32765
5.5771,-0.495232,0.95554,13,32765
5.61486,-0.517161,0.961398,13,32765
5.65245,-0.539371,0.967709,11,32765
0,-0,0,0,32765
0,-0,0,0,32765
0,-0,0,0,32765
0,-0,0,0,32765
0,-0,0,0,32765
0,-0,0,0,32765
0,-0,0,0,32765
0,-0,0,0,32765
0,-0,0,0,32765
0,-0,0,0,32765
0,-0,0,0,32765
0,-0,0,0,32765
0,-0,0,0,32765
0,-0,0,0,32765
0,-0,0,0,32765
0,-0,0,0,32765
0,-0,0,0,32765
0,-0,0,0,32765
0,-0,0,0,32765
0,-0,0,0,32765
0,-0,0,0,32765
0,-0,0,0,32765
0,-0,0,0,32765
0,-0,0,0,32765
0,-0,0,0,32765
0,-0,0,0,32765
0,-0,0,0,32765
0,-0,0,0,32765
0,-0,0,0,32765
0,-0,0,0,32765
0,-0,0,0,32765
0,-0,0,0,32765
0,-0,0,0,32765
0,-0,0,0,32765
0,-0,0,0,32765
0,-0,0,0,32765
0,-0,0,0,32765
0,-0,0,0,32765
0,-0,0,0,32765
0,-0,0,0,32765
0,-0,0,0,32765
0,-0,0,0,32765
0,-0,0,0,32765
0,-0,0,0,32765
0,-0,0,0,32765
0,-0,0,0,32765
0,-0,0,0,32765
0,-0,0,0,32765
0,-0,0,0,32765
0,-0,0,0,32765
0,-0,0,0,32765
0,-0,0,0,32765
0,-0,0,0,32765
0,-0,0,0,32765
0,-0,0,0,32765
0,-0,0,0,32765
0,-0,0,0,32765
0,-0,0,0,32765
0,-0,0,0,32765
0,-0,0,0,32765
0,-0,0,0,32765
0,-0,0,0,32765
0,-0,0,0,32765
0,-0,0,0,32765
0,-0,0,0,32765
0,-0,0,0,32765
0,-0,0,0,32765
0,-0,0,0,32765
0,-0,0,0,32765
1.97329,0.0134301,0.325474,16,32765
1.99306,0.00709858,0.328712,17,32765
2.0227,0.000656065,0.333449,17,32765
2.02272,-0.00615761,0.333251,17,32765
1.97342,-0.0125628,0.324726,17,32765
1.96355,-0.0190794,0.32279,17,32765
1.98324,-0.0258781,0.325849,17,32765
1.91413,-0.0313822,0.314178,17,32765
1.97328,-0.0390163,0.32346,17,32765
1.92386,-0.0444159,0.315091,17,32765
1.94352,-0.0511779,0.317828,18,32765
1.92368,-0.0568629,0.31423,18,32765
1.90377,-0.0624569,0.310876,18,32765
1.91349,-0.0690765,0.312089,18,32765
1.91331,-0.0753239,0.311698,18,32765
1.87364,-0.0799428,0.305075,18,32765
1.90301,-0.087465,0.309531,18,32765
1.88308,-0.0926246,0.305844,18,32765
1.91235,-0.100383,0.310561,18,32765
1.87262,-0.10441,0.303951,18,32765
1.86246,-0.110038,0.302027,16,32765
1.99019,-0.124152,0.322665,13,32765
5.16169,-0.33892,0.836453,17,32765
5.22963,-0.36048,0.846839,17,32765
5.24829,-0.37885,0.849001,15,32765
5.26674,-0.397626,0.851945,14,32765
5.38355,-0.424388,0.87071,12,32765
5.50021,-0.451804,0.889766,12,32765
5.57757,-0.476939,0.901184,11,32765
0,-0,0,0,32765
0,-0,0,0,32765
0,-0,0,0,32765
0,-0,0,0,32765
0,-0,0,0,32765
0,-0,0,0,32765
0,-0,0,0,32765
0,-0,0,0,32765
0,-0,0,0,32765
0,-0,0,0,32765
0,-0,0,0,32765
0,-0,0,0,32765
0,-0,0,0,32765
0,-0,0,0,32765
0,-0,0,0,32765
0,-0,0,0,32765
0,-0,0,0,32765
0,-0,0,0,32765
0,-0,0,0,32765
0,-0,0,0,32765
0,-0,0,0,32765
0,-0,0,0,32765
0,-0,0,0,32765
0,-0,0,0,32765
0,-0,0,0,32765
0,-0,0,0,32765
0,-0,0,0,32765
0,-0,0,0,32765
0,-0,0,0,32765
0,-0,0,0,32765
0,-0,0,0,32765
0,-0,0,0,32765
0,-0,0,0,32765
0,-0,0,0,32765
0,-0,0,0,32765
0,-0,0,0,32765
0,-0,0,0,32765
0,-0,0,0,32765
0,-0,0,0,32765
0,-0,0,0,32765
0,-0,0,0,32765
0,-0,0,0,32765
0,-0,0,0,32765
0,-0,0,0,32765
0,-0,0,0,32765
0,-0,0,0,32765
0,-0,0,0,32765
0,-0,0,0,32765
0,-0,0,0,32765
0,-0,0,0,32765
0,-0,0,0,32765
0,-0,0,0,32765
0,-0,0,0,32765
0,-0,0,0,32765
0,-0,0,0,32765
0,-0,0,0,32765
0,-0,0,0,32765
0,-0,0,0,32765
0,-0,0,0,32765
0,-0,0,0,32765
0,-0,0,0,32765
0,-0,0,0,32765
0,-0,0,0,32765
0,-0,0,0,32765
0,-0,0,0,32765
0,-0,0,0,32765
0,-0,0,0,32765
0,-0,0,0,32765
0,-0,0,0,32765
0,-0,0,0,32765
0,-0,0,0,32765
0,-0,0,0,32765
1.97715,0.0172358,0.300936,16,32765
2.02652,0.0110848,0.309158,16,32765
2.01659,0.00446566,0.308156,16,32765
2.04621,-0.00219526,0.312911,17,32765
2.0461,-0.00900481,0.313534,16,32765
1.99658,-0.0154499,0.306291,17,32765
1.97669,-0.0217635,0.30367,16,32765
1.93702,-0.0276063,0.29797,16,32765
1.95666,-0.0341525,0.30117,16,32765
1.91699,-0.0397229,0.295236,17,32765
1.92671,-0.0462333,0.296905,16,32765
1.94625,-0.0531491,0.300282,16,32765
1.94606,-0.0595516,0.300353,17,32765
1.86681,-0.0633435,0.288309,17,32765
1.88631,-0.0702963,0.291504,18,32765
1.90582,-0.0773472,0.294587,17,32765
1.92528,-0.0843796,0.297805,17,32765
1.87561,-0.0883819,0.290288,16,32765
1.92464,-0.0969984,0.29806,16,32765
1.97365,-0.106051,0.305699,14,32765
5.19961,-0.29671,0.805526,15,32765
5.22814,-0.315423,0.810565,23,32765
5.31586,-0.338229,0.82419,26,32765
5.29502,-0.354262,0.821093,17,32765
5.39238,-0.37864,0.836532,12,32765
5.4896,-0.403931,0.852094,11,32765
0,-0,0,0,32765
0,-0,0,0,32765
0,-0,0,0,32765
0,-0,0,0,32765
0,-0,0,0,32765
0,-0,0,0,32765
0,-0,0,0,32765
0,-0,0,0,32765
0,-0,0,0,32765
0,-0,0,0,32765
0,-0,0,0,32765
0,-0,0,0,32765
0,-0,0,0,32765
0,-0,0,0,32765
0,-0,0,0,32765
0,-0,0,0,32765
0,-0,0,0,32765
0,-0,0,0,32765
0,-0,0,0,32765
0,-0,0,0,32765
0,-0,0,0,32765
0,-0,0,0,32765
0,-0,0,0,32765
0,-0,0,0,32765
0,-0,0,0,32765
0,-0,0,0,32765
0,-0,0,0,32765
0,-0,0,0,32765
0,-0,0,0,32765
0,-0,0,0,32765
0,-0,0,0,32765
0,-0,0,0,32765
0,-0,0,0,32765
0,-0,0,0,32765
0,-0,0,0,32765
0,-0,0,0,32765
0,-0,0,0,32765
0,-0,0,0,32765
0,-0,0,0,32765
0,-0,0,0,32765
0,-0,0,0,32765
0,-0,0,0,32765
0,-0,0,0,32765
0,-0,0,0,32765
0,-0,0,0,32765
0,-0,0,0,32765
0,-0,0,0,32765
0,-0,0,0,32765
0,-0,0,0,32765
0,-0,0,0,32765
0,-0,0,0,32765
0,-0,0,0,32765
0,-0,0,0,32765
0,-0,0,0,32765
0,-0,0,0,32765
0,-0,0,0,32765
0,-0,0,0,32765
0,-0,0,0,32765
0,-0,0,0,32765
0,-0,0,0,32765
0,-0,0,0,32765
0,-0,0,0,32765
0,-0,0,0,32765
0,-0,0,0,32765
0,-0,0,0,32765
0,-0,0,0,32765
0,-0,0,0,32765
0,-0,0,0,32765
0,-0,0,0,32765
0,-0,0,0,32765
0,-0,0,0,32765
0,-0,0,0,32765
0,-0,0,0,32765
0,-0,0,0,32765
0,-0,0,0,32765
2.0294,0.0179399,0.289329,17,32765
1.98975,0.0111175,0.28437,17,32765
1.97981,0.00460684,0.283452,17,32765
1.95998,-0.00189259,0.280831,17,32765
1.99947,-0.00859547,0.287113,17,32765
1.9499,-0.0148998,0.280329,17,32765
1.94978,-0.0212882,0.280735,16,32765
1.92985,-0.0273368,0.278256,17,32765
1.93963,-0.0336968,0.279841,17,32765
1.8999,-0.0392236,0.274278,17,32765
1.91953,-0.0459244,0.277283,17,32765
1.90943,-0.0520174,0.276178,17,32765
1.88945,-0.0577046,0.273385,17,32765
1.89912,-0.0643345,0.274972,18,32765
1.88898,-0.0703009,0.273685,17,32765
1.86896,-0.0757674,0.270848,16,32765
1.85879,-0.0813918,0.269575,13,32765
0,-0,0,0,32765
5.12977,-0.25838,0.74488,15,32765
5.06958,-0.272284,0.736259,17,32765
5.22674,-0.29816,0.759231,25,32765
5.26518,-0.317587,0.765429,27,32765
5.18512,-0.329868,0.753804,17,32765
0,-0,0,0,32765
0,-0,0,0,32765
0,-0,0,0,32765
0,-0,0,0,32765
0,-0,0,0,32765
0,-0,0,0,32765
0,-0,0,0,32765
0,-0,0,0,32765
0,-0,0,0,32765
0,-0,0,0,32765
0,-0,0,0,32765
0,-0,0,0,32765
0,-0,0,0,32765
0,-0,0,0,32765
0,-0,0,0,32765
0,-0,0,0,32765
0,-0,0,0,32765
0,-0,0,0,32765
0,-0,0,0,32765
0,-0,0,0,32765
0,-0,0,0,32765
0,-0,0,0,32765
0,-0,0,0,32765
0,-0,0,0,32765
0,-0,0,0,32765
0,-0,0,0,32765
0,-0,0,0,32765
0,-0,0,0,32765
0,-0,0,0,32765
0,-0,0,0,32765
0,-0,0,0,32765
0,-0,0,0,32765
0,-0,0,0,32765
0,-0,0,0,32765
0,-0,0,0,32765
0,-0,0,0,32765
0,-0,0,0,32765
0,-0,0,0,32765
0,-0,0,0,32765
0,-0,0,0,32765
0,-0,0,0,32765
0,-0,0,0,32765
0,-0,0,0,32765
0,-0,0,0,32765
0,-0,0,0,32765
0,-0,0,0,32765
0,-0,0,0,32765
0,-0,0,0,32765
0,-0,0,0,32765
0,-0,0,0,32765
0,-0,0,0,32765
0,-0,0,0,32765
0,-0,0,0,32765
0,-0,0,0,32765
0,-0,0,0,32765
0,-0,0,0,32765
0,-0,0,0,32765
0,-0,0,0,32765
0,-0,0,0,32765
0,-0,0,0,32765
0,-0,0,0,32765
0,-0,0,0,32765
0,-0,0,0,32765
0,-0,0,0,32765
0,-0,0,0,32765
0,-0,0,0,32765
0,-0,0,0,32765
0,-0,0,0,32765
0,-0,0,0,32765
0,-0,0,0,32765
0,-0,0,0,32765
0,-0,0,0,32765
0,-0,0,0,32765
0,-0,0,0,32765
0,-0,0,0,32765
0,-0,0,0,32765
0,-0,0,0,32765
0,-0,0,0,32765
1.96911,0.0161635,0.287122,16,32765
1.9891,0.00986767,0.288932,16,32765
1.98925,0.00333679,0.288024,16,32765
1.97947,-0.00330259,0.285791,16,32765
1.92018,-0.00952556,0.276423,16,32765
1.92027,-0.015894,0.275548,16,32765
1.92026,-0.0221541,0.275154,17,32765
1.97966,-0.0292753,0.283029,17,32765
1.94993,-0.0351285,0.278288,17,32765
1.90036,-0.0405102,0.270892,16,32765
1.88051,-0.0463515,0.267438,17,32765
1.93979,-0.0543092,0.275462,17,32765
1.90999,-0.0597161,0.270711,17,32765
1.90985,-0.0660842,0.270193,17,32765
1.92947,-0.0730514,0.272564,16,32765
0,-0,0,0,32765
5.00569,-0.222412,0.705151,12,32765
5.10395,-0.243527,0.718333,14,32765
5.17249,-0.263757,0.727113,14,32765
5.31013,-0.288224,0.745918,21,32765
5.25,-0.302225,0.736382,15,32765
5.31832,-0.323815,0.745023,13,32765
0,-0,0,0,32765
0,-0,0,0,32765
0,-0,0,0,32765
0,-0,0,0,32765
0,-0,0,0,32765
0,-0,0,0,32765
0,-0,0,0,32765
0,-0,0,0,32765
0,-0,0,0,32765
0,-0,0,0,32765
0,-0,0,0,32765
0,-0,0,0,32765
0,-0,0,0,32765
0,-0,0,0,32765
0,-0,0,0,32765
0,-0,0,0,32765
0,-0,0,0,32765
0,-0,0,0,32765
0,-0,0,0,32765
0,-0,0,0,32765
0,-0,0,0,32765
0,-0,0,0,32765
0,-0,0,0,32765
0,-0,0,0,32765
0,-0,0,0,32765
0,-0,0,0,32765
0,-0,0,0,32765
0,-0,0,0,32765
0,-0,0,0,32765
0,-0,0,0,32765
0,-0,0,0,32765
0,-0,0,0,32765
0,-0,0,0,32765
0,-0,0,0,32765
0,-0,0,0,32765
0,-0,0,0,32765
0,-0,0,0,32765
0,-0,0,0,32765
0,-0,0,0,32765
0,-0,0,0,32765
0,-0,0,0,32765
0,-0,0,0,32765
0,-0,0,0,32765
0,-0,0,0,32765
0,-0,0,0,32765
0,-0,0,0,32765
0,-0,0,0,32765
0,-0,0,0,32765
0,-0,0,0,32765
0,-0,0,0,32765
0,-0,0,0,32765
0,-0,0,0,32765
0,-0,0,0,32765
0,-0,0,0,32765
0,-0,0,0,32765
0,-0,0,0,32765
0,-0,0,0,32765
0,-0,0,0,32765
0,-0,0,0,32765
0,-0,0,0,32765
0,-0,0,0,32765
0,-0,0,0,32765
0,-0,0,0,32765
0,-0,0,0,32765
0,-0,0,0,32765
0,-0,0,0,32765
0,-0,0,0,32765
0,-0,0,0,32765
0,-0,0,0,32765
0,-0,0,0,32765
0,-0,0,0,32765
0,-0,0,0,32765
0,-0,0,0,32765
0,-0,0,0,32765
0,-0,0,0,32765
0,-0,0,0,32765
0,-0,0,0,32765
0,-0,0,0,32765
0,-0,0,0,32765
1.98164,0.0164983,0.269884,18,32765
1.98183,0.0100523,0.268812,17,32765
1.95224,0.00348085,0.263889,17,32765
1.97217,-0.00309366,0.265771,18,32765
1.95244,-0.00950204,0.262292,18,32765
1.93269,-0.0158265,0.258748,17,32765
1.91286,-0.0219108,0.255702,18,32765
1.93268,-0.028432,0.257731,19,32765
1.94256,-0.0348571,0.258559,18,32765
1.93257,-0.0410696,0.256901,18,32765
1.89286,-0.0465425,0.250995,18,32765
1.90266,-0.0531667,0.251896,17,32765
1.97191,-0.0615566,0.260528,13,32765
0,-0,0,0,32765
4.82495,-0.182498,0.635192,12,32765
4.83435,-0.198813,0.63558,12,32765
4.97249,-0.22081,0.652652,13,32765
4.92232,-0.234763,0.645425,12,32765
5.08999,-0.259477,0.666553,13,32765
4.93077,-0.26759,0.645192,13,32765
0,-0,0,0,32765
5.12713,-0.312189,0.668901,11,32765
5.29433,-0.339938,0.690634,11,32765
5.12506,-0.346101,0.66809,11,32765
5.12389,-0.362911,0.668175,11,32765
5.17223,-0.383335,0.673785,12,32765
5.20074,-0.40264,0.676569,12,32765
5.2093,-0.420391,0.677802,12,32765
5.21781,-0.438207,0.678838,12,32765
5.27571,-0.460316,0.685997,11,32765
5.24457,-0.475141,0.681764,11,32765
0,-0,0,0,32765
0,-0,0,0,32765
0,-0,0,0,32765
0,-0,0,11,32765
0,-0,0,0,32765
0,-0,0,0,32765
0,-0,0,0,32765
0,-0,0,0,32765
0,-0,0,0,32765
0,-0,0,0,32765
0,-0,0,0,32765
0,-0,0,0,32765
0,-0,0,0,32765
0,-0,0,0,32765
0,-0,0,0,32765
0,-0,0,0,32765
0,-0,0,0,32765
0,-0,0,0,32765
0,-0,0,0,32765
0,-0,0,0,32765
0,-0,0,0,32765
0,-0,0,0,32765
0,-0,0,0,32765
0,-0,0,0,32765
0,-0,0,0,32765
0,-0,0,0,32765
0,-0,0,0,32765
0,-0,0,0,32765
0,-0,0,0,32765
0,-0,0,0,32765
0,-0,0,0,32765
0,-0,0,0,32765
0,-0,0,0,32765
0,-0,0,0,32765
0,-0,0,0,32765
0,-0,0,0,32765
0,-0,0,0,32765
0,-0,0,0,32765
0,-0,0,0,32765
0,-0,0,0,32765
0,-0,0,0,32765
0,-0,0,0,32765
0,-0,0,0,32765
0,-0,0,0,32765
0,-0,0,0,32765
0,-0,0,0,32765
0,-0,0,0,32765
0,-0,0,0,32765
0,-0,0,0,32765
0,-0,0,0,32765
0,-0,0,0,32765
0,-0,0,0,32765
0,-0,0,0,32765
0,-0,0,0,32765
0,-0,0,0,32765
0,-0,0,0,32765
0,-0,0,0,32765
0,-0,0,0,32765
0,-0,0,0,32765
0,-0,0,0,32765
0,-0,0,0,32765
0,-0,0,0,32765
0,-0,0,0,32765
0,-0,0,0,32765
0,-0,0,0,32765
0,-0,0,0,32765
0,-0,0,0,32765
0,-0,0,0,32765
0,-0,0,0,32765
0,-0,0,0,32765
2.01527,0.0206151,0.243259,15,32765
1.99539,0.0136227,0.241537,15,32765
2.00527,0.00703612,0.243361,15,32765
1.93574,0.000588671,0.235361,16,32765
1.98533,-0.0056632,0.241724,16,32765
1.94557,-0.0119306,0.237107,16,32765
1.94547,-0.0183773,0.23752,16,32765
1.97514,-0.0252224,0.241444,16,32765
1.92539,-0.030939,0.235586,16,32765
1.88555,-0.0364573,0.230987,17,32765
1.95486,-0.0442196,0.239761,16,32765
1.90507,-0.0492971,0.233819,16,32765
1.8652,-0.0544244,0.229036,16,32765
1.81539,-0.0590206,0.223102,15,32765
1.85483,-0.0664826,0.228184,15,32765
1.79509,-0.0703992,0.220872,15,32765
1.82458,-0.077616,0.224719,15,32765
1.83421,-0.0840187,0.226115,15,32765
1.81407,-0.0890397,0.223857,15,32765
1.86331,-0.0974978,0.230113,15,32765
1.82334,-0.101423,0.225296,15,32765
1.77345,-0.104494,0.219198,15,32765
1.783,-0.110935,0.220478,14,32765
1.73311,-0.113539,0.214359,14,32765
1.76241,-0.121253,0.218192,14,32765
1.82139,-0.131425,0.225568,15,32765
1.79125,-0.135288,0.221842,15,32765
1.78088,-0.140551,0.22073,15,32765
1.78041,-0.14645,0.220631,15,32765
1.77002,-0.151453,0.21956,14,32765
1.78926,-0.158982,0.222162,15,32765
1.72946,-0.159321,0.214668,14,32765
1.74867,-0.166933,0.217193,14,32765
1.73824,-0.171815,0.215886,14,32765
1.80675,-0.184755,0.224579,13,32765
1.68768,-0.178291,0.20989,13,32765
1.73643,-0.189223,0.21586,13,32765
1.69634,-0.1905,0.211075,13,32765
1.72529,-0.199453,0.214733,13,32765
1.76407,-0.209817,0.219382,13,32765
1.82244,-0.222906,0.226981,13,32765
1.75276,-0.220331,0.2184,13,32765
1.71265,-0.221066,0.213473,13,32765
1.75124,-0.231984,0.218495,12,32765
1.69147,-0.229742,0.211071,12,32765
1.74969,-0.24355,0.218325,12,32765
1.75871,-0.250691,0.21955,12,32765
1.67929,-0.245077,0.209808,12,32765
1.69808,-0.253631,0.212336,12,32765
1.71684,-0.262322,0.214808,13,32765
1.7944,-0.28034,0.224557,12,32765
0,-0,0,0,32765
1.6358,-0.266685,0.204753,11,32765
0,-0,0,0,32765
0,-0,0,0,32765
0,-0,0,0,32765
0,-0,0,0,32765
0,-0,0,0,32765
0,-0,0,0,32765
0,-0,0,0,32765
0,-0,0,0,32765
0,-0,0,0,32765
0,-0,0,0,32765
0,-0,0,0,32765
0,-0,0,0,32765
0,-0,0,0,32765
0,-0,0,0,32765
0,-0,0,0,32765
0,-0,0,0,32765
0,-0,0,0,32765
0,-0,0,0,32765
0,-0,0,0,32765
0,-0,0,0,32765
0,-0,0,0,32765
0,-0,0,0,32765
0,-0,0,0,32765
0,-0,0,0,32765
0,-0,0,0,32765
0,-0,0,0,32765
0,-0,0,0,32765
0,-0,0,0,32765
0,-0,0,0,32765
0,-0,0,0,32765
0,-0,0,0,32765
0,-0,0,0,32765
0,-0,0,0,32765
0,-0,0,0,32765
0,-0,0,0,32765
0,-0,0,0,32765
0,-0,0,0,32765
0,-0,0,0,32765
0,-0,0,0,32765
0,-0,0,0,32765
0,-0,0,0,32765
0,-0,0,0,32765
0,-0,0,0,32765
0,-0,0,0,32765
0,-0,0,0,32765
0,-0,0,0,32765
0,-0,0,0,32765
0,-0,0,0,32765
1.96778,0.0203315,0.218715,16,32765
1.94789,0.0134874,0.217163,16,32765
1.95779,0.00704849,0.218879,16,32765
1.96769,0.000767561,0.220431,17,32765
1.96765,-0.00545421,0.220755,17,32765
1.95766,-0.011858,0.21986,17,32765
1.95756,-0.0183559,0.220275,17,32765
1.93758,-0.0246196,0.218321,17,32765
1.90766,-0.0305436,0.215169,17,32765
1.90752,-0.0367822,0.21543,18,32765
1.92723,-0.0435047,0.217935,18,32765
1.90719,-0.0492737,0.215831,18,32765
1.86728,-0.054419,0.211423,17,32765
1.877,-0.0609682,0.21271,18,32765
1.89662,-0.0679352,0.215171,18,32765
1.87653,-0.073559,0.212928,18,32765
1.83654,-0.0781024,0.208609,17,32765
1.85611,-0.0850096,0.211042,18,32765
1.86572,-0.0915729,0.212362,18,32765
1.85548,-0.0970962,0.211371,18,32765
1.84522,-0.102659,0.21032,18,32765
1.84487,-0.108732,0.210346,18,32765
1.80483,-0.112333,0.205879,18,32765
1.81436,-0.118912,0.207015,18,32765
1.83377,-0.126224,0.209442,18,32765
1.82342,-0.131644,0.208331,18,32765
1.78335,-0.134772,0.203755,18,32765
1.81258,-0.143146,0.207267,18,32765
1.7725,-0.1459,0.202637,17,32765
1.80169,-0.154276,0.206191,18,32765
1.76157,-0.156642,0.201806,17,32765
1.79075,-0.165101,0.205073,18,32765
1.7704,-0.16915,0.20288,18,32765
1.75006,-0.173134,0.200533,18,32765
1.76922,-0.181081,0.202903,18,32765
1.72908,-0.182835,0.198408,18,32765
1.72848,-0.188537,0.198241,18,32765
1.72784,-0.194228,0.198364,18,32765
1.73707,-0.201017,0.199475,17,32765
1.72656,-0.205567,0.198088,18,32765
1.70611,-0.208897,0.196053,18,32765
1.67583,-0.210886,0.192661,18,32765
1.72439,-0.222824,0.198308,17,32765
1.67438,-0.222047,0.192753,18,32765
1.6638,-0.226237,0.19156,18,32765
1.68273,-0.234496,0.193723,18,32765
1.67211,-0.238623,0.192589,18,32765
1.69096,-0.247069,0.194925,18,32765
1.67047,-0.249802,0.192732,18,32765
1.66961,-0.255412,0.192749,18,32765
1.64912,-0.257955,0.190416,18,32765
1.63845,-0.261893,0.18919,19,32765
1.6572,-0.270508,0.191377,19,32765
1.64647,-0.274343,0.19043,19,32765
1.64555,-0.279824,0.190448,19,32765
1.62503,-0.281926,0.188129,19,32765
1.62406,-0.287396,0.188233,19,32765
1.63288,-0.294557,0.189333,19,32765
1.62214,-0.29811,0.188155,18,32765
1.63091,-0.305225,0.18942,19,32765
1.59085,-0.303122,0.184943,18,32765
1.6191,-0.314038,0.188423,19,32765
1.6278,-0.321328,0.189549,19,32765
1.578,-0.316925,0.184044,18,32765
1.60612,-0.328208,0.187538,18,32765
1.5758,-0.327544,0.184271,19,32765
1.56496,-0.330722,0.183338,18,32765
1.55417,-0.33373,0.182143,18,32765
1.57247,-0.343015,0.184582,17,32765
1.57131,-0.348205,0.184742,18,32765
1.56042,-0.351276,0.183813,17,32765
1.55923,-0.356488,0.18393,16,32765
1.56767,-0.363946,0.185374,16,32765
1.52778,-0.359939,0.180951,15,32765
1.53624,-0.367209,0.182237,15,32765
1.57363,-0.381536,0.187151,14,32765
1.52412,-0.374805,0.181565,14,32765
1.61927,-0.403769,0.193252,13,32765
1.56013,-0.394403,0.186693,13,32765
1.55881,-0.399478,0.1869,12,32765
0,-0,0,0,32765
0,-0,0,0,32765
0,-0,0,0,32765
0,-0,0,0,32765
0,-0,0,0,32765
0,-0,0,0,32765
0,-0,0,0,32765
0,-0,0,0,32765
0,-0,0,0,32765
0,-0,0,0,32765
0,-0,0,0,32765
0,-0,0,0,32765
0,-0,0,0,32765
0,-0,0,0,32765
0,-0,0,0,32765
0,-0,0,0,32765
0,-0,0,0,32765
0,-0,0,0,32765
0,-0,0,0,32765
0,-0,0,0,32765
0,-0,0,0,32765
1.94719,0.0191887,0.222927,15,32765
1.94736,0.0125756,0.221862,15,32765
1.95743,0.00597581,0.222127,15,32765
1.91777,-0.00045945,0.216918,16,32765
1.96751,-0.00683875,0.2219,16,32765
1.89803,-0.0127387,0.21312,16,32765
1.85829,-0.0186017,0.208125,16,32765
1.87815,-0.0249749,0.209854,17,32765
1.90791,-0.0316026,0.212765,16,32765
1.84825,-0.0366801,0.20545,17,32765
1.85808,-0.0429985,0.206357,17,32765
1.84806,-0.0488441,0.204653,17,32765
1.87775,-0.0558521,0.207491,17,32765
1.82793,-0.0604577,0.201545,17,32765
1.85755,-0.0676607,0.204543,18,32765
1.85735,-0.0738662,0.20423,18,32765
1.84717,-0.0796286,0.20302,18,32765
1.81716,-0.084277,0.199282,17,32765
1.80698,-0.0896959,0.197975,18,32765
1.84644,-0.0976124,0.201821,18,32765
1.82627,-0.102483,0.19956,18,32765
1.79619,-0.106673,0.196059,18,32765
1.78594,-0.111923,0.194661,18,32765
1.78559,-0.11775,0.194432,18,32765
1.79513,-0.124328,0.195304,18,32765
1.78478,-0.129588,0.194341,18,32765
1.76453,-0.134021,0.192055,17,32765
1.78392,-0.141429,0.193973,18,32765
1.76363,-0.145661,0.191821,18,32765
1.74334,-0.149809,0.189577,17,32765
1.75277,-0.156452,0.190311,18,32765
1.77206,-0.16409,0.192322,18,32765
1.70224,-0.163335,0.184669,17,32765
1.72148,-0.170851,0.18688,17,32765
1.71102,-0.175524,0.185708,18,32765
1.68078,-0.178005,0.182452,17,32765
1.6802,-0.183545,0.182298,18,32765
1.68948,-0.190237,0.183251,18,32765
1.68881,-0.195806,0.183485,17,32765
1.68819,-0.20136,0.183218,18,32765
1.68749,-0.206906,0.183455,18,32765
1.67694,-0.211178,0.182444,18,32765
1.66636,-0.215451,0.181411,18,32765
1.68536,-0.223576,0.183523,18,32765
1.66488,-0.226536,0.181562,18,32765
1.64443,-0.229318,0.179358,18,32765
1.67316,-0.23903,0.182784,18,32765
1.62317,-0.237452,0.177324,18,32765
1.65183,-0.247337,0.18077,18,32765
1.61168,-0.246851,0.176526,19,32765
1.61084,-0.25224,0.17654,18,32765
1.63942,-0.262398,0.179841,18,32765
1.62871,-0.266215,0.178945,18,32765
1.60819,-0.268339,0.17696,18,32765
1.61709,-0.275335,0.178114,18,32765
1.59659,-0.277247,0.175885,18,32765
1.59565,-0.282606,0.175889,18,32765
1.61425,-0.291408,0.17823,18,32765
1.59371,-0.293182,0.176194,18,32765
1.60249,-0.300299,0.177326,18,32765
1.5917,-0.303738,0.176427,18,32765
1.60047,-0.31087,0.177389,18,32765
1.58966,-0.314236,0.176493,19,32765
1.57886,-0.317509,0.175456,18,32765
1.56807,-0.320773,0.174277,18,32765
1.56698,-0.325959,0.174451,18,32765
1.56587,-0.33121,0.174511,18,32765
1.56474,-0.336411,0.174675,18,32765
1.56362,-0.341584,0.174648,18,32765
1.56246,-0.346792,0.174791,19,32765
1.55161,-0.349805,0.173652,18,32765
1.56011,-0.357201,0.17486,19,32765
1.53956,-0.357894,0.172569,18,32765
1.53835,-0.362934,0.172765,19,32765
1.5275,-0.36563,0.171662,18,32765
1.52631,-0.370595,0.171603,18,32765
1.55403,-0.382667,0.175089,18,32765
1.53348,-0.38292,0.172953,18,32765
1.54186,-0.390355,0.174069,18,32765
1.52134,-0.390409,0.171769,18,32765
1.48158,-0.385355,0.167429,17,32765
1.48992,-0.392693,0.168569,17,32765
1.48865,-0.397501,0.168532,17,32765
1.45857,-0.39453,0.165287,16,32765
1.46686,-0.401941,0.166327,16,32765
1.44638,-0.401464,0.164069,16,32765
1.45463,-0.408895,0.16508,16,32765
1.47245,-0.418993,0.167171,16,32765
1.42332,-0.410008,0.161748,15,32765
1.40294,-0.408977,0.159378,15,32765
1.42069,-0.419092,0.161579,15,32765
1.40983,-0.420782,0.160391,15,32765
1.41804,-0.428084,0.161293,14,32765
1.44525,-0.441151,0.1644,14,32765
1.41538,-0.436886,0.161047,14,32765
1.41398,-0.441407,0.160973,14,32765
1.39362,-0.439999,0.15849,13,32765
1.39225,-0.444392,0.158252,13,32765
1.45719,-0.469922,0.165469,13,32765
1.37072,-0.446585,0.155511,13,32765
1.39772,-0.460132,0.15832,13,32765
1.92931,0.019201,0.202461,16,32765
1.92948,0.0126361,0.201406,17,32765
1.94949,0.00611701,0.202619,16,32765
1.91973,-0.000308828,0.198818,17,32765
1.92973,-0.0065672,0.199223,16,32765
1.87011,-0.012427,0.19214,16,32765
1.90991,-0.0190032,0.195681,16,32765
1.88999,-0.0250299,0.193143,17,32765
1.88,-0.0310495,0.191712,17,32765
1.87995,-0.0372302,0.191035,17,32765
1.86989,-0.0432046,0.189825,17,32765
1.84991,-0.0488379,0.187204,17,32765
1.85973,-0.0552724,0.187752,17,32765
1.83969,-0.0608148,0.185285,17,32765
1.83951,-0.0669831,0.184999,17,32765
1.85919,-0.0739302,0.186686,17,32765
1.81918,-0.0784239,0.182576,18,32765
1.84878,-0.0857567,0.185098,17,32765
1.84851,-0.0917824,0.184876,18,32765
1.7787,-0.0940658,0.177431,17,32765
1.8082,-0.101514,0.180315,17,32765
1.80788,-0.107425,0.180066,18,32765
1.84728,-0.115837,0.183698,17,32765
1.78734,-0.117943,0.177543,17,32765
1.79688,-0.124539,0.178321,17,32765
1.78652,-0.129815,0.177451,18,32765
1.78609,-0.13577,0.177323,17,32765
1.75589,-0.139327,0.174132,17,32765
1.77526,-0.146754,0.176104,17,32765
1.75494,-0.150948,0.174046,17,32765
1.73464,-0.154985,0.171741,17,32765
1.75395,-0.162577,0.173565,17,32765
1.71379,-0.164613,0.169509,17,32765
1.72314,-0.171198,0.170554,17,32765
1.73247,-0.177918,0.171435,17,32765
1.71209,-0.181523,0.16944,18,32765
1.69171,-0.185012,0.167326,18,32765
1.67131,-0.18841,0.165251,18,32765
1.70032,-0.197372,0.168419,18,32765
1.70957,-0.204155,0.169129,18,32765
1.68911,-0.207356,0.167411,18,32765
1.68841,-0.212885,0.167473,18,32765
1.68769,-0.218481,0.167514,18,32765
1.66723,-0.221451,0.165521,18,32765
1.6566,-0.225698,0.164726,18,32765
1.68541,-0.235338,0.167611,19,32765
1.67475,-0.23957,0.166835,20,32765
1.65425,-0.242318,0.164787,20,32765
1.64355,-0.246426,0.164027,19,32765
1.66238,-0.254961,0.166053,19,32765
1.64186,-0.257446,0.164103,20,32765
1.63114,-0.261431,0.163192,19,32765
1.64989,-0.270048,0.165341,19,32765
1.61952,-0.270605,0.162561,19,32765
1.59899,-0.272634,0.160665,19,32765
1.6177,-0.281308,0.162566,19,32765
1.61674,-0.286748,0.16257,19,32765
1.59618,-0.288557,0.16078,19,32765
1.61477,-0.297484,0.16288,19,32765
1.60398,-0.301014,0.161944,20,32765
1.60296,-0.306331,0.162128,19,32765
1.62149,-0.315415,0.163983,20,32765
1.61065,-0.318855,0.163183,20,32765
1.60959,-0.324168,0.163231,20,32765
1.56951,-0.321547,0.159178,19,32765
1.56842,-0.326747,0.159353,19,32765
1.56731,-0.332014,0.159413,19,32765
1.55645,-0.335134,0.158586,20,32765
1.55533,-0.34029,0.158559,19,32765
1.55417,-0.34548,0.158702,20,32765
1.55302,-0.35066,0.15865,19,32765
1.55182,-0.355853,0.158772,20,32765
1.57002,-0.365542,0.160635,20,32765
1.54943,-0.366115,0.15885,19,32765
1.53855,-0.368851,0.157841,19,32765
1.54701,-0.376212,0.158774,19,32765
1.52644,-0.376465,0.157013,19,32765
1.5445,-0.386282,0.159041,20,32765
1.50465,-0.38154,0.155092,19,32765
1.50342,-0.386424,0.154971,19,32765
1.51177,-0.393839,0.155973,19,32765
1.49124,-0.393671,0.15404,19,32765
1.46112,-0.390779,0.151022,18,32765
1.48866,-0.403321,0.15402,19,32765
1.49693,-0.410846,0.154966,19,32765
1.46681,-0.407799,0.151902,18,32765
1.46547,-0.412615,0.151826,19,32765
1.47371,-0.420043,0.152737,19,32765
1.4819,-0.427588,0.153735,19,32765
1.48055,-0.432318,0.153525,19,32765
1.43144,-0.422965,0.148606,18,32765
1.43962,-0.430392,0.149491,18,32765
1.44781,-0.437803,0.150296,18,32765
1.43695,-0.439353,0.149168,18,32765
1.45459,-0.449745,0.151033,19,32765
1.43415,-0.448461,0.148984,19,32765
1.4517,-0.459114,0.150622,19,32765
1.44079,-0.460668,0.149391,19,32765
1.42049,-0.458873,0.147116,19,32765
1.43805,-0.469328,0.148775,18,32765
1.39884,-0.461296,0.144452,18,32765
1.86235,0.0220007,0.167556,16,32765
1.95199,0.0164836,0.176208,16,32765
1.89225,0.00971806,0.171194,16,32765
1.91215,0.00344347,0.173407,15,32765
1.89218,-0.00285759,0.172141,15,32765
1.91205,-0.00928965,0.174282,16,32765
1.87216,-0.0152459,0.170804,17,32765
1.86213,-0.0211487,0.17012,16,32765
1.84211,-0.0269771,0.16856,16,32765
1.88181,-0.0337686,0.172431,16,32765
1.85179,-0.0394475,0.170091,16,32765
1.84169,-0.0453838,0.169138,16,32765
1.8216,-0.050902,0.167607,17,32765
1.82141,-0.0569395,0.167715,16,32765
1.82122,-0.0628421,0.167709,16,32765
1.82096,-0.0688354,0.168124,17,32765
1.82072,-0.0748427,0.168116,16,32765
1.80057,-0.080059,0.166299,17,32765
1.84006,-0.0880366,0.170115,17,32765
1.79003,-0.0916657,0.165547,17,32765
1.77975,-0.0970481,0.16482,16,32765
1.78936,-0.103468,0.165736,17,32765
1.77908,-0.108654,0.164791,16,32765
1.77872,-0.114421,0.164861,17,32765
1.78828,-0.120843,0.1657,16,32765
1.75804,-0.124737,0.163194,16,32765
1.76752,-0.131369,0.164328,16,32765
1.73729,-0.134922,0.16157,16,32765
1.81622,-0.147172,0.169062,17,32765
1.74627,-0.147318,0.16261,16,32765
1.78546,-0.15655,0.166252,17,32765
1.7651,-0.160703,0.164313,16,32765
1.74471,-0.164632,0.162739,16,32765
1.75408,-0.171376,0.163549,17,32765
1.76339,-0.178153,0.164673,17,32765
1.72317,-0.17992,0.160974,16,32765
1.73247,-0.186772,0.161788,17,32765
1.73184,-0.192618,0.161662,17,32765
1.71139,-0.19616,0.159861,17,32765
1.69094,-0.199508,0.158132,17,32765
1.70016,-0.206282,0.15903,17,32765
1.71925,-0.214346,0.160692,17,32765
1.67904,-0.214909,0.156961,17,32765
1.66845,-0.21917,0.156027,17,32765
1.64797,-0.22204,0.15424,18,32765
1.64721,-0.227534,0.154328,19,32765
1.63659,-0.231614,0.153402,19,32765
1.6358,-0.23709,0.153499,18,32765
1.635,-0.242584,0.153388,18,32765
1.65385,-0.25101,0.155454,19,32765
1.63331,-0.253541,0.153654,18,32765
1.64227,-0.260579,0.154723,18,32765
1.61192,-0.261267,0.151854,18,32765
1.65034,-0.273136,0.155529,18,32765
1.61016,-0.271875,0.151844,18,32765
1.58961,-0.273935,0.150044,18,32765
1.62789,-0.28621,0.153807,18,32765
1.59752,-0.286351,0.151146,18,32765
1.59655,-0.291647,0.151237,18,32765
1.5858,-0.294975,0.150407,18,32765
1.61417,-0.305761,0.153213,18,32765
1.57403,-0.303552,0.149642,18,32765
1.59256,-0.312551,0.15155,19,32765
1.5622,-0.312025,0.148872,18,32765
1.57092,-0.319128,0.149939,18,32765
1.56982,-0.324376,0.150146,18,32765
1.58821,-0.333724,0.15199,19,32765
1.54813,-0.330655,0.148483,19,32765
1.54702,-0.335755,0.148648,19,32765
1.5459,-0.340792,0.148819,18,32765
1.54476,-0.345911,0.148908,19,32765
1.54359,-0.351021,0.149054,19,32765
1.53271,-0.353786,0.14845,19,32765
1.54122,-0.361092,0.149529,19,32765
1.52064,-0.361479,0.147946,19,32765
1.52911,-0.368828,0.149,19,32765
1.50852,-0.369124,0.147337,19,32765
1.50729,-0.374032,0.14754,19,32765
1.50604,-0.378967,0.147781,19,32765
1.50476,-0.383844,0.148169,19,32765
1.50346,-0.388775,0.148516,19,32765
1.50216,-0.393716,0.14871,20,32765
1.48158,-0.393513,0.147238,19,32765
1.48026,-0.398324,0.147514,19,32765
1.50777,-0.410896,0.150652,20,32765
1.44881,-0.399892,0.145385,19,32765
1.46666,-0.409932,0.147516,19,32765
1.48443,-0.420078,0.150016,19,32765
1.45429,-0.416739,0.147495,19,32765
1.47202,-0.426932,0.149925,19,32765
1.46105,-0.428885,0.149331,19,32765
1.44052,-0.427988,0.147793,18,32765
1.43909,-0.432599,0.148218,19,32765
1.44717,-0.440075,0.149797,19,32765
1.46474,-0.450459,0.152366,19,32765
1.43475,-0.44627,0.149814,19,32765
1.45223,-0.456823,0.152429,18,32765
1.42227,-0.45236,0.150055,18,32765
1.43025,-0.459848,0.151727,19,32765
1.44767,-0.470405,0.154495,19,32765
1.43664,-0.471815,0.15441,19,32765
1.97348,0.02348,0.158803,17,32765
1.92367,0.0163947,0.155371,17,32765
1.90374,0.00991431,0.154143,17,32765
1.89377,0.00353523,0.153743,17,32765
1.88376,-0.00273202,0.153472,17,32765
1.88371,-0.00905077,0.153796,17,32765
1.88366,-0.0152499,0.15395,17,32765
1.86365,-0.0210884,0.152546,17,32765
1.84362,-0.0269337,0.151174,18,32765
1.86343,-0.0333838,0.153032,18,32765
1.84335,-0.0392247,0.151791,17,32765
1.81332,-0.0446538,0.149291,17,32765
1.87291,-0.0523155,0.154518,18,32765
1.84283,-0.0576006,0.152163,17,32765
1.82272,-0.0628965,0.150511,17,32765
1.84238,-0.0696588,0.152576,18,32765
1.82223,-0.0749293,0.150918,17,32765
1.75227,-0.0779468,0.145166,17,32765
1.80176,-0.0862516,0.149427,18,32765
1.7716,-0.0907799,0.14698,17,32765
1.77127,-0.0966544,0.147172,17,32765
1.77094,-0.102483,0.147167,17,32765
1.74076,-0.106403,0.144663,17,32765
1.78018,-0.114617,0.14804,17,32765
1.75992,-0.119039,0.146305,17,32765
1.72967,-0.122845,0.144077,17,32765
1.77892,-0.132351,0.14843,17,32765
1.74866,-0.135949,0.145955,17,32765
1.72832,-0.140202,0.144398,17,32765
1.74771,-0.147606,0.146072,17,32765
1.75714,-0.154245,0.14685,18,32765
1.69708,-0.154693,0.141783,17,32765
1.71638,-0.162154,0.143709,18,32765
1.70592,-0.166877,0.142767,18,32765
1.70535,-0.172506,0.142961,18,32765
1.70476,-0.178225,0.142963,18,32765
1.70416,-0.183959,0.142853,18,32765
1.68373,-0.187514,0.14107,18,32765
1.70288,-0.195445,0.142776,18,32765
1.68242,-0.198771,0.141235,18,32765
1.66197,-0.201924,0.139547,18,32765
1.65142,-0.206175,0.138536,18,32765
1.67051,-0.214117,0.140159,18,32765
1.64015,-0.215758,0.137661,18,32765
1.6493,-0.222536,0.13855,19,32765
1.64854,-0.228045,0.138638,18,32765
1.64777,-0.233535,0.138636,18,32765
1.64697,-0.239059,0.138734,19,32765
1.63631,-0.243137,0.137793,18,32765
1.64532,-0.250087,0.13884,18,32765
1.61492,-0.251062,0.136396,18,32765
1.6239,-0.258052,0.13737,19,32765
1.62303,-0.263468,0.13728,19,32765
1.63198,-0.27051,0.138083,19,32765
1.62126,-0.274169,0.137271,19,32765
1.59086,-0.274575,0.134827,18,32765
1.59973,-0.281696,0.135717,19,32765
1.59877,-0.287024,0.135835,18,32765
1.5978,-0.292334,0.135927,18,32765
1.59684,-0.297497,0.136026,19,32765
1.60564,-0.304627,0.136881,19,32765
1.58504,-0.306162,0.135356,19,32765
1.58402,-0.311373,0.135405,19,32765
1.59273,-0.318633,0.136355,19,32765
1.60142,-0.325852,0.137332,19,32765
1.56127,-0.323134,0.134187,19,32765
1.56018,-0.328368,0.134167,19,32765
1.57856,-0.337704,0.136072,19,32765
1.54821,-0.336564,0.133718,18,32765
1.54709,-0.341614,0.133889,18,32765
1.55566,-0.348928,0.134821,18,32765
1.54476,-0.351871,0.134126,18,32765
1.52417,-0.3524,0.13277,18,32765
1.55209,-0.364246,0.135448,19,32765
1.53149,-0.364666,0.134055,19,32765
1.53026,-0.369727,0.134167,18,32765
1.51934,-0.372397,0.133543,18,32765
1.52777,-0.379753,0.1346,18,32765
1.51683,-0.38233,0.133991,18,32765
1.50589,-0.384785,0.133526,18,32765
1.45637,-0.377238,0.129583,18,32765
1.49364,-0.392154,0.13321,19,32765
1.49231,-0.397043,0.133648,18,32765
1.49099,-0.401898,0.133926,19,32765
1.49928,-0.409286,0.135053,19,32765
1.4883,-0.411499,0.134692,19,32765
1.45816,-0.408259,0.132289,19,32765
1.45678,-0.412967,0.132851,18,32765
1.4841,-0.426018,0.135864,19,32765
1.48268,-0.430771,0.136358,19,32765
1.47169,-0.43276,0.13586,19,32765
1.45113,-0.431894,0.134514,19,32765
1.45923,-0.439421,0.13583,20,32765
1.43871,-0.43827,0.134648,20,32765
1.43727,-0.442786,0.135236,20,32765
1.4263,-0.444423,0.134754,20,32765
1.41531,-0.445992,0.134472,20,32765
1.43281,-0.456516,0.136896,20,32765
1.42183,-0.457947,0.136658,20,32765
1.42981,-0.465421,0.138319,20,32765
1.4188,-0.466777,0.138316,20,32765
1.92314,0.0218073,0.161053,16,32765
1.87346,0.0149191,0.155955,16,32765
1.87358,0.00867594,0.155048,16,32765
1.85371,0.00251634,0.152825,16,32765
1.87372,-0.00362921,0.15353,16,32765
1.86377,-0.00984607,0.152227,17,32765
1.83388,-0.0157691,0.14911,16,32765
1.83386,-0.0218502,0.148635,17,32765
1.81389,-0.0275033,0.146409,17,32765
1.85369,-0.0342375,0.149163,17,32765
1.80378,-0.0392879,0.144659,16,32765
1.7937,-0.0450508,0.143565,16,32765
1.8135,-0.0515617,0.144732,17,32765
1.77351,-0.0562254,0.141129,17,32765
1.80323,-0.0630778,0.143091,17,32765
1.77316,-0.0678049,0.140372,17,32765
1.80283,-0.0749195,0.14244,17,32765
1.79264,-0.0804538,0.141269,17,32765
1.78242,-0.0859043,0.140313,17,32765
1.79211,-0.0923985,0.140782,17,32765
1.80177,-0.0988158,0.141343,17,32765
1.73177,-0.100684,0.135743,17,32765
1.72151,-0.10577,0.13462,16,32765
1.71122,-0.110701,0.133708,16,32765
1.7606,-0.119708,0.137358,17,32765
1.72044,-0.122622,0.134004,17,32765
1.72996,-0.129072,0.134829,17,32765
1.67983,-0.130957,0.130886,17,32765
1.6794,-0.136472,0.130681,17,32765
1.69882,-0.143739,0.132096,17,32765
1.68842,-0.148467,0.13118,17,32765
1.68792,-0.154082,0.131073,16,32765
1.66754,-0.157868,0.129534,17,32765
1.67694,-0.164352,0.130218,17,32765
1.71607,-0.173986,0.133228,18,32765
1.65598,-0.173443,0.128585,17,32765
1.69505,-0.183222,0.131686,17,32765
1.6746,-0.186691,0.13023,17,32765
1.62445,-0.186518,0.126391,16,32765
1.71294,-0.202444,0.133271,17,32765
1.65286,-0.200915,0.128737,17,32765
1.6324,-0.203889,0.127253,18,32765
1.62182,-0.208102,0.126451,17,32765
1.67055,-0.219937,0.130319,17,32765
1.65992,-0.22418,0.129598,17,32765
1.62955,-0.225558,0.127297,18,32765
1.61893,-0.229519,0.126402,17,32765
1.61815,-0.234928,0.126481,17,32765
1.59762,-0.237327,0.125214,18,32765
1.5968,-0.242684,0.125385,18,32765
1.61569,-0.251111,0.126838,18,32765
1.58527,-0.251916,0.124713,18,32765
1.59422,-0.258964,0.125652,18,32765
1.60317,-0.265922,0.126637,18,32765
1.59243,-0.269634,0.125896,18,32765
1.60135,-0.276614,0.12671,18,32765
1.60042,-0.281875,0.126863,18,32765
1.57983,-0.283702,0.12556,17,32765
1.53966,-0.281699,0.122412,18,32765
1.56811,-0.292327,0.124831,18,32765
1.5769,-0.299379,0.125879,18,32765
1.56611,-0.302714,0.125119,18,32765
1.56508,-0.307968,0.125186,18,32765
1.5445,-0.309189,0.12376,18,32765
1.58253,-0.322332,0.126918,18,32765
1.5912,-0.329609,0.127777,18,32765
1.59008,-0.334953,0.127912,17,32765
0,-0,0,0,32765
0,-0,0,0,32765
0,-0,0,0,32765
0,-0,0,0,32765
0,-0,0,0,32765
0,-0,0,0,32765
1.55274,-0.36481,0.126144,15,32765
1.52244,-0.362992,0.123734,15,32765
1.52125,-0.367951,0.123752,16,32765
1.54906,-0.380105,0.12625,16,32765
1.52844,-0.380438,0.124665,15,32765
1.52717,-0.385463,0.124774,16,32765
1.51625,-0.387992,0.123868,16,32765
1.51497,-0.392955,0.123868,17,32765
1.48477,-0.390231,0.121555,17,32765
1.51239,-0.402777,0.12389,17,32765
1.48221,-0.399808,0.121651,17,32765
1.51937,-0.41515,0.12473,18,32765
1.46998,-0.40679,0.1208,18,32765
1.50705,-0.422327,0.123893,19,32765
1.46731,-0.416381,0.120551,18,32765
1.46595,-0.421082,0.120697,18,32765
1.43588,-0.417467,0.118232,18,32765
1.45368,-0.427624,0.119815,19,32765
1.44277,-0.429383,0.118888,19,32765
1.45095,-0.43687,0.119518,19,32765
1.44004,-0.438553,0.118616,18,32765
1.44816,-0.446073,0.119401,18,32765
1.43725,-0.447671,0.118337,18,32765
1.44537,-0.455148,0.118985,19,32765
1.42495,-0.453636,0.117124,18,32765
1.3951,-0.448876,0.114525,18,32765
1.41265,-0.459475,0.115792,18,32765
1.40179,-0.460679,0.11469,18,32765
1.89466,0.0216343,0.140683,18,32765
1.87485,0.0150657,0.138275,17,32765
1.83506,0.00861796,0.134444,17,32765
1.86504,0.00264191,0.13606,18,32765
1.85513,-0.00349606,0.134403,18,32765
1.8352,-0.00961123,0.132479,18,32765
1.82523,-0.0156234,0.131087,18,32765
1.85513,-0.0220434,0.132755,18,32765
1.82517,-0.0276269,0.13,18,32765
1.8251,-0.0336741,0.129543,18,32765
1.80507,-0.039293,0.127633,17,32765
1.80495,-0.0453223,0.127336,18,32765
1.76493,-0.0501816,0.124105,18,32765
1.7947,-0.05691,0.125782,18,32765
1.76462,-0.0617514,0.123278,18,32765
1.78437,-0.0682696,0.124321,18,32765
1.78416,-0.0741912,0.124027,18,32765
1.74406,-0.0783319,0.120881,18,32765
1.75377,-0.0845935,0.121403,17,32765
1.73357,-0.0894616,0.11972,18,32765
1.73328,-0.0951523,0.119507,18,32765
1.73297,-0.100857,0.119373,18,32765
1.73265,-0.10657,0.119028,18,32765
1.71239,-0.110902,0.117526,18,32765
1.71203,-0.116542,0.117296,18,32765
1.72161,-0.122854,0.117728,18,32765
1.73114,-0.129321,0.118459,18,32765
1.68097,-0.131214,0.114986,19,32765
1.69049,-0.137552,0.115461,18,32765
1.69997,-0.144028,0.116009,18,32765
1.68956,-0.148769,0.115187,18,32765
1.67912,-0.15349,0.114402,18,32765
1.69846,-0.161021,0.11576,18,32765
1.688,-0.165671,0.114995,19,32765
1.67751,-0.170323,0.114248,18,32765
1.68686,-0.176935,0.114902,19,32765
1.67634,-0.181468,0.114248,18,32765
1.6658,-0.185988,0.113655,19,32765
1.66518,-0.191483,0.11367,18,32765
1.66453,-0.197023,0.113615,18,32765
1.64406,-0.200151,0.112351,18,32765
1.64338,-0.205578,0.112409,18,32765
1.64268,-0.211108,0.112379,19,32765
1.63209,-0.215211,0.111714,19,32765
1.63135,-0.220671,0.111763,19,32765
1.62073,-0.224695,0.111099,18,32765
1.61999,-0.230038,0.110976,18,32765
1.6192,-0.235461,0.111055,18,32765
1.6184,-0.240804,0.111335,18,32765
1.60771,-0.24474,0.110828,18,32765
1.6266,-0.253222,0.112093,19,32765
1.59615,-0.254063,0.110251,19,32765
1.59525,-0.259561,0.110417,19,32765
1.58452,-0.263267,0.109941,19,32765
1.58362,-0.268591,0.109978,19,32765
1.59255,-0.275556,0.110698,19,32765
1.59162,-0.280799,0.110851,19,32765
1.57102,-0.282598,0.109735,19,32765
1.5799,-0.289552,0.110391,18,32765
1.57891,-0.294844,0.110472,17,32765
1.5485,-0.294492,0.108677,17,32765
1.5671,-0.303427,0.110075,17,32765
1.56607,-0.308695,0.110142,16,32765
1.54547,-0.30992,0.108905,15,32765
1.56397,-0.319107,0.110309,13,32765
1.6215,-0.336472,0.114523,12,32765
0,-0,0,0,32765
0,-0,0,0,32765
0,-0,0,0,32765
0,-0,0,0,32765
0,-0,0,0,32765
0,-0,0,0,32765
0,-0,0,0,32765
1.56339,-0.367971,0.111799,12,32765
1.55247,-0.370817,0.11106,12,32765
1.52216,-0.368836,0.108997,12,32765
1.58874,-0.390547,0.113993,12,32765
1.60678,-0.400664,0.115376,12,32765
1.55709,-0.39373,0.112013,11,32765
1.50748,-0.386452,0.108419,11,32765
1.43862,-0.373834,0.103555,11,32765
1.52422,-0.401335,0.109866,11,32765
1.5229,-0.406324,0.109833,11,32765
1.50233,-0.405982,0.108573,11,32765
1.57797,-0.43196,0.114057,11,32765
1.4612,-0.405112,0.10573,11,32765
1.41185,-0.396388,0.102191,11,32765
1.43934,-0.409209,0.104095,12,32765
1.60099,-0.46073,0.116052,11,32765
1.48456,-0.432432,0.107612,11,32765
1.47362,-0.434306,0.106925,11,32765
0,-0,0,0,32765
1.45174,-0.437935,0.105241,11,32765
1.47897,-0.451268,0.107199,11,32765
1.46799,-0.453045,0.106508,12,32765
1.56181,-0.487399,0.113121,12,32765
0,-0,0,0,32765
1.4447,-0.460807,0.10441,11,32765
1.42429,-0.459155,0.102775,11,32765
1.50822,-0.49151,0.108632,11,32765
0,-0,0,0,32765
1.86658,0.0244123,0.110444,17,32765
1.84665,0.0181093,0.109814,17,32765
1.91655,0.0124602,0.114403,17,32765
1.8367,0.00585484,0.109969,17,32765
1.83668,-0.000322197,0.110522,17,32765
1.82667,-0.00642208,0.110213,17,32765
1.84658,-0.0126103,0.111676,18,32765
1.8565,-0.0187173,0.112464,18,32765
1.82647,-0.0244473,0.111017,17,32765
1.79642,-0.0298848,0.109381,17,32765
1.83622,-0.0367216,0.112081,18,32765
1.79615,-0.0419322,0.109861,17,32765
1.77605,-0.0473588,0.108676,17,32765
1.79583,-0.0538093,0.110079,18,32765
1.77568,-0.0590788,0.108957,18,32765
1.73556,-0.0635232,0.106687,17,32765
1.7852,-0.0713228,0.109827,18,32765
1.79492,-0.0776914,0.110617,18,32765
1.74479,-0.0813242,0.1077,17,32765
1.78438,-0.0890516,0.110247,18,32765
1.72428,-0.0917051,0.106533,17,32765
1.76382,-0.0996075,0.109247,17,32765
1.73359,-0.10359,0.107473,17,32765
1.6934,-0.106772,0.104917,18,32765
1.69302,-0.112409,0.105115,18,32765
1.72251,-0.12011,0.106943,18,32765
1.76192,-0.128822,0.109319,18,32765
1.74157,-0.133192,0.108216,18,32765
1.69136,-0.135136,0.105095,18,32765
1.67099,-0.139138,0.10411,17,32765
1.70035,-0.14731,0.105847,18,32765
1.67997,-0.151193,0.104613,18,32765
1.72913,-0.16147,0.107828,18,32765
1.66896,-0.161513,0.104306,17,32765
1.66841,-0.167047,0.104469,18,32765
1.65791,-0.171601,0.103789,18,32765
1.64741,-0.176083,0.103074,19,32765
1.64682,-0.181572,0.103057,18,32765
1.63628,-0.185955,0.10254,19,32765
1.6654,-0.194769,0.104486,18,32765
1.65483,-0.199121,0.103928,18,32765
1.62445,-0.200956,0.101941,18,32765
1.63367,-0.207698,0.102379,18,32765
1.63295,-0.213183,0.102571,19,32765
1.61244,-0.215965,0.101524,18,32765
1.60181,-0.220003,0.101062,18,32765
1.60107,-0.225362,0.101003,19,32765
1.62995,-0.234968,0.102786,18,32765
1.60938,-0.237617,0.101636,18,32765
1.57897,-0.238443,0.0999305,18,32765
1.57818,-0.24366,0.0999668,18,32765
1.59708,-0.252027,0.10113,18,32765
1.59624,-0.257304,0.101033,18,32765
1.58551,-0.26107,0.100432,18,32765
1.56493,-0.26307,0.099375,18,32765
1.58371,-0.271748,0.100552,18,32765
1.57295,-0.275322,0.100105,19,32765
1.53273,-0.273481,0.0976444,18,32765
1.5711,-0.285687,0.100078,16,32765
0,-0,0,0,32765
0,-0,0,0,32765
0,-0,0,0,32765
0,-0,0,0,32765
0,-0,0,0,32765
0,-0,0,0,32765
0,-0,0,0,32765
0,-0,0,0,32765
0,-0,0,0,32765
0,-0,0,0,32765
0,-0,0,0,32765
0,-0,0,0,32765
0,-0,0,0,32765
0,-0,0,0,32765
0,-0,0,0,32765
0,-0,0,0,32765
0,-0,0,0,32765
0,-0,0,0,32765
0,-0,0,0,32765
0,-0,0,0,32765
0,-0,0,0,32765
0,-0,0,0,32765
0,-0,0,0,32765
0,-0,0,0,32765
0,-0,0,0,32765
0,-0,0,0,32765
0,-0,0,0,32765
0,-0,0,0,32765
0,-0,0,0,32765
0,-0,0,0,32765
0,-0,0,0,32765
0,-0,0,0,32765
0,-0,0,0,32765
0,-0,0,0,32765
0,-0,0,0,32765
0,-0,0,0,32765
0,-0,0,0,32765
0,-0,0,0,32765
0,-0,0,0,32765
0,-0,0,0,32765
0,-0,0,0,32765
1.49745,-0.491005,0.11388,15,32765
1.86753,0.0245479,0.0928301,18,32765
1.8476,0.0182286,0.0923887,18,32765
1.86761,0.0122409,0.0938097,18,32765
1.84764,0.00597542,0.0931417,18,32765
1.82765,-0.000247865,0.0926843,18,32765
1.85759,-0.00646917,0.0945004,18,32765
1.83757,-0.0124999,0.093742,18,32765
1.83751,-0.0184889,0.0939243,17,32765
1.79747,-0.0240349,0.092243,18,32765
1.86727,-0.0310502,0.0960223,18,32765
1.78727,-0.035742,0.0921762,18,32765
1.79711,-0.0419658,0.0929082,18,32765
1.80694,-0.048206,0.0934597,18,32765
1.79678,-0.0538731,0.0931258,18,32765
1.76665,-0.0588244,0.0916746,18,32765
1.77641,-0.0650765,0.0923748,18,32765
1.79613,-0.0718306,0.0934875,18,32765
1.7859,-0.0773836,0.093144,18,32765
1.76567,-0.082391,0.0922609,18,32765
1.73547,-0.0867137,0.0907798,18,32765
1.74515,-0.0929303,0.0912836,18,32765
1.74482,-0.0986615,0.0915318,18,32765
1.72454,-0.103187,0.0905624,18,32765
1.7242,-0.108863,0.0904754,18,32765
1.71385,-0.113951,0.0901536,18,32765
1.71346,-0.11965,0.0901268,18,32765
1.68318,-0.123245,0.0884623,19,32765
1.72258,-0.131935,0.090687,19,32765
1.72212,-0.137802,0.0906577,18,32765
1.70173,-0.141914,0.0898659,19,32765
1.6913,-0.146753,0.0892186,19,32765
1.67091,-0.150613,0.088173,19,32765
1.69027,-0.158091,0.0893404,19,32765
1.68972,-0.163784,0.0895392,18,32765
1.67922,-0.168401,0.0891769,19,32765
1.66872,-0.173,0.0885908,19,32765
1.65821,-0.177527,0.0879698,19,32765
1.67746,-0.185257,0.0890064,18,32765
1.65698,-0.188622,0.0880584,18,32765
1.63651,-0.191712,0.0870843,18,32765
1.63586,-0.197171,0.0871472,18,32765
1.62529,-0.201402,0.0864999,18,32765
1.63451,-0.208161,0.0868437,18,32765
1.61399,-0.21107,0.0859809,18,32765
1.64296,-0.220434,0.0877636,18,32765
1.68177,-0.231388,0.0900473,17,32765
1.60188,-0.225872,0.0857516,17,32765
1.64066,-0.236928,0.0877807,17,32765
1.6102,-0.238157,0.0862905,18,32765
1.59952,-0.241974,0.0859288,18,32765
1.57897,-0.244217,0.0849045,18,32765
1.59788,-0.252605,0.0858801,18,32765
1.58718,-0.256302,0.0852531,18,32765
1.5863,-0.261671,0.0852764,18,32765
1.57556,-0.265335,0.0849391,19,32765
1.56481,-0.268993,0.0843366,19,32765
1.57373,-0.27596,0.085045,19,32765
1.58264,-0.282901,0.0856201,18,32765
1.4638,-0.266664,0.0791735,11,32765
0,-0,0,0,32765
0,-0,0,0,32765
0,-0,0,0,32765
0,-0,0,0,32765
0,-0,0,0,32765
0,-0,0,0,32765
0,-0,0,0,32765
0,-0,0,0,32765
0,-0,0,0,32765
0,-0,0,0,32765
0,-0,0,0,32765
0,-0,0,0,32765
0,-0,0,0,32765
0,-0,0,0,32765
0,-0,0,0,32765
0,-0,0,0,32765
0,-0,0,0,32765
0,-0,0,0,32765
0,-0,0,0,32765
0,-0,0,0,32765
0,-0,0,0,32765
0,-0,0,0,32765
0,-0,0,0,32765
0,-0,0,0,32765
0,-0,0,0,32765
0,-0,0,0,32765
0,-0,0,0,32765
0,-0,0,0,32765
0,-0,0,0,32765
0,-0,0,0,32765
0,-0,0,0,32765
0,-0,0,0,32765
0,-0,0,0,32765
0,-0,0,0,32765
0,-0,0,0,32765
0,-0,0,0,32765
0,-0,0,0,32765
0,-0,0,0,32765
0,-0,0,0,32765
0,-0,0,0,32765
0,-0,0,0,32765
0,-0,0,0,32765
1.85725,0.0237096,0.0982834,18,32765
1.86735,0.0176869,0.0979285,17,32765
1.83748,0.0111516,0.0955571,17,32765
1.82756,0.00489937,0.0943645,17,32765
1.86754,-0.00112679,0.0957963,18,32765
1.83761,-0.00706915,0.0935527,18,32765
1.82761,-0.0130305,0.0925089,18,32765
1.82759,-0.0190573,0.0919494,18,32765
1.83753,-0.025299,0.0919858,18,32765
1.77754,-0.0303797,0.0884087,17,32765
1.80741,-0.0368545,0.0894448,18,32765
1.7973,-0.042648,0.0888136,18,32765
1.81714,-0.049193,0.0892954,18,32765
1.807,-0.0549543,0.0885151,18,32765
1.76689,-0.0596349,0.0861866,18,32765
1.79665,-0.066584,0.087199,18,32765
1.77648,-0.0716732,0.0859737,17,32765
1.7463,-0.076264,0.0843102,17,32765
1.76601,-0.0829245,0.0849608,18,32765
1.74579,-0.0878239,0.0837532,18,32765
1.7455,-0.0935593,0.083451,17,32765
1.76514,-0.100443,0.0841734,18,32765
1.72492,-0.103844,0.0822759,17,32765
1.73456,-0.110059,0.0824182,17,32765
1.71426,-0.114498,0.0813272,18,32765
1.72384,-0.120894,0.0816086,18,32765
1.69355,-0.124468,0.0800374,18,32765
1.71305,-0.131638,0.0807824,17,32765
1.70265,-0.13651,0.0802374,18,32765
1.69224,-0.14131,0.0796985,18,32765
1.68182,-0.146016,0.0791594,18,32765
1.66142,-0.149816,0.078249,18,32765
1.66092,-0.155391,0.0780933,18,32765
1.6405,-0.159024,0.0772462,18,32765
1.63996,-0.164508,0.0772081,18,32765
1.66922,-0.173045,0.0784359,18,32765
1.61897,-0.173233,0.0762717,18,32765
1.64817,-0.181982,0.0776192,18,32765
1.65747,-0.188669,0.0780801,18,32765
1.6469,-0.193127,0.0775214,18,32765
1.62641,-0.196207,0.0766864,18,32765
1.59603,-0.197837,0.0752564,18,32765
1.63499,-0.208158,0.077377,18,32765
1.59468,-0.208401,0.075305,19,32765
1.62366,-0.217722,0.0768749,19,32765
1.59323,-0.219128,0.075504,18,32765
1.59247,-0.224441,0.0759361,18,32765
1.59173,-0.229709,0.0756727,18,32765
1.58107,-0.233572,0.0752697,18,32765
1.56052,-0.235857,0.0745829,17,32765
1.55971,-0.241117,0.0746823,17,32765
1.57862,-0.249453,0.0756588,17,32765
1.59749,-0.257897,0.0768709,17,32765
1.55719,-0.256776,0.0750145,17,32765
1.56616,-0.263689,0.075557,16,32765
1.56526,-0.268969,0.0755408,16,32765
1.58403,-0.277637,0.0766286,16,32765
1.65191,-0.295227,0.0802438,16,32765
1.6116,-0.29358,0.0783717,13,32765
1.64008,-0.304374,0.0798757,13,32765
1.59979,-0.302408,0.0781801,12,32765
1.55953,-0.300157,0.0765424,12,32765
0,-0,0,0,32765
0,-0,0,0,32765
0,-0,0,0,32765
0,-0,0,0,32765
0,-0,0,0,32765
0,-0,0,0,32765
0,-0,0,0,32765
0,-0,0,0,32765
0,-0,0,0,32765
0,-0,0,0,32765
1.39172,-0.321193,0.0697104,11,32765
1.3712,-0.321197,0.0688604,11,32765
0,-0,0,0,32765
0,-0,0,0,32765
0,-0,0,0,32765
1.39592,-0.346472,0.070528,11,32765
0,-0,0,0,32765
0,-0,0,0,32765
0,-0,0,0,32765
0,-0,0,0,32765
0,-0,0,0,32765
0,-0,0,0,32765
0,-0,0,0,32765
0,-0,0,0,32765
0,-0,0,0,32765
0,-0,0,0,32765
0,-0,0,0,32765
0,-0,0,0,32765
0,-0,0,0,32765
0,-0,0,0,32765
0,-0,0,0,32765
0,-0,0,0,32765
0,-0,0,0,32765
0,-0,0,0,32765
0,-0,0,0,32765
0,-0,0,0,32765
0,-0,0,0,32765
0,-0,0,0,32765
1.4615,-0.479764,0.0738761,12,32765
1.87807,0.0240901,0.0816262,17,32765
1.89816,0.0180812,0.0815967,18,32765
1.86827,0.0114257,0.0794944,18,32765
1.86833,0.00508239,0.078806,18,32765
1.85837,-0.00106097,0.0777568,18,32765
1.85839,-0.00710177,0.0770421,18,32765
1.86837,-0.0132865,0.0769089,18,32765
1.84836,-0.0192528,0.0755205,18,32765
1.82832,-0.0251643,0.0742403,18,32765
1.83824,-0.0314222,0.0740488,18,32765
1.76822,-0.0360726,0.0707876,17,32765
1.82803,-0.0434078,0.0730478,18,32765
1.79793,-0.0487159,0.0713506,17,32765
1.77779,-0.0541212,0.0702729,17,32765
1.7876,-0.060402,0.070291,17,32765
1.74746,-0.0648403,0.0682843,17,32765
1.76722,-0.0713921,0.0688096,18,32765
1.74702,-0.0763988,0.0678175,18,32765
1.74677,-0.0821367,0.0675081,18,32765
1.77643,-0.0894961,0.0684135,18,32765
1.7462,-0.0937375,0.0669583,18,32765
1.73592,-0.0989326,0.0663482,18,32765
1.72561,-0.104049,0.0659718,18,32765
1.7153,-0.109011,0.065261,18,32765
1.71493,-0.11473,0.0651175,19,32765
1.71455,-0.120441,0.0649271,19,32765
1.70418,-0.125458,0.0643928,19,32765
1.69379,-0.130378,0.063822,19,32765
1.68339,-0.135197,0.0633722,18,32765
1.68294,-0.140776,0.0633032,19,32765
1.67251,-0.145462,0.0628588,19,32765
1.68197,-0.151935,0.0632599,19,32765
1.66155,-0.155726,0.0623557,19,32765
1.67096,-0.162266,0.0628191,19,32765
1.66047,-0.166865,0.0624068,19,32765
1.64997,-0.171359,0.0618594,19,32765
1.66926,-0.178939,0.0627804,19,32765
1.63885,-0.181284,0.0616037,19,32765
1.64816,-0.187954,0.0619706,20,32765
1.63759,-0.19239,0.0615069,19,32765
1.64686,-0.199042,0.0619802,19,32765
1.6462,-0.204437,0.0619524,19,32765
1.6455,-0.209889,0.0622052,19,32765
1.6448,-0.215356,0.062003,20,32765
1.63416,-0.219543,0.0617976,19,32765
1.61361,-0.222351,0.0610847,19,32765
1.62273,-0.229141,0.0619001,19,32765
1.62197,-0.23452,0.061632,19,32765
1.60141,-0.237029,0.0609486,19,32765
1.59072,-0.240883,0.0608317,19,32765
1.58989,-0.246255,0.0609334,18,32765
1.58905,-0.251586,0.0609651,19,32765
1.57833,-0.255296,0.06085,19,32765
1.57746,-0.260623,0.0608925,19,32765
1.59627,-0.269281,0.061723,19,32765
1.5855,-0.272978,0.061326,19,32765
1.57473,-0.276548,0.0610823,19,32765
1.57379,-0.281817,0.0613528,19,32765
1.56301,-0.285286,0.0610071,19,32765
1.57187,-0.29229,0.0614587,19,32765
1.54143,-0.291951,0.0605164,19,32765
1.56987,-0.302745,0.0619559,19,32765
1.52964,-0.300242,0.0604731,19,32765
1.52863,-0.305356,0.0605111,19,32765
1.53739,-0.312439,0.0608593,19,32765
1.50699,-0.311438,0.0599589,19,32765
1.51572,-0.318535,0.0603139,19,32765
1.51464,-0.323584,0.0605615,19,32765
1.48424,-0.322354,0.0594463,19,32765
1.50265,-0.331687,0.0602893,19,32765
1.49176,-0.334566,0.0601173,18,32765
1.50039,-0.341743,0.0604359,18,32765
1.48951,-0.344458,0.060182,18,32765
1.50782,-0.353916,0.0611066,18,32765
1.50664,-0.358901,0.0611148,17,32765
1.48602,-0.35917,0.060345,16,32765
1.4266,-0.349785,0.0580949,15,32765
1.47391,-0.366579,0.0601398,15,32765
1.45332,-0.366524,0.0594611,15,32765
1.46179,-0.373755,0.0599198,15,32765
1.46055,-0.378542,0.0599238,14,32765
1.4593,-0.383321,0.0599579,13,32765
1.47734,-0.393268,0.0608316,13,32765
1.44711,-0.390282,0.0595395,12,32765
0,-0,0,0,32765
0,-0,0,0,32765
0,-0,0,0,32765
0,-0,0,0,32765
0,-0,0,0,32765
0,-0,0,0,32765
0,-0,0,0,32765
0,-0,0,0,32765
0,-0,0,0,32765
0,-0,0,0,32765
0,-0,0,0,32765
0,-0,0,0,32765
0,-0,0,0,32765
0,-0,0,0,32765
0,-0,0,0,32765
0,-0,0,0,32765
1.36686,-0.449668,0.0555387,14,32765
1.85905,0.0267179,0.0530938,17,32765
1.86911,0.0207163,0.0539387,17,32765
1.85915,0.0144449,0.0542222,17,32765
1.88916,0.00838262,0.0556144,18,32765
1.8392,0.00194407,0.0543152,18,32765
1.7892,-0.00404767,0.053445,17,32765
1.83914,-0.0101891,0.0551715,18,32765
1.8391,-0.0162789,0.0553196,18,32765
1.81904,-0.0221606,0.0549057,17,32765
1.79896,-0.0279889,0.0545071,18,32765
1.79885,-0.0339377,0.0546974,18,32765
1.78872,-0.0397033,0.0547333,18,32765
1.80856,-0.0461435,0.0555031,17,32765
1.8084,-0.0521078,0.055577,18,32765
1.74826,-0.0562031,0.054003,18,32765
1.808,-0.0641286,0.0559661,18,32765
1.77781,-0.0689252,0.0552264,17,32765
1.78755,-0.0752304,0.0556787,17,32765
1.73736,-0.0789181,0.0541972,17,32765
1.76703,-0.0862466,0.0552471,18,32765
1.75675,-0.0916266,0.0549435,17,32765
1.76641,-0.0980669,0.0553848,18,32765
1.72617,-0.101583,0.0541738,17,32765
1.75574,-0.109224,0.055258,18,32765
1.71546,-0.112493,0.0542295,17,32765
1.72505,-0.118852,0.0545002,17,32765
1.72465,-0.124516,0.0545564,17,32765
1.69432,-0.128031,0.0536991,18,32765
1.71381,-0.135245,0.0543569,18,32765
1.6735,-0.137753,0.0531015,18,32765
1.66307,-0.142529,0.0528485,18,32765
1.66258,-0.148086,0.0529291,17,32765
1.68199,-0.155434,0.0534728,18,32765
1.68145,-0.161063,0.0536294,19,32765
1.67097,-0.165646,0.0532606,19,32765
1.64058,-0.168144,0.0522465,18,32765
1.64995,-0.174643,0.0526981,18,32765
1.63942,-0.179101,0.0523501,19,32765
1.60901,-0.181257,0.0514263,19,32765
1.62824,-0.189052,0.052048,19,32765
1.63751,-0.195712,0.0524831,19,32765
1.63684,-0.20118,0.0525979,20,32765
1.63616,-0.206643,0.052719,19,32765
1.60574,-0.208143,0.0518048,18,32765
1.60503,-0.213493,0.0518775,18,32765
1.6043,-0.218891,0.0519058,18,32765
1.60356,-0.224287,0.0518317,19,32765
1.60279,-0.229739,0.0517419,18,32765
1.59212,-0.23366,0.0515765,19,32765
1.58144,-0.23752,0.0511648,19,32765
1.59051,-0.244347,0.0517438,19,32765
1.55018,-0.243502,0.0504028,18,32765
1.58882,-0.255112,0.0515862,19,32765
1.56822,-0.25721,0.0511652,19,32765
1.5575,-0.260813,0.0507965,19,32765
1.55661,-0.266031,0.0510217,19,32765
1.55572,-0.271178,0.0510328,19,32765
1.56464,-0.278168,0.0512559,19,32765
1.54402,-0.279834,0.0508726,19,32765
1.55289,-0.28686,0.0513578,19,32765
1.5421,-0.290195,0.0510718,19,32765
1.5215,-0.291522,0.0504462,19,32765
1.53034,-0.298455,0.0508869,18,32765
1.52933,-0.30356,0.0511175,19,32765
1.51851,-0.306644,0.0509812,18,32765
1.52728,-0.313658,0.0514548,19,32765
1.51644,-0.316668,0.0512549,19,32765
1.54471,-0.327925,0.0523971,19,32765
1.48499,-0.32038,0.0506283,19,32765
1.50343,-0.329612,0.0514989,19,32765
1.48278,-0.330364,0.0511379,19,32765
1.49141,-0.337524,0.0516189,19,32765
1.48053,-0.340262,0.0514285,19,32765
1.48913,-0.347405,0.0520978,19,32765
1.48796,-0.35231,0.0523607,19,32765
1.51597,-0.364085,0.0536276,19,32765
1.47593,-0.359559,0.0525504,19,32765
1.44563,-0.35718,0.0517388,18,32765
1.45413,-0.364346,0.0524018,18,32765
1.44322,-0.366687,0.0524109,18,32765
1.47105,-0.378851,0.0537333,18,32765
1.42143,-0.371091,0.0523305,17,32765
1.41053,-0.373192,0.0523861,16,32765
1.43823,-0.385602,0.0539402,15,32765
1.44658,-0.392966,0.0546028,15,32765
1.41638,-0.389725,0.0537785,13,32765
1.46322,-0.407729,0.0561377,13,32765
1.4715,-0.415144,0.0568634,12,32765
1.55661,-0.444592,0.0607476,12,32765
1.52635,-0.441306,0.0601092,12,32765
1.40021,-0.409782,0.0555425,11,32765
1.43716,-0.425711,0.057692,12,32765
1.51234,-0.453259,0.0614567,11,32765
1.4248,-0.432015,0.0583884,12,32765
1.37562,-0.421928,0.0569072,12,32765
1.4315,-0.444089,0.0598745,12,32765
1.45865,-0.457632,0.0617846,12,32765
1.45718,-0.462233,0.0622913,12,32765
1.4652,-0.469822,0.0636011,12,32765
1.43517,-0.465212,0.0630231,13,32765
1.44317,-0.472749,0.064491,14,32765
1.88946,0.0272461,0.0361262,18,32765
1.88953,0.0210208,0.0366917,19,32765
1.86958,0.0145902,0.0368785,18,32765
1.84961,0.00825781,0.0369908,17,32765
1.85962,0.00200318,0.0373647,18,32765
1.82961,-0.00411484,0.0373815,18,32765
1.82959,-0.0101246,0.0376139,18,32765
1.83954,-0.0162842,0.0379676,18,32765
1.80948,-0.0220585,0.037535,17,32765
1.81938,-0.0283342,0.0379495,18,32765
1.77929,-0.0336081,0.0373037,17,32765
1.83913,-0.0408759,0.0389104,19,32765
1.79901,-0.045965,0.0382221,18,32765
1.79884,-0.0519105,0.0382956,18,32765
1.79865,-0.0579137,0.0385717,18,32765
1.76848,-0.0628285,0.038038,18,32765
1.80821,-0.0702209,0.0390889,18,32765
1.778,-0.074956,0.0385824,18,32765
1.71782,-0.0781656,0.037355,18,32765
1.7475,-0.0854435,0.0381208,18,32765
1.73722,-0.0907698,0.0379115,19,32765
1.71694,-0.0954927,0.0376013,19,32765
1.71661,-0.101206,0.0376419,18,32765
1.71625,-0.106965,0.0377835,19,32765
1.68595,-0.110764,0.0373481,20,32765
1.70553,-0.117727,0.0377462,19,32765
1.69516,-0.122618,0.0375808,19,32765
1.69473,-0.128306,0.0376698,19,32765
1.67436,-0.132385,0.0372523,19,32765
1.70379,-0.140517,0.0379266,20,32765
1.69335,-0.145406,0.0377693,20,32765
1.68289,-0.150187,0.0376289,19,32765
1.66248,-0.153931,0.0370947,19,32765
1.68185,-0.161418,0.0376957,19,32765
1.66141,-0.165024,0.0371987,20,32765
1.66085,-0.170559,0.0371352,20,32765
1.66027,-0.176086,0.0372712,19,32765
1.64973,-0.180587,0.0370176,20,32765
1.65905,-0.187268,0.0372698,19,32765
1.6584,-0.192941,0.0372567,20,32765
1.64781,-0.19734,0.0371523,19,32765
1.63721,-0.201632,0.0370436,19,32765
1.6762,-0.212128,0.0380661,18,32765
1.61601,-0.2099,0.0367595,18,32765
1.62521,-0.216616,0.037059,19,32765
1.61456,-0.22074,0.0368618,18,32765
1.62371,-0.22757,0.0370133,19,32765
1.62293,-0.233102,0.0369228,19,32765
1.61224,-0.237099,0.0368539,19,32765
1.60155,-0.241035,0.0365357,19,32765
1.58096,-0.243382,0.0363427,19,32765
1.59988,-0.25183,0.0367401,19,32765
1.57928,-0.254106,0.0361868,19,32765
1.56854,-0.257797,0.0361809,19,32765
1.57753,-0.264718,0.0363614,19,32765
1.57663,-0.270014,0.0365899,19,32765
1.56587,-0.273519,0.0363728,19,32765
1.56494,-0.278805,0.0362733,19,32765
1.57383,-0.285834,0.0367684,19,32765
1.57285,-0.291157,0.0369322,19,32765
1.56204,-0.294566,0.0367413,18,32765
1.56106,-0.299732,0.0367674,19,32765
1.54043,-0.301058,0.0364214,18,32765
1.5198,-0.302307,0.0361871,18,32765
1.52859,-0.309333,0.0366137,19,32765
1.51776,-0.312365,0.0365233,19,32765
1.51671,-0.317397,0.0366537,19,32765
1.49609,-0.31828,0.0363267,19,32765
1.49502,-0.323231,0.0365497,19,32765
1.48416,-0.326082,0.0365132,19,32765
1.52206,-0.339841,0.0377906,19,32765
1.53066,-0.347148,0.0381817,19,32765
1.51001,-0.34778,0.0378459,19,32765
1.48937,-0.348208,0.037689,19,32765
1.49793,-0.355433,0.0382006,19,32765
1.51622,-0.364928,0.0389375,19,32765
1.44703,-0.353278,0.037483,19,32765
1.45556,-0.36041,0.0379623,19,32765
1.46406,-0.367625,0.0385338,19,32765
1.45314,-0.370004,0.0386402,19,32765
1.4616,-0.377232,0.0391638,19,32765
1.45066,-0.379543,0.0392774,19,32765
1.44939,-0.384307,0.0397008,20,32765
1.43845,-0.386497,0.0399146,19,32765
1.45644,-0.396505,0.0407536,20,32765
1.42622,-0.393288,0.0402142,20,32765
1.42492,-0.397922,0.040731,19,32765
1.414,-0.399792,0.0407989,19,32765
1.40308,-0.401614,0.0410081,19,32765
1.44016,-0.417295,0.0425913,20,32765
1.40041,-0.410737,0.0418042,19,32765
1.40862,-0.418169,0.0427065,20,32765
1.37853,-0.41406,0.0424626,19,32765
1.425,-0.433023,0.0443701,19,32765
1.40448,-0.431723,0.0442634,19,32765
1.38398,-0.430289,0.0442383,17,32765
1.37304,-0.431718,0.0446046,17,32765
1.40975,-0.448172,0.0463346,15,32765
1.37977,-0.443399,0.0462461,14,32765
1.37833,-0.447772,0.0468817,13,32765
1.45287,-0.476973,0.0505266,13,32765
1.86935,0.0264354,0.0417339,17,32765
1.84945,0.0198944,0.0404096,17,32765
1.83953,0.0136432,0.0393773,18,32765
1.84958,0.00756112,0.0387545,18,32765
1.83961,0.00146829,0.0378611,18,32765
1.84962,-0.00455267,0.0373538,18,32765
1.82961,-0.010536,0.0364139,17,32765
1.82957,-0.0165792,0.0359843,17,32765
1.79952,-0.02252,0.034905,17,32765
1.82943,-0.0291414,0.0349128,18,32765
1.80935,-0.0348809,0.0339691,17,32765
1.82922,-0.041302,0.0339963,18,32765
1.81909,-0.0469534,0.033537,19,32765
1.78895,-0.0520357,0.032534,17,32765
1.75879,-0.0570137,0.0316672,18,32765
1.78857,-0.0639706,0.0318996,19,32765
1.77836,-0.0696028,0.0314405,18,32765
1.72818,-0.0733691,0.0302458,17,32765
1.7579,-0.0804793,0.0304374,18,32765
1.74764,-0.0857794,0.0300723,18,32765
1.73737,-0.0909744,0.0296321,17,32765
1.72707,-0.0962174,0.0294106,17,32765
1.70679,-0.100717,0.0287189,17,32765
1.75635,-0.109494,0.0293781,18,32765
1.71607,-0.112704,0.0285923,18,32765
1.70571,-0.117682,0.0283527,18,32765
1.69534,-0.122638,0.0279715,18,32765
1.69492,-0.128316,0.0279687,18,32765
1.68451,-0.13322,0.0276618,18,32765
1.66413,-0.137187,0.02725,18,32765
1.67363,-0.143559,0.0273955,18,32765
1.67314,-0.149146,0.0272727,18,32765
1.66269,-0.153755,0.0271276,19,32765
1.66217,-0.159287,0.0270896,19,32765
1.67156,-0.165916,0.0273553,18,32765
1.66105,-0.170495,0.0270587,20,32765
1.65053,-0.175014,0.0268998,20,32765
1.64994,-0.180522,0.0267815,19,32765
1.64932,-0.186069,0.0268908,20,32765
1.63876,-0.19037,0.0267361,20,32765
1.63811,-0.195911,0.0269083,20,32765
1.59776,-0.196445,0.0260968,20,32765
1.61692,-0.204361,0.026657,19,32765
1.59639,-0.207185,0.0264962,19,32765
1.61552,-0.215123,0.0269662,19,32765
1.63459,-0.223292,0.0272321,18,32765
1.58433,-0.22189,0.0260209,18,32765
1.58359,-0.227101,0.0260682,19,32765
1.59269,-0.233932,0.026464,19,32765
1.57212,-0.236355,0.0260966,19,32765
1.5713,-0.241714,0.0262545,19,32765
1.55072,-0.243922,0.0261106,18,32765
1.55976,-0.250671,0.0265043,19,32765
1.57865,-0.259128,0.0269705,19,32765
1.58763,-0.266049,0.0273273,19,32765
1.57687,-0.269731,0.0272064,19,32765
1.56609,-0.27335,0.0275184,19,32765
1.52576,-0.271696,0.0273648,19,32765
1.55435,-0.282169,0.0277396,19,32765
1.54356,-0.285559,0.0277376,19,32765
1.53278,-0.288854,0.0275973,18,32765
1.5318,-0.293934,0.0278893,18,32765
1.51119,-0.295198,0.0275573,18,32765
1.5298,-0.304157,0.0280545,18,32765
1.52877,-0.309287,0.0283273,18,32765
1.53751,-0.31643,0.0287161,18,32765
1.53644,-0.321613,0.0287526,18,32765
1.52557,-0.324671,0.0287044,19,32765
1.53425,-0.33188,0.0289865,18,32765
1.5136,-0.332683,0.0287502,19,32765
1.50272,-0.335554,0.0287263,19,32765
1.51136,-0.34272,0.0289701,19,32765
1.48098,-0.34103,0.0284365,19,32765
1.47983,-0.345959,0.02852,19,32765
1.45922,-0.346233,0.0283098,19,32765
1.46779,-0.353374,0.0285511,19,32765
1.47631,-0.360656,0.0288159,19,32765
1.47513,-0.365479,0.0287378,19,32765
1.4448,-0.363105,0.0282603,18,32765
1.45329,-0.370299,0.0286234,19,32765
1.46174,-0.377581,0.0288903,18,32765
1.44114,-0.377342,0.0285545,18,32765
1.44959,-0.384532,0.0287072,19,32765
1.43868,-0.386633,0.0286128,19,32765
1.43744,-0.39121,0.0287309,19,32765
1.43617,-0.395835,0.0286849,19,32765
1.38672,-0.387086,0.0277579,18,32765
1.38545,-0.391605,0.0277426,18,32765
1.41297,-0.404479,0.0282803,18,32765
1.40204,-0.406313,0.028228,18,32765
1.41031,-0.413662,0.0282278,19,32765
1.38021,-0.409693,0.0277412,19,32765
1.38847,-0.416967,0.0278617,19,32765
1.43497,-0.435935,0.0287347,19,32765
1.37624,-0.422845,0.0274602,19,32765
1.38443,-0.430216,0.0275702,18,32765
1.35446,-0.425587,0.0267915,19,32765
1.37217,-0.435922,0.0270063,19,32765
1.36127,-0.437179,0.0265867,18,32765
1.3409,-0.435218,0.0260651,19,32765
1.38706,-0.454921,0.0266702,18,32765
1.85966,0.0263796,0.0239674,18,32765
1.86975,0.0201799,0.0232086,18,32765
1.85982,0.0138463,0.0222615,18,32765
1.86986,0.00768268,0.0215352,19,32765
1.86988,0.0015171,0.0208401,19,32765
1.83989,-0.00451817,0.0197964,18,32765
1.79987,-0.0103678,0.0188387,18,32765
1.80983,-0.0164169,0.0185183,18,32765
1.81977,-0.0228043,0.0181258,18,32765
1.81968,-0.0290312,0.017555,18,32765
1.78959,-0.0345581,0.0167096,18,32765
1.78947,-0.0404758,0.0163691,18,32765
1.76934,-0.0457528,0.0159202,17,32765
1.75919,-0.0512661,0.0153877,17,32765
1.75901,-0.0571301,0.0150661,18,32765
1.73882,-0.0623125,0.0145962,19,32765
1.75859,-0.068965,0.0144862,19,32765
1.74836,-0.0743745,0.0140889,18,32765
1.76809,-0.0811094,0.0139152,19,32765
1.75782,-0.086455,0.0136435,18,32765
1.71759,-0.0901232,0.0130683,19,32765
1.73725,-0.0969839,0.0131689,18,32765
1.70697,-0.100937,0.0125902,19,32765
1.71661,-0.10724,0.0124876,19,32765
1.70626,-0.112296,0.0122977,19,32765
1.69591,-0.117252,0.012153,19,32765
1.70548,-0.123633,0.012008,20,32765
1.70506,-0.129357,0.0120054,19,32765
1.69465,-0.134306,0.0117922,19,32765
1.69419,-0.139963,0.0117064,19,32765
1.68375,-0.144736,0.0116201,19,32765
1.69322,-0.151259,0.0115648,19,32765
1.67279,-0.155022,0.0114464,19,32765
1.67227,-0.1606,0.0114084,19,32765
1.66176,-0.165299,0.0114436,19,32765
1.68109,-0.172925,0.0114455,19,32765
1.66061,-0.176465,0.0113136,20,32765
1.66001,-0.182019,0.0111948,19,32765
1.63952,-0.185365,0.0111697,19,32765
1.64883,-0.191955,0.0112451,19,32765
1.65809,-0.198734,0.0114875,19,32765
1.65743,-0.204227,0.0113227,20,32765
1.65672,-0.209849,0.0115649,19,32765
1.62626,-0.211523,0.0115269,20,32765
1.60572,-0.214288,0.0115266,19,32765
1.60499,-0.219729,0.0114632,20,32765
1.61414,-0.226563,0.0111412,20,32765
1.60349,-0.230461,0.0111211,20,32765
1.60269,-0.235919,0.0113558,20,32765
1.59199,-0.239871,0.011247,19,32765
1.60104,-0.246834,0.0114782,19,32765
1.61007,-0.253819,0.011743,19,32765
1.58947,-0.256011,0.011831,19,32765
1.57874,-0.259717,0.0118887,19,32765
1.59758,-0.26831,0.0122271,19,32765
1.56709,-0.268655,0.0120498,19,32765
1.57602,-0.275695,0.0126112,19,32765
1.56521,-0.279342,0.0130854,19,32765
1.56427,-0.284602,0.0129301,20,32765
1.52397,-0.282563,0.0127766,19,32765
1.52302,-0.287656,0.0128133,19,32765
1.53187,-0.294604,0.0131886,19,32765
1.57013,-0.307399,0.0135537,20,32765
1.50044,-0.298988,0.0130979,19,32765
1.49943,-0.304031,0.013366,19,32765
1.52778,-0.315132,0.0138345,19,32765
1.51692,-0.31824,0.0137825,18,32765
1.49628,-0.319153,0.0137375,18,32765
1.50497,-0.326281,0.0139242,19,32765
1.53317,-0.337744,0.0143306,19,32765
1.48324,-0.331952,0.0140343,19,32765
1.45288,-0.330205,0.013813,19,32765
1.50049,-0.346306,0.0143046,19,32765
1.48959,-0.34903,0.0142964,19,32765
1.46897,-0.349337,0.0142762,19,32765
1.48725,-0.358872,0.0145192,19,32765
1.46661,-0.359101,0.0144053,19,32765
1.46542,-0.363904,0.0143284,18,32765
1.4448,-0.363934,0.0142289,19,32765
1.46298,-0.373619,0.0145951,19,32765
1.45205,-0.375937,0.0145747,18,32765
1.43146,-0.375665,0.0144276,18,32765
1.44957,-0.38541,0.0145843,18,32765
1.429,-0.384915,0.0144868,19,32765
1.4567,-0.397367,0.0149008,19,32765
1.4265,-0.394076,0.0145598,18,32765
1.41557,-0.396052,0.0144984,18,32765
1.44313,-0.408853,0.014779,19,32765
1.41292,-0.405402,0.0144439,19,32765
1.41158,-0.410029,0.0145857,19,32765
1.40065,-0.411784,0.014295,19,32765
1.39931,-0.41633,0.0143865,19,32765
1.41712,-0.426564,0.0145106,19,32765
1.37748,-0.419452,0.0140349,20,32765
1.41438,-0.435581,0.0142969,20,32765
1.40343,-0.437143,0.0141193,19,32765
1.38297,-0.435568,0.0137152,19,32765
1.40064,-0.446016,0.0137392,20,32765
1.38019,-0.444302,0.0133178,20,32765
1.3788,-0.448582,0.0131646,19,32765
1.36792,-0.449709,0.0127598,20,32765
1.85977,0.0291346,-0.00418896,17,32765
1.86985,0.0230565,-0.00362927,17,32765
1.83992,0.0165337,-0.00314061,17,32765
1.81997,0.0102941,-0.00260272,17,32765
1.85999,0.00417204,-0.00224277,18,32765
1.83,-0.00198021,-0.00184424,17,32765
1.81998,-0.00791262,-0.00162722,18,32765
1.82995,-0.0139884,-0.00129598,17,32765
1.83989,-0.0201758,-0.000850858,18,32765
1.81981,-0.026145,-0.000878346,18,32765
1.80972,-0.0321015,-0.000617259,18,32765
1.7996,-0.0379803,-0.000245169,18,32765
1.75947,-0.0430566,-3.66645e-05,18,32765
1.7993,-0.0500246,8.44885e-05,18,32765
1.77913,-0.0554851,0.000253116,17,32765
1.80892,-0.0623826,0.000369936,18,32765
1.77873,-0.067167,0.000756392,18,32765
1.76851,-0.0725749,0.000910611,18,32765
1.75827,-0.0779479,0.000901924,17,32765
1.70806,-0.081481,0.00116658,18,32765
1.71776,-0.0876715,0.00105988,17,32765
1.74741,-0.0951188,0.00147407,18,32765
1.69716,-0.098206,0.00143136,18,32765
1.73674,-0.106389,0.00143319,18,32765
1.70643,-0.110371,0.00141462,18,32765
1.73599,-0.11808,0.00160677,18,32765
1.70566,-0.121716,0.00168929,18,32765
1.70525,-0.127378,0.00171339,18,32765
1.68487,-0.131505,0.00174881,18,32765
1.69439,-0.138029,0.00189317,19,32765
1.69392,-0.143681,0.00201425,19,32765
1.66354,-0.146761,0.00198123,19,32765
1.65308,-0.151443,0.00210264,19,32765
1.66252,-0.157918,0.00203022,20,32765
1.67192,-0.164558,0.00214879,19,32765
1.6415,-0.167224,0.00227615,19,32765
1.66084,-0.17466,0.00219323,19,32765
1.61053,-0.174856,0.0021197,19,32765
1.6497,-0.184628,0.00250582,19,32765
1.6292,-0.187901,0.00230411,19,32765
1.61862,-0.192271,0.00224372,19,32765
1.60803,-0.196524,0.00223633,19,32765
1.60736,-0.20199,0.00228957,19,32765
1.6166,-0.208599,0.00249664,19,32765
1.59607,-0.211314,0.00219041,19,32765
1.60527,-0.217977,0.00250661,19,32765
1.59462,-0.221969,0.00233707,19,32765
1.61367,-0.230164,0.00189067,19,32765
1.61289,-0.235575,0.00214163,19,32765
1.5923,-0.238045,0.00219408,18,32765
1.57173,-0.240319,0.00197364,19,32765
1.5808,-0.247105,0.00223623,19,32765
1.57008,-0.250889,0.0022334,19,32765
1.53961,-0.251376,0.00229308,19,32765
1.55847,-0.25992,0.002392,19,32765
1.56743,-0.266939,0.00265128,19,32765
1.57639,-0.273866,0.00260846,19,32765
1.56559,-0.277549,0.00320547,19,32765
1.54496,-0.279239,0.00323497,19,32765
1.53419,-0.282598,0.0032993,19,32765
1.56271,-0.293325,0.00356471,19,32765
1.58137,-0.30225,0.00368744,19,32765
1.57051,-0.305737,0.00378791,19,32765
1.54007,-0.30509,0.00377784,19,32765
1.50962,-0.30434,0.00379858,19,32765
1.5282,-0.313348,0.00400105,18,32765
1.52716,-0.318382,0.00419492,19,32765
1.50652,-0.319328,0.0043564,19,32765
1.49568,-0.322212,0.00463746,18,32765
1.47503,-0.323047,0.00463936,18,32765
1.52275,-0.338853,0.00504424,19,32765
1.49236,-0.337264,0.00524226,19,32765
1.48147,-0.340025,0.00537623,19,32765
1.50955,-0.351732,0.00573574,20,32765
1.49864,-0.354442,0.00600561,19,32765
1.43913,-0.345334,0.00605518,18,32765
1.45743,-0.354775,0.00644963,18,32765
1.43684,-0.354767,0.00672864,18,32765
1.43567,-0.35946,0.00706188,18,32765
1.45386,-0.369112,0.00726869,19,32765
1.43327,-0.368886,0.00749681,18,32765
1.46109,-0.381109,0.00812252,18,32765
1.4405,-0.380777,0.008385,18,32765
1.42959,-0.382871,0.00868045,18,32765
1.39936,-0.379756,0.00870363,18,32765
1.40774,-0.387007,0.00933105,18,32765
1.43536,-0.399662,0.0100728,18,32765
1.42442,-0.401649,0.0103144,18,32765
1.45194,-0.414553,0.0110047,18,32765
1.41215,-0.408175,0.0112186,18,32765
1.42043,-0.415505,0.0117319,19,32765
1.39033,-0.411504,0.0119485,19,32765
1.37942,-0.413074,0.0125414,19,32765
1.41637,-0.429077,0.0134141,18,32765
1.38628,-0.424895,0.0136459,19,32765
1.3849,-0.429352,0.0142052,19,32765
1.37396,-0.430817,0.0149005,19,32765
1.37257,-0.435201,0.015476,19,32765
1.34262,-0.430361,0.0159287,19,32765
1.35075,-0.43773,0.016648,19,32765
1.36837,-0.448146,0.0178364,19,32765
1.87964,0.0295042,-0.0219684,18,32765
1.85974,0.0229755,-0.0211557,17,32765
1.83981,0.0165622,-0.0204978,17,32765
1.84986,0.010479,-0.0200972,18,32765
1.85989,0.00417346,-0.0197887,18,32765
1.8299,-0.00199217,-0.0191072,18,32765
1.81989,-0.00793769,-0.0187958,18,32765
1.80985,-0.0138736,-0.0183561,17,32765
1.8298,-0.020118,-0.0181092,18,32765
1.81972,-0.0262104,-0.0180469,18,32765
1.76964,-0.0314689,-0.0173005,17,32765
1.78952,-0.0378603,-0.0171293,18,32765
1.75939,-0.0431593,-0.0166391,18,32765
1.77923,-0.0495859,-0.0167074,18,32765
1.80904,-0.056553,-0.0168165,18,32765
1.76887,-0.0611468,-0.0163347,18,32765
1.79864,-0.06808,-0.0162144,18,32765
1.73846,-0.0715106,-0.015518,18,32765
1.75819,-0.0781286,-0.0156998,19,32765
1.75792,-0.0840574,-0.0154009,18,32765
1.75763,-0.0899174,-0.0155169,18,32765
1.71738,-0.0937034,-0.0147752,19,32765
1.72703,-0.100169,-0.0148615,18,32765
1.7167,-0.105408,-0.0148069,19,32765
1.71633,-0.111272,-0.0148005,19,32765
1.72593,-0.117671,-0.01472,19,32765
1.69561,-0.121282,-0.0143549,18,32765
1.70517,-0.127669,-0.014415,19,32765
1.70473,-0.133366,-0.0143586,19,32765
1.71424,-0.139972,-0.0143068,19,32765
1.69383,-0.144009,-0.0140191,19,32765
1.68337,-0.148857,-0.0139338,19,32765
1.66295,-0.152702,-0.0136345,19,32765
1.66243,-0.158278,-0.0137193,19,32765
1.67183,-0.164933,-0.0136947,18,32765
1.67126,-0.170652,-0.0135257,19,32765
1.68063,-0.177154,-0.0137177,19,32765
1.66014,-0.180663,-0.0135631,19,32765
1.6496,-0.185048,-0.0131478,19,32765
1.63903,-0.189476,-0.0132408,19,32765
1.6483,-0.196254,-0.0133679,20,32765
1.6377,-0.200619,-0.0132805,19,32765
1.62709,-0.204948,-0.0131457,20,32765
1.6264,-0.210355,-0.0129512,20,32765
1.61578,-0.214425,-0.0131508,20,32765
1.62497,-0.221169,-0.0129248,19,32765
1.61431,-0.225236,-0.0130015,19,32765
1.62344,-0.232102,-0.0135591,20,32765
1.62265,-0.237558,-0.0133062,19,32765
1.62184,-0.24303,-0.0132256,20,32765
1.60125,-0.245409,-0.0132606,19,32765
1.62018,-0.253856,-0.0131675,19,32765
1.56994,-0.251457,-0.0127544,18,32765
1.57894,-0.258405,-0.0127297,19,32765
1.62737,-0.27205,-0.0130544,18,32765
1.59685,-0.272591,-0.0125678,19,32765
1.56638,-0.27277,-0.0123936,19,32765
1.57528,-0.279926,-0.0118539,20,32765
1.57433,-0.285219,-0.0117822,19,32765
1.57336,-0.2905,-0.0116946,19,32765
1.57237,-0.295837,-0.0114908,18,32765
1.5321,-0.293526,-0.0111275,19,32765
1.55071,-0.302597,-0.0111477,20,32765
1.5399,-0.305779,-0.0110157,19,32765
1.50945,-0.305027,-0.0107117,19,32765
1.52802,-0.314055,-0.0106971,19,32765
1.49761,-0.312964,-0.0103007,19,32765
1.5259,-0.324205,-0.010284,19,32765
1.51505,-0.32716,-0.00990408,19,32765
1.50415,-0.330208,-0.00977578,19,32765
1.49327,-0.333086,-0.00946526,19,32765
1.49216,-0.338024,-0.00916963,20,32765
1.48128,-0.340791,-0.00894083,20,32765
1.46066,-0.341153,-0.00857734,20,32765
1.46925,-0.348321,-0.008333,20,32765
1.46811,-0.353128,-0.00804307,20,32765
1.49609,-0.365056,-0.00788125,20,32765
1.48517,-0.367578,-0.00745209,20,32765
1.44516,-0.362705,-0.00692114,20,32765
1.47303,-0.374876,-0.00694693,19,32765
1.46211,-0.377211,-0.00656893,19,32765
1.44153,-0.376909,-0.00601381,19,32765
1.45962,-0.386757,-0.00571881,20,32765
1.42938,-0.383734,-0.0052528,19,32765
1.42809,-0.388486,-0.00504882,19,32765
1.42681,-0.393192,-0.00447298,20,32765
1.43514,-0.400561,-0.00395251,19,32765
1.4242,-0.402553,-0.00361608,19,32765
1.41325,-0.40448,-0.00312246,19,32765
1.43114,-0.41466,-0.00265189,20,32765
1.4298,-0.419254,-0.00221124,19,32765
1.40928,-0.418119,-0.00172016,19,32765
1.40794,-0.42263,-0.00103015,19,32765
1.40657,-0.427137,-0.000508579,19,32765
1.39561,-0.428789,2.75283e-06,19,32765
1.39422,-0.433286,0.00056666,20,32765
1.38328,-0.434786,0.00136225,20,32765
1.40094,-0.445269,0.00196933,19,32765
1.39001,-0.446626,0.00275927,19,32765
1.37906,-0.447985,0.00336026,19,32765
1.37765,-0.452276,0.00432154,19,32765
1.86971,0.0286907,-0.0159473,18,32765
1.82979,0.0220064,-0.0166269,17,32765
1.84985,0.0161235,-0.0175721,18,32765
1.82988,0.00982031,-0.0181865,17,32765
1.8499,0.00377661,-0.0189008,18,32765
1.8199,-0.00241422,-0.0194009,17,32765
1.83987,-0.00861136,-0.0199915,18,32765
1.80983,-0.0145171,-0.0203133,18,32765
1.78977,-0.0203501,-0.020639,18,32765
1.80968,-0.0265138,-0.0211328,18,32765
1.78959,-0.0320835,-0.0212984,18,32765
1.76947,-0.0375681,-0.0214683,17,32765
1.77933,-0.0436402,-0.0221058,18,32765
1.76917,-0.0495003,-0.0222498,17,32765
1.81896,-0.0570268,-0.0232384,18,32765
1.75879,-0.0611175,-0.0227007,18,32765
1.73859,-0.0661763,-0.0227578,18,32765
1.71838,-0.0710303,-0.0227128,17,32765
1.7481,-0.0780837,-0.0232959,18,32765
1.76781,-0.0847871,-0.0237471,18,32765
1.75752,-0.0902527,-0.0238451,18,32765
1.71727,-0.0939682,-0.0235545,18,32765
1.72693,-0.100309,-0.0237645,19,32765
1.69664,-0.104244,-0.0234579,18,32765
1.75615,-0.113707,-0.0245217,18,32765
1.69591,-0.115477,-0.023811,18,32765
1.67556,-0.119692,-0.0235832,18,32765
1.70507,-0.127524,-0.0241165,19,32765
1.67472,-0.130949,-0.0237579,19,32765
1.64437,-0.134146,-0.0234616,19,32765
1.66383,-0.141401,-0.0237854,19,32765
1.68327,-0.148796,-0.0240499,19,32765
1.64293,-0.150737,-0.0235434,19,32765
1.66233,-0.158082,-0.0239152,19,32765
1.67174,-0.164581,-0.0241192,18,32765
1.66124,-0.169192,-0.0238707,18,32765
1.64076,-0.17272,-0.0236414,19,32765
1.63023,-0.177243,-0.0232826,19,32765
1.62962,-0.182775,-0.0232629,19,32765
1.64887,-0.190472,-0.0234682,19,32765
1.63829,-0.194836,-0.0232679,19,32765
1.61779,-0.197857,-0.022888,19,32765
1.62704,-0.204519,-0.0229728,19,32765
1.61642,-0.208727,-0.0228305,19,32765
1.6058,-0.212817,-0.0223995,19,32765
1.59517,-0.216864,-0.0222309,18,32765
1.61425,-0.224905,-0.0229122,20,32765
1.60359,-0.228876,-0.0225588,19,32765
1.6226,-0.237189,-0.0227625,18,32765
1.57234,-0.235273,-0.0221346,19,32765
1.59129,-0.24371,-0.0222926,19,32765
1.58057,-0.247628,-0.0219826,19,32765
1.57972,-0.253013,-0.0217398,19,32765
1.54925,-0.253532,-0.0212943,19,32765
1.58784,-0.265266,-0.021962,17,32765
1.56723,-0.267226,-0.0217751,19,32765
1.58603,-0.275902,-0.0217793,20,32765
1.54571,-0.27432,-0.0209285,19,32765
1.54478,-0.279602,-0.0197965,18,32765
1.54383,-0.284781,-0.0198278,19,32765
1.53303,-0.288154,-0.0194567,17,32765
1.55169,-0.297098,-0.019526,19,32765
1.54088,-0.300386,-0.0192882,20,32765
1.51043,-0.299753,-0.0188415,19,32765
1.52902,-0.308756,-0.0189744,18,32765
1.52799,-0.313855,-0.0187405,19,32765
1.51713,-0.316977,-0.0184124,18,32765
1.50629,-0.319942,-0.0182096,19,32765
1.48566,-0.320792,-0.0178837,19,32765
1.51388,-0.33216,-0.0181561,20,32765
1.49324,-0.332875,-0.0178826,19,32765
1.47261,-0.333487,-0.0174107,19,32765
1.49098,-0.342895,-0.017571,19,32765
1.47034,-0.343367,-0.0172645,20,32765
1.47892,-0.350587,-0.0172499,19,32765
1.4583,-0.350803,-0.016864,19,32765
1.45713,-0.355644,-0.0168948,19,32765
1.4948,-0.369987,-0.0171612,19,32765
1.48386,-0.372524,-0.0170704,20,32765
1.44388,-0.367473,-0.0165367,19,32765
1.44267,-0.372192,-0.0165827,19,32765
1.44143,-0.376955,-0.0164402,19,32765
1.44985,-0.384271,-0.0164777,19,32765
1.46789,-0.394245,-0.0165931,19,32765
1.43765,-0.39116,-0.0163338,19,32765
1.42671,-0.393234,-0.0161295,19,32765
1.47356,-0.411379,-0.0166901,20,32765
1.42412,-0.402524,-0.0160708,19,32765
1.42279,-0.407204,-0.0160792,19,32765
1.39265,-0.403442,-0.0157294,20,32765
1.42973,-0.41919,-0.0161974,19,32765
1.39002,-0.41241,-0.0158049,19,32765
1.35998,-0.408181,-0.0155129,18,32765
1.38736,-0.42127,-0.0160085,19,32765
1.38602,-0.425676,-0.0160047,19,32765
1.39419,-0.433101,-0.0162427,19,32765
1.37372,-0.431555,-0.0161793,19,32765
1.41049,-0.447918,-0.0168518,19,32765
1.38052,-0.44315,-0.0167281,19,32765
1.36959,-0.444453,-0.0168606,19,32765
1.35865,-0.445735,-0.0170678,20,32765
1.85948,0.0285824,-0.0334067,17,32765
1.84955,0.0222774,-0.0342589,17,32765
1.87959,0.0164018,-0.0355901,18,32765
1.86962,0.0100373,-0.0362227,18,32765
1.83964,0.00374472,-0.0361543,18,32765
1.84962,-0.00247981,-0.0371706,18,32765
1.8496,-0.00869782,-0.0375499,18,32765
1.81955,-0.0146501,-0.0375922,18,32765
1.85947,-0.0212139,-0.0389899,18,32765
1.8094,-0.0265931,-0.0382049,18,32765
1.8093,-0.0325345,-0.0386083,18,32765
1.79917,-0.0383102,-0.0388096,18,32765
1.76904,-0.0435116,-0.0386759,18,32765
1.76888,-0.0496304,-0.0389439,18,32765
1.7487,-0.0549752,-0.03885,18,32765
1.7485,-0.060925,-0.0390769,18,32765
1.74828,-0.0667242,-0.0393936,19,32765
1.73806,-0.0720353,-0.0393874,19,32765
1.72782,-0.0773821,-0.0393456,19,32765
1.73754,-0.0835544,-0.0397547,19,32765
1.71727,-0.0884163,-0.0395244,19,32765
1.71696,-0.0941957,-0.0397755,19,32765
1.71663,-0.0999697,-0.0398479,19,32765
1.72626,-0.106338,-0.0401867,19,32765
1.71592,-0.111387,-0.0401846,19,32765
1.69559,-0.115751,-0.0398424,19,32765
1.71513,-0.122832,-0.0403644,19,32765
1.71471,-0.128572,-0.0404769,19,32765
1.7043,-0.133601,-0.040307,19,32765
1.69387,-0.138535,-0.0402028,19,32765
1.69339,-0.144278,-0.0402425,19,32765
1.67297,-0.14826,-0.0397485,19,32765
1.67247,-0.153835,-0.0398122,20,32765
1.65204,-0.1575,-0.0394237,19,32765
1.66146,-0.16398,-0.0397213,19,32765
1.66089,-0.169583,-0.0396161,19,32765
1.67025,-0.176265,-0.0399105,19,32765
1.63983,-0.178734,-0.0389807,19,32765
1.65908,-0.186546,-0.0394327,19,32765
1.64852,-0.190909,-0.0391178,20,32765
1.64787,-0.196466,-0.0390582,20,32765
1.61744,-0.19831,-0.038254,19,32765
1.62669,-0.204986,-0.0384327,20,32765
1.6359,-0.21177,-0.0386643,20,32765
1.62527,-0.215935,-0.0381351,20,32765
1.62454,-0.221407,-0.0381037,20,32765
1.61388,-0.225416,-0.038276,19,32765
1.61313,-0.230811,-0.0380614,19,32765
1.64201,-0.240626,-0.0386857,17,32765
1.60164,-0.240255,-0.0378203,19,32765
1.59092,-0.244261,-0.0374659,19,32765
1.59995,-0.25129,-0.0375245,20,32765
1.58922,-0.255169,-0.0370481,19,32765
1.59821,-0.262196,-0.0372386,19,32765
1.55788,-0.26091,-0.0364413,18,32765
1.58656,-0.271196,-0.0372197,20,32765
1.5561,-0.27137,-0.036261,20,32765
1.55517,-0.276688,-0.0359488,20,32765
1.55424,-0.282016,-0.0348093,19,32765
1.56311,-0.289056,-0.0350607,19,32765
1.53265,-0.2888,-0.0341539,19,32765
1.56113,-0.299648,-0.0346288,19,32765
1.51105,-0.295306,-0.0334272,19,32765
1.53946,-0.306276,-0.0339981,19,32765
1.49923,-0.303496,-0.0330216,19,32765
1.50801,-0.310524,-0.033006,18,32765
1.49716,-0.313586,-0.0325858,19,32765
1.53523,-0.326903,-0.0333514,19,32765
1.48526,-0.321508,-0.0321992,19,32765
1.48418,-0.326457,-0.0321196,19,32765
1.48308,-0.331436,-0.0320799,19,32765
1.48196,-0.336443,-0.0318396,19,32765
1.48082,-0.341413,-0.0317691,19,32765
1.46993,-0.344131,-0.0314825,19,32765
1.46877,-0.349055,-0.0313537,20,32765
1.47732,-0.35627,-0.0313997,20,32765
1.45671,-0.356434,-0.0310165,19,32765
1.48465,-0.368401,-0.0314533,19,32765
1.46402,-0.36847,-0.0310617,19,32765
1.44344,-0.368288,-0.0305621,20,32765
1.43255,-0.370513,-0.030402,19,32765
1.44099,-0.37779,-0.0304641,20,32765
1.43007,-0.379987,-0.030187,20,32765
1.42881,-0.384719,-0.0300848,19,32765
1.52399,-0.415704,-0.0321889,16,32765
1.42625,-0.394103,-0.0300562,20,32765
1.42494,-0.398814,-0.0300706,20,32765
1.41402,-0.400687,-0.0297932,20,32765
1.4127,-0.405345,-0.0298007,20,32765
1.40178,-0.40712,-0.0295731,19,32765
1.40045,-0.411655,-0.0296057,20,32765
1.45661,-0.433271,-0.0308659,19,32765
1.41694,-0.426365,-0.0300892,21,32765
1.38686,-0.422196,-0.0296463,20,32765
1.40462,-0.432495,-0.0300504,20,32765
1.39366,-0.434052,-0.0299727,20,32765
1.38273,-0.435505,-0.0299267,20,32765
1.39089,-0.442834,-0.0303522,20,32765
1.38949,-0.447184,-0.0305707,19,32765
1.38806,-0.451612,-0.030821,20,32765
1.37709,-0.452957,-0.0309377,21,32765
1.87871,0.0315717,-0.0620334,18,32765
1.81886,0.0244071,-0.0594836,17,32765
1.82894,0.0184719,-0.0593631,17,32765
1.829,0.012565,-0.0590553,18,32765
1.79907,0.00630673,-0.0576628,17,32765
1.78909,0.000175509,-0.0570085,18,32765
1.81908,-0.00592363,-0.0575834,18,32765
1.83905,-0.0121405,-0.0579986,18,32765
1.80902,-0.017857,-0.0568202,18,32765
1.80896,-0.0238591,-0.0563913,19,32765
1.7789,-0.0293304,-0.0553742,18,32765
1.76881,-0.0350427,-0.0547131,18,32765
1.7387,-0.0403576,-0.05392,17,32765
1.79851,-0.047891,-0.0554934,18,32765
1.72841,-0.0520023,-0.0530047,18,32765
1.75819,-0.0589047,-0.0538432,18,32765
1.76798,-0.0651046,-0.053996,18,32765
1.71782,-0.0689879,-0.052374,18,32765
1.72756,-0.0751576,-0.0526659,18,32765
1.75726,-0.0823741,-0.0534608,18,32765
1.73701,-0.0872772,-0.0526815,18,32765
1.69679,-0.0909945,-0.0512763,18,32765
1.69647,-0.0966582,-0.0512936,18,32765
1.70613,-0.102894,-0.0512271,18,32765
1.72573,-0.109881,-0.0517529,18,32765
1.73533,-0.116363,-0.052001,18,32765
1.68508,-0.118709,-0.0502836,18,32765
1.69463,-0.125164,-0.0504805,18,32765
1.68423,-0.130113,-0.0502418,19,32765
1.63397,-0.131793,-0.0487131,18,32765
1.67336,-0.140641,-0.0497801,19,32765
1.70275,-0.148927,-0.0505309,19,32765
1.66242,-0.1511,-0.0491772,18,32765
1.65195,-0.155798,-0.0487893,19,32765
1.65141,-0.16142,-0.0487297,19,32765
1.65086,-0.166997,-0.0487609,18,32765
1.66024,-0.173547,-0.0489172,19,32765
1.65965,-0.179119,-0.0488182,19,32765
1.61931,-0.180235,-0.047602,19,32765
1.62862,-0.186833,-0.0479343,18,32765
1.61806,-0.191164,-0.0474551,19,32765
1.6174,-0.196595,-0.0474717,19,32765
1.61673,-0.202139,-0.0473116,19,32765
1.62595,-0.208918,-0.0474771,20,32765
1.64505,-0.217018,-0.0479721,20,32765
1.6245,-0.219904,-0.0472755,19,32765
1.60395,-0.222628,-0.0468554,19,32765
1.61309,-0.229442,-0.047035,20,32765
1.63209,-0.237799,-0.0474049,17,32765
1.59172,-0.237439,-0.0462663,19,32765
1.59091,-0.242875,-0.0460528,19,32765
1.5802,-0.246717,-0.0458035,19,32765
1.57936,-0.252045,-0.0457424,19,32765
1.56864,-0.255783,-0.0452621,19,32765
1.56776,-0.261099,-0.0452304,16,32765
1.56688,-0.26638,-0.0451743,19,32765
1.55613,-0.269925,-0.0446841,19,32765
1.57491,-0.278608,-0.0450862,20,32765
1.52479,-0.274985,-0.0434912,18,32765
1.55336,-0.285497,-0.0442526,19,32765
1.52291,-0.28524,-0.043528,17,32765
1.54158,-0.294152,-0.0435945,19,32765
1.50132,-0.291806,-0.0423038,18,32765
1.51994,-0.300721,-0.0428575,19,32765
1.53851,-0.309868,-0.0431315,19,32765
1.52767,-0.313051,-0.0426511,19,32765
1.49727,-0.311986,-0.0417389,18,32765
1.51579,-0.32113,-0.0420746,19,32765
1.50495,-0.324025,-0.0415747,19,32765
1.47456,-0.322708,-0.0405299,19,32765
1.50275,-0.334165,-0.0410732,19,32765
1.48214,-0.334738,-0.0402771,19,32765
1.48102,-0.339656,-0.0400637,19,32765
1.48965,-0.346752,-0.0400233,19,32765
1.45932,-0.344782,-0.0390112,19,32765
1.47763,-0.354224,-0.0392065,19,32765
1.47646,-0.359126,-0.0388411,19,32765
1.46556,-0.361646,-0.0382036,19,32765
1.47406,-0.368896,-0.0380866,19,32765
1.46314,-0.371362,-0.0375546,19,32765
1.45224,-0.373651,-0.037031,19,32765
1.44135,-0.375878,-0.0363732,19,32765
1.45945,-0.38572,-0.0364728,19,32765
1.40992,-0.377495,-0.0348518,19,32765
1.43762,-0.389999,-0.0351965,18,32765
1.41706,-0.389437,-0.0344034,17,32765
1.44467,-0.402153,-0.0345984,19,32765
1.42411,-0.401467,-0.0336764,19,32765
1.4228,-0.406141,-0.0331618,18,32765
1.39265,-0.402499,-0.0321256,18,32765
1.40093,-0.409837,-0.0318878,18,32765
1.41878,-0.420052,-0.0317755,18,32765
1.3887,-0.416028,-0.0305176,18,32765
1.39695,-0.42336,-0.0301526,19,32765
1.35733,-0.416199,-0.0289199,19,32765
1.38465,-0.429421,-0.0289214,19,32765
1.36422,-0.427823,-0.0278674,19,32765
1.36288,-0.43212,-0.0272059,19,32765
1.3996,-0.448637,-0.0271659,19,32765
1.38862,-0.450165,-0.0263276,19,32765
1.36819,-0.448358,-0.0251688,20,32765
1.89802,0.0319226,-0.0806041,18,32765
1.88815,0.025348,-0.0795882,19,32765
1.86827,0.0188652,-0.0782891,18,32765
1.83836,0.0126112,-0.0767237,18,32765
1.82842,0.00637706,-0.0758754,18,32765
1.83843,0.000132614,-0.0759468,18,32765
1.81845,-0.00598338,-0.0747408,17,32765
1.84841,-0.01228,-0.0757541,19,32765
1.81839,-0.0180403,-0.0742916,19,32765
1.81834,-0.0240878,-0.0738605,18,32765
1.78828,-0.0296028,-0.07256,18,32765
1.7782,-0.0353598,-0.0718027,18,32765
1.78805,-0.04165,-0.072344,18,32765
1.81788,-0.0485708,-0.0732672,19,32765
1.75779,-0.0530594,-0.0705155,18,32765
1.76758,-0.0594083,-0.0708349,18,32765
1.73743,-0.0641791,-0.0694837,18,32765
1.74719,-0.0703824,-0.0697844,18,32765
1.72698,-0.0753587,-0.0689742,18,32765
1.74668,-0.0821218,-0.0696536,18,32765
1.70649,-0.0859951,-0.0678926,18,32765
1.73613,-0.0933744,-0.0688848,18,32765
1.6959,-0.0969035,-0.0673183,18,32765
1.75543,-0.106169,-0.0693152,18,32765
1.71518,-0.109518,-0.0676667,19,32765
1.70483,-0.11464,-0.0672228,19,32765
1.75428,-0.123929,-0.0689559,18,32765
1.69406,-0.125469,-0.0665041,18,32765
1.68366,-0.130428,-0.0661709,19,32765
1.70313,-0.137749,-0.0669096,19,32765
1.68275,-0.141817,-0.0660049,20,32765
1.6723,-0.146663,-0.0654783,19,32765
1.6718,-0.152365,-0.0653053,19,32765
1.67128,-0.158047,-0.0652105,19,32765
1.67073,-0.163749,-0.0651498,19,32765
1.66022,-0.168396,-0.064793,19,32765
1.64972,-0.172911,-0.064268,19,32765
1.64913,-0.178461,-0.0641692,19,32765
1.6386,-0.18287,-0.0637348,19,32765
1.63797,-0.188407,-0.0637749,20,32765
1.64725,-0.195131,-0.0639706,19,32765
1.66642,-0.203092,-0.064758,20,32765
1.64589,-0.206332,-0.0638237,19,32765
1.64518,-0.21195,-0.0636969,21,32765
1.62464,-0.214894,-0.062846,20,32765
1.63381,-0.22175,-0.0631095,20,32765
1.61325,-0.224512,-0.0625014,19,32765
1.63228,-0.232785,-0.0631567,20,32765
1.60182,-0.234005,-0.0618045,17,32765
1.59113,-0.237976,-0.0614331,20,32765
1.61007,-0.246448,-0.0619796,20,32765
1.61909,-0.253455,-0.0623969,20,32765
1.5985,-0.25577,-0.0615736,19,32765
1.5779,-0.25797,-0.0606173,19,32765
1.57702,-0.26333,-0.0605848,18,32765
1.58597,-0.270336,-0.060906,20,32765
1.57522,-0.273953,-0.0603185,20,32765
1.56446,-0.277486,-0.0597785,19,32765
1.56353,-0.282711,-0.0595871,20,32765
1.56258,-0.287944,-0.0595055,19,32765
1.56159,-0.293253,-0.0596235,20,32765
1.55078,-0.296684,-0.0587497,19,32765
1.55957,-0.303923,-0.0589338,20,32765
1.53893,-0.305277,-0.0581925,19,32765
1.52809,-0.308577,-0.0575441,19,32765
1.55641,-0.319777,-0.0584405,19,32765
1.526,-0.318807,-0.0572434,19,32765
1.52493,-0.323915,-0.0570314,19,32765
1.5141,-0.326849,-0.0564353,19,32765
1.52275,-0.334128,-0.056556,19,32765
1.48261,-0.330552,-0.0548467,19,32765
1.48151,-0.335475,-0.0545834,19,32765
1.49987,-0.344882,-0.0550847,19,32765
1.47929,-0.345242,-0.0540667,19,32765
1.47814,-0.350146,-0.0538357,19,32765
1.45756,-0.350331,-0.0528061,20,32765
1.4564,-0.355177,-0.0524449,20,32765
1.47462,-0.364839,-0.052759,19,32765
1.48312,-0.372136,-0.052733,19,32765
1.48187,-0.377104,-0.0524471,19,32765
1.47096,-0.37946,-0.051825,20,32765
1.43105,-0.374171,-0.0500524,19,32765
1.44914,-0.384003,-0.050342,20,32765
1.43825,-0.386093,-0.049584,19,32765
1.49485,-0.406589,-0.0511936,16,32765
1.41642,-0.390286,-0.0482299,20,32765
1.42477,-0.397655,-0.048057,20,32765
1.42347,-0.402341,-0.0475957,19,32765
1.42215,-0.407025,-0.0470804,19,32765
1.40161,-0.406157,-0.0460769,19,32765
1.40988,-0.413542,-0.0459292,19,32765
1.42771,-0.42381,-0.0460006,17,32765
1.41678,-0.425559,-0.0450647,20,32765
1.38674,-0.421374,-0.0435791,20,32765
1.40447,-0.43179,-0.0437585,19,32765
1.37447,-0.427386,-0.0422595,19,32765
1.38266,-0.434749,-0.0418881,19,32765
1.3813,-0.439115,-0.0412167,20,32765
1.38944,-0.446553,-0.0407048,18,32765
1.34995,-0.438782,-0.0389533,19,32765
1.36755,-0.449331,-0.0387031,19,32765
1.83836,0.0304034,-0.0715225,18,32765
1.83841,0.0241951,-0.0725507,18,32765
1.81846,0.0179248,-0.0725684,17,32765
1.82848,0.0119107,-0.0736853,18,32765
1.83848,0.0058798,-0.0746187,18,32765
1.84845,-0.000284209,-0.0758091,18,32765
1.83842,-0.00647734,-0.0759311,18,32765
1.81839,-0.0125442,-0.0755391,17,32765
1.81831,-0.0186128,-0.0761308,18,32765
1.77826,-0.0240408,-0.0750284,18,32765
1.78814,-0.0300581,-0.0757914,18,32765
1.74806,-0.0352121,-0.0744909,18,32765
1.80785,-0.0425435,-0.0772631,19,32765
1.79768,-0.0485733,-0.0773087,19,32765
1.7176,-0.0522499,-0.0742635,17,32765
1.73737,-0.0587201,-0.0754571,18,32765
1.75712,-0.0652904,-0.0766665,18,32765
1.71696,-0.0694606,-0.0750571,18,32765
1.73667,-0.0760214,-0.0761986,18,32765
1.71644,-0.0808508,-0.0755347,17,32765
1.73611,-0.0875242,-0.0766484,18,32765
1.71584,-0.0923144,-0.0760485,18,32765
1.71552,-0.0980309,-0.0761044,18,32765
1.71516,-0.103852,-0.0763758,18,32765
1.67493,-0.107023,-0.0744843,18,32765
1.68451,-0.113338,-0.0752794,18,32765
1.68412,-0.119004,-0.0753085,19,32765
1.6837,-0.124663,-0.0756424,19,32765
1.69322,-0.131177,-0.0761798,18,32765
1.65294,-0.133665,-0.0742603,19,32765
1.66243,-0.1401,-0.0747843,19,32765
1.68185,-0.14745,-0.0757681,19,32765
1.6714,-0.15219,-0.0753044,19,32765
1.66093,-0.156888,-0.0748658,19,32765
1.64051,-0.160525,-0.0739333,19,32765
1.63995,-0.166108,-0.0739788,19,32765
1.63937,-0.171668,-0.0740327,19,32765
1.64872,-0.17828,-0.0744047,19,32765
1.65804,-0.184942,-0.0749271,19,32765
1.63756,-0.188199,-0.0739429,18,32765
1.63693,-0.193691,-0.0738155,20,32765
1.61644,-0.196743,-0.0729377,19,32765
1.60587,-0.200862,-0.072396,19,32765
1.60519,-0.206254,-0.0722311,21,32765
1.63422,-0.215505,-0.073423,20,32765
1.62359,-0.219651,-0.072906,19,32765
1.62283,-0.225165,-0.072862,19,32765
1.61218,-0.229305,-0.0721717,19,32765
1.61138,-0.234862,-0.0720399,18,32765
1.6007,-0.238894,-0.0714076,19,32765
1.59987,-0.24441,-0.0712474,20,32765
1.58916,-0.248323,-0.0707265,20,32765
1.59817,-0.255306,-0.0711067,19,32765
1.59731,-0.260717,-0.0709338,18,32765
1.5373,-0.256226,-0.0681825,18,32765
1.58568,-0.269823,-0.0701965,20,32765
1.56507,-0.271777,-0.0691724,20,32765
1.56416,-0.277067,-0.0687203,19,32765
1.56322,-0.282351,-0.0686065,19,32765
1.53279,-0.282158,-0.0672818,18,32765
1.54166,-0.289168,-0.0676375,19,32765
1.55049,-0.296264,-0.0677842,20,32765
1.56911,-0.305249,-0.068579,19,32765
1.54848,-0.306694,-0.0674988,20,32765
1.53765,-0.309926,-0.0668924,19,32765
1.52681,-0.313108,-0.0663306,18,32765
1.53554,-0.320288,-0.0664657,20,32765
1.52469,-0.323381,-0.0658713,19,32765
1.50406,-0.324309,-0.0649355,19,32765
1.49322,-0.3272,-0.0642781,20,32765
1.48234,-0.330101,-0.0639537,19,32765
1.51047,-0.341693,-0.064906,19,32765
1.48984,-0.342318,-0.063977,19,32765
1.46923,-0.342767,-0.0630312,19,32765
1.46809,-0.347633,-0.0628933,19,32765
1.48637,-0.357159,-0.0635296,20,32765
1.45608,-0.354911,-0.0622754,19,32765
1.4452,-0.357326,-0.0616612,18,32765
1.444,-0.362171,-0.0615284,19,32765
1.45248,-0.369443,-0.06186,19,32765
1.43188,-0.369336,-0.0609398,18,32765
1.45966,-0.381641,-0.062026,19,32765
1.44874,-0.383877,-0.0616366,19,32765
1.41854,-0.380832,-0.0601975,18,32765
1.46549,-0.398594,-0.0622163,16,32765
1.416,-0.390154,-0.0601854,19,32765
1.43395,-0.400231,-0.0607496,19,32765
1.40378,-0.396803,-0.0595153,19,32765
1.43127,-0.409707,-0.060782,19,32765
1.39155,-0.403201,-0.0592229,19,32765
1.39983,-0.410529,-0.0595742,19,32765
1.43683,-0.426362,-0.0611989,17,32765
1.39719,-0.419445,-0.0594492,18,32765
1.40538,-0.426862,-0.0599532,19,32765
1.35621,-0.41679,-0.0580297,18,32765
1.37391,-0.427179,-0.0590101,19,32765
1.3916,-0.437585,-0.0598254,19,32765
1.37117,-0.435892,-0.0590405,19,32765
1.44591,-0.464595,-0.0624999,16,32765
1.33991,-0.435141,-0.0581812,19,32765
1.35752,-0.445576,-0.059232,19,32765
1.87755,0.0310694,-0.0907954,18,32765
1.88758,0.0248438,-0.092334,18,32765
1.84766,0.0181986,-0.0911992,18,32765
1.85766,0.0120709,-0.0924217,18,32765
1.84768,0.00586393,-0.0924582,18,32765
1.85764,-0.000347128,-0.0937467,18,32765
1.84761,-0.00658668,-0.0937771,18,32765
1.78763,-0.0124218,-0.0911616,18,32765
1.81751,-0.0187113,-0.0932808,18,32765
1.78745,-0.0242851,-0.0923169,18,32765
1.79733,-0.0303482,-0.0931757,18,32765
1.78721,-0.0361508,-0.0930599,18,32765
1.80704,-0.0426914,-0.0943177,18,32765
1.75694,-0.0476505,-0.0921738,19,32765
1.76673,-0.0539387,-0.0930993,18,32765
1.75654,-0.0595763,-0.0929069,18,32765
1.76629,-0.0658558,-0.0937784,19,32765
1.73612,-0.0704712,-0.0923232,19,32765
1.72589,-0.075798,-0.0920594,19,32765
1.74556,-0.0824888,-0.0933391,19,32765
1.75524,-0.0887712,-0.0941102,20,32765
1.73497,-0.0936381,-0.0933247,19,32765
1.73464,-0.0994329,-0.093381,19,32765
1.70438,-0.103518,-0.0920404,20,32765
1.70403,-0.109215,-0.0919228,20,32765
1.69367,-0.1143,-0.0917386,19,32765
1.69327,-0.120011,-0.0917675,20,32765
1.71276,-0.127194,-0.0931865,20,32765
1.6924,-0.131503,-0.0921923,20,32765
1.7019,-0.138031,-0.0926035,20,32765
1.68152,-0.142125,-0.0915976,20,32765
1.69097,-0.148683,-0.0922278,20,32765
1.68052,-0.153466,-0.0916695,20,32765
1.67005,-0.158206,-0.0911363,20,32765
1.66951,-0.163834,-0.0910994,20,32765
1.659,-0.168521,-0.0906027,20,32765
1.65842,-0.17416,-0.0906569,20,32765
1.65782,-0.179776,-0.0905793,20,32765
1.66713,-0.186485,-0.0911957,20,32765
1.6665,-0.192068,-0.0911069,20,32765
1.6361,-0.194141,-0.0893522,20,32765
1.66518,-0.203247,-0.0909937,20,32765
1.63477,-0.205054,-0.0892724,20,32765
1.63408,-0.210557,-0.089104,21,32765
1.61358,-0.213381,-0.0878796,20,32765
1.63265,-0.221496,-0.0888849,20,32765
1.61211,-0.224302,-0.0877632,20,32765
1.63111,-0.232647,-0.0885906,19,32765
1.59078,-0.232506,-0.0863122,19,32765
1.60974,-0.240911,-0.0871925,20,32765
1.59903,-0.244961,-0.0864968,20,32765
1.61792,-0.253519,-0.0874814,20,32765
1.60719,-0.257458,-0.086888,20,32765
1.61617,-0.264527,-0.0872454,18,32765
1.57588,-0.263383,-0.0849897,19,32765
1.59467,-0.272105,-0.085879,19,32765
1.57407,-0.274095,-0.0846651,19,32765
1.57316,-0.279429,-0.0842098,20,32765
1.55256,-0.281197,-0.0830434,19,32765
1.59089,-0.293659,-0.0851137,18,32765
1.54082,-0.289807,-0.0824104,19,32765
1.55946,-0.298797,-0.0831738,19,32765
1.51925,-0.296361,-0.0810195,19,32765
1.54762,-0.307369,-0.082364,20,32765
1.5368,-0.310607,-0.0816628,19,32765
1.54553,-0.317817,-0.0820449,18,32765
1.50536,-0.314855,-0.0796825,19,32765
1.52384,-0.324088,-0.0805457,19,32765
1.52274,-0.329238,-0.0804525,20,32765
1.48262,-0.32577,-0.0781547,19,32765
1.52048,-0.339525,-0.0803088,19,32765
1.51935,-0.344645,-0.0799962,19,32765
1.47925,-0.340819,-0.0778532,19,32765
1.50728,-0.35261,-0.0792766,19,32765
1.47695,-0.350693,-0.0776027,19,32765
1.45637,-0.350913,-0.076388,20,32765
1.47462,-0.36042,-0.0773971,19,32765
1.45404,-0.3605,-0.0761776,19,32765
1.44314,-0.362951,-0.0755362,20,32765
1.4516,-0.370238,-0.0759609,20,32765
1.43101,-0.37013,-0.0748519,19,32765
1.42013,-0.372329,-0.0742003,19,32765
1.42855,-0.379571,-0.0747252,20,32765
1.47553,-0.397225,-0.0770341,18,32765
1.40677,-0.383679,-0.0734811,19,32765
1.43437,-0.396308,-0.0750059,20,32765
1.43305,-0.401086,-0.0747505,19,32765
1.42211,-0.403097,-0.0742366,20,32765
1.42076,-0.407825,-0.0742791,20,32765
1.42902,-0.415206,-0.0748546,20,32765
1.4085,-0.41422,-0.0737913,18,32765
1.38802,-0.413025,-0.0727792,19,32765
1.4154,-0.426093,-0.0741647,20,32765
1.414,-0.430678,-0.0742611,19,32765
1.39348,-0.429438,-0.0733755,19,32765
1.38252,-0.431055,-0.073036,20,32765
1.4097,-0.444517,-0.0745418,20,32765
1.38926,-0.442879,-0.0735686,19,32765
1.34984,-0.434945,-0.0717194,16,32765
1.38646,-0.451521,-0.0739501,20,32765
1.37553,-0.452758,-0.0736712,20,32765
1.85595,0.0335962,-0.118004,17,32765
1.89601,0.02777,-0.119941,17,32765
1.87617,0.0209176,-0.118057,17,32765
1.84632,0.0142979,-0.115715,17,32765
1.82643,0.00799119,-0.11403,18,32765
1.81649,0.00184197,-0.112945,17,32765
1.84644,-0.004278,-0.114712,18,32765
1.81649,-0.0103072,-0.112522,18,32765
1.84641,-0.0167342,-0.113927,18,32765
1.79646,-0.0223459,-0.110568,18,32765
1.81634,-0.0287066,-0.111745,19,32765
1.83621,-0.0351382,-0.112646,18,32765
1.80616,-0.040632,-0.110636,18,32765
1.78607,-0.0461645,-0.109175,17,32765
1.77594,-0.0519072,-0.108405,18,32765
1.79571,-0.0586821,-0.109496,19,32765
1.77556,-0.0640765,-0.108103,18,32765
1.75538,-0.0693723,-0.106834,18,32765
1.75516,-0.0752459,-0.106583,18,32765
1.73496,-0.0802369,-0.105298,18,32765
1.71475,-0.0850844,-0.103913,18,32765
1.7045,-0.0903164,-0.103137,18,32765
1.72412,-0.0971508,-0.10426,18,32765
1.71382,-0.102296,-0.103744,18,32765
1.7334,-0.109338,-0.104804,18,32765
1.74299,-0.115845,-0.105275,18,32765
1.68284,-0.117586,-0.101545,18,32765
1.68244,-0.123248,-0.101486,19,32765
1.65217,-0.126603,-0.0995471,18,32765
1.65173,-0.132204,-0.0995538,19,32765
1.69107,-0.141153,-0.101739,19,32765
1.69058,-0.146898,-0.101787,19,32765
1.66025,-0.149917,-0.0999219,20,32765
1.67962,-0.157364,-0.101072,19,32765
1.63933,-0.159218,-0.0987011,19,32765
1.62885,-0.163781,-0.0980158,20,32765
1.65807,-0.17244,-0.0998819,20,32765
1.64754,-0.177071,-0.0992172,20,32765
1.62709,-0.180511,-0.0979326,20,32765
1.63639,-0.187139,-0.0984691,19,32765
1.63575,-0.19264,-0.0984711,20,32765
1.60537,-0.194547,-0.0967082,20,32765
1.63442,-0.203653,-0.0983998,20,32765
1.61393,-0.206638,-0.0971021,20,32765
1.61322,-0.212101,-0.0971585,20,32765
1.62237,-0.219018,-0.0976992,19,32765
1.60184,-0.221869,-0.0963924,20,32765
1.62084,-0.230179,-0.0975128,19,32765
1.60029,-0.232767,-0.0963374,19,32765
1.60938,-0.239645,-0.096763,20,32765
1.58882,-0.242097,-0.0955924,19,32765
1.58799,-0.247545,-0.0955153,20,32765
1.57728,-0.25145,-0.0947391,19,32765
1.60598,-0.261647,-0.0963421,17,32765
1.5657,-0.260498,-0.09391,19,32765
1.57466,-0.267452,-0.0943556,19,32765
1.58359,-0.274476,-0.0949338,19,32765
1.57282,-0.278083,-0.0943576,20,32765
1.55223,-0.27988,-0.0929409,19,32765
1.58075,-0.290513,-0.0944286,19,32765
1.55035,-0.290273,-0.0925379,19,32765
1.53958,-0.293519,-0.091815,19,32765
1.55822,-0.302407,-0.0927445,20,32765
1.52782,-0.30184,-0.0908197,19,32765
1.54638,-0.310995,-0.0916856,19,32765
1.50618,-0.308295,-0.0892649,18,32765
1.51492,-0.315429,-0.0896457,19,32765
1.54315,-0.326762,-0.0911168,20,32765
1.50303,-0.323495,-0.0885744,19,32765
1.54097,-0.337058,-0.0905635,20,32765
1.52033,-0.337979,-0.0891772,19,32765
1.5484,-0.34974,-0.0907129,19,32765
1.48886,-0.341567,-0.0867257,19,32765
1.5169,-0.353319,-0.0882813,20,32765
1.47688,-0.349101,-0.0857458,19,32765
1.47574,-0.353987,-0.0853903,19,32765
1.45517,-0.354148,-0.0839547,19,32765
1.4734,-0.363765,-0.0846979,19,32765
1.48188,-0.371104,-0.0849063,19,32765
1.48067,-0.37603,-0.0843944,19,32765
1.44076,-0.37097,-0.0817976,19,32765
1.47821,-0.385757,-0.0835708,19,32765
1.46731,-0.388048,-0.0826241,19,32765
1.41783,-0.379934,-0.0794134,18,32765
1.43587,-0.389829,-0.0801124,16,32765
1.43461,-0.394543,-0.0796281,19,32765
1.42369,-0.396612,-0.0786948,18,32765
1.44162,-0.40676,-0.07923,19,32765
1.41151,-0.403204,-0.0771538,19,32765
1.41022,-0.407821,-0.0765936,19,32765
1.41849,-0.415254,-0.0764441,19,32765
1.40759,-0.416996,-0.0755128,16,32765
1.41583,-0.424431,-0.075429,19,32765
1.41449,-0.428961,-0.0748421,19,32765
1.39405,-0.427665,-0.0730223,19,32765
1.39269,-0.432167,-0.0723871,19,32765
1.3913,-0.436736,-0.0717132,19,32765
1.37086,-0.43526,-0.070018,19,32765
1.47409,-0.473294,-0.0745233,16,32765
1.34911,-0.437886,-0.0675295,19,32765
1.36678,-0.448292,-0.0675136,20,32765
2.17385,0.0393461,-0.158823,12,32765
2.16405,0.0316725,-0.157409,12,32765
2.25396,0.0250853,-0.16319,13,32765
2.22415,0.017161,-0.160472,14,32765
2.314,0.0100395,-0.166398,15,32765
2.2243,0.00215499,-0.159378,14,32765
2.21432,-0.0052493,-0.158549,14,32765
2.16445,-0.0124163,-0.154585,14,32765
2.11456,-0.019314,-0.150509,14,32765
1.95492,-0.024472,-0.138845,14,32765
1.94486,-0.0309088,-0.138081,15,32765
1.8949,-0.036444,-0.134203,16,32765
1.88481,-0.0425992,-0.133315,16,32765
1.89465,-0.0491859,-0.133768,15,32765
1.82468,-0.0535548,-0.128674,15,32765
1.80456,-0.0592076,-0.12714,15,32765
1.81433,-0.065729,-0.127663,14,32765
1.74432,-0.0691941,-0.122698,15,32765
1.73413,-0.0746168,-0.121749,15,32765
1.72391,-0.0800117,-0.120976,16,32765
1.70372,-0.0848341,-0.119403,15,32765
1.70343,-0.0905718,-0.119231,16,32765
1.70312,-0.0962941,-0.119148,17,32765
1.7227,-0.103171,-0.120629,17,32765
1.72235,-0.109002,-0.120483,17,32765
1.71203,-0.114161,-0.119658,20,32765
1.72159,-0.120684,-0.120229,19,32765
1.67143,-0.122835,-0.116696,18,32765
1.71081,-0.131515,-0.119331,19,32765
1.71035,-0.137329,-0.119338,19,32765
1.68006,-0.140674,-0.117044,19,32765
1.68951,-0.147263,-0.117784,20,32765
1.66913,-0.151186,-0.116329,19,32765
1.67855,-0.157749,-0.116974,19,32765
1.678,-0.163474,-0.116995,19,32765
1.67744,-0.169182,-0.116905,20,32765
1.64708,-0.171818,-0.114902,19,32765
1.66632,-0.179631,-0.116219,19,32765
1.65579,-0.184248,-0.115436,19,32765
1.67498,-0.192127,-0.116755,19,32765
1.67432,-0.197772,-0.116757,20,32765
1.66374,-0.202223,-0.116094,20,32765
1.62346,-0.202889,-0.113231,20,32765
1.62277,-0.208386,-0.113125,20,32765
1.63194,-0.215198,-0.113871,19,32765
1.61141,-0.218181,-0.112435,19,32765
1.62054,-0.225121,-0.113008,19,32765
1.64939,-0.234923,-0.115003,18,32765
1.6091,-0.234735,-0.112262,20,32765
1.60831,-0.240187,-0.112092,19,32765
1.61734,-0.247163,-0.112796,20,32765
1.60663,-0.251183,-0.11203,19,32765
1.61561,-0.258313,-0.112529,20,32765
1.61473,-0.26384,-0.112354,16,32765
1.58432,-0.264362,-0.110229,19,32765
1.57359,-0.268045,-0.109399,20,32765
1.57267,-0.273374,-0.109387,20,32765
1.58156,-0.280439,-0.110083,20,32765
1.59043,-0.287598,-0.110523,20,32765
1.59928,-0.294768,-0.110925,18,32765
1.54927,-0.290909,-0.10739,19,32765
1.55811,-0.297908,-0.10793,20,32765
1.55713,-0.303067,-0.10769,20,32765
1.5659,-0.310254,-0.108187,19,32765
1.51595,-0.305753,-0.104513,19,32765
1.57353,-0.323007,-0.108453,19,32765
1.52361,-0.318152,-0.104884,19,32765
1.5323,-0.325396,-0.105294,19,32765
1.52146,-0.328403,-0.104384,19,32765
1.50088,-0.329233,-0.102741,19,32765
1.5095,-0.336535,-0.103169,19,32765
1.50836,-0.341673,-0.102994,19,32765
1.47806,-0.340062,-0.100439,19,32765
1.4575,-0.340457,-0.0989777,19,32765
1.4661,-0.347545,-0.0993668,19,32765
1.47466,-0.354742,-0.0996687,19,32765
1.48319,-0.362,-0.100005,20,32765
1.50138,-0.371734,-0.100928,20,32765
1.47111,-0.369462,-0.0986277,20,32765
1.46991,-0.374365,-0.0981186,20,32765
1.45902,-0.376746,-0.0970767,20,32765
1.47711,-0.386574,-0.0979391,19,32765
1.47586,-0.391427,-0.0975353,19,32765
1.49388,-0.401458,-0.09829,18,32765
1.42517,-0.38803,-0.0934715,19,32765
1.43353,-0.395375,-0.0936181,20,32765
1.46107,-0.40819,-0.0950926,20,32765
1.43093,-0.404899,-0.0926905,19,32765
1.42004,-0.406801,-0.0915728,20,32765
1.41874,-0.411458,-0.0910082,20,32765
1.427,-0.418938,-0.0909475,17,32765
1.40652,-0.417871,-0.0893111,19,32765
1.42431,-0.428195,-0.0899241,19,32765
1.39432,-0.424051,-0.087534,20,32765
1.42161,-0.437366,-0.0885071,20,32765
1.40116,-0.436038,-0.0866789,19,32765
1.40928,-0.443645,-0.0865848,20,32765
1.41737,-0.451314,-0.0864316,19,32765
1.37793,-0.443684,-0.0833219,17,32765
1.38605,-0.451161,-0.0831316,20,32765
1.3847,-0.455468,-0.0821507,21,32765
0,0,-0,33,32765
2.38382,0.0344911,-0.168282,11,32765
2.19431,0.024415,-0.156208,12,32765
2.18436,0.0169939,-0.156168,12,32765
2.27412,0.00997713,-0.163328,13,32765
2.11447,0.00210183,-0.152991,14,32765
2.14435,-0.00517554,-0.155731,14,32765
2.12433,-0.0122646,-0.15485,14,32765
2.0245,-0.0183906,-0.148229,14,32765
1.98448,-0.0246574,-0.14601,15,32765
1.89462,-0.0298833,-0.139716,14,32765
1.94433,-0.0372312,-0.143886,14,32765
1.93419,-0.0436438,-0.143547,14,32765
1.82434,-0.0473116,-0.135793,14,32765
1.87399,-0.054879,-0.139767,14,32765
1.82396,-0.0595354,-0.136167,14,32765
1.90342,-0.068529,-0.142754,14,32765
1.8135,-0.0714154,-0.136016,14,32765
1.89293,-0.080985,-0.142349,13,32765
1.93248,-0.0892781,-0.145459,12,32765
1.8923,-0.0939082,-0.14275,12,32765
0,-0,-0,0,32765
1.86172,-0.104933,-0.14101,11,32765
1.91113,-0.114154,-0.144792,12,32765
1.69177,-0.106716,-0.128518,12,32765
1.80084,-0.119721,-0.13695,14,32765
1.76063,-0.12303,-0.133983,14,32765
1.75027,-0.128304,-0.133064,14,32765
1.76969,-0.135809,-0.134717,14,32765
1.65988,-0.133072,-0.126402,15,32765
1.69916,-0.14208,-0.129428,16,32765
1.7384,-0.1513,-0.132518,17,32765
1.6783,-0.151789,-0.1279,17,32765
1.67779,-0.157408,-0.127826,18,32765
1.66732,-0.162136,-0.127043,18,32765
1.62709,-0.163798,-0.123945,18,32765
1.63644,-0.17033,-0.124725,19,32765
1.64577,-0.176986,-0.125395,19,32765
1.665,-0.184746,-0.126723,19,32765
1.62474,-0.185841,-0.123648,18,32765
1.63402,-0.192478,-0.124265,19,32765
1.64328,-0.199163,-0.124808,19,32765
1.6327,-0.203522,-0.123967,21,32765
1.632,-0.209111,-0.123838,19,32765
1.62142,-0.213351,-0.122861,20,32765
1.62069,-0.21884,-0.122803,20,32765
1.60021,-0.221549,-0.121043,19,32765
1.60933,-0.228326,-0.121707,18,32765
1.59869,-0.232362,-0.120772,20,32765
1.5979,-0.237914,-0.120443,19,32765
1.58721,-0.241976,-0.119595,19,32765
1.57653,-0.245982,-0.118578,19,32765
1.58553,-0.253009,-0.119081,19,32765
1.65358,-0.269565,-0.124073,15,32765
1.58382,-0.26372,-0.118628,20,32765
1.58293,-0.269077,-0.118494,20,32765
1.56236,-0.271019,-0.1169,19,32765
1.5811,-0.279831,-0.117994,20,32765
1.56053,-0.281622,-0.116275,20,32765
1.56939,-0.288737,-0.116812,18,32765
1.54881,-0.290366,-0.115209,19,32765
1.56742,-0.299355,-0.116509,19,32765
1.57621,-0.306575,-0.116945,19,32765
1.53605,-0.304157,-0.113695,20,32765
1.52524,-0.307387,-0.112947,19,32765
1.55352,-0.318543,-0.11491,18,32765
1.54267,-0.321803,-0.11409,19,32765
1.50256,-0.318716,-0.111019,20,32765
1.53075,-0.330046,-0.112972,19,32765
1.50041,-0.328809,-0.110647,19,32765
1.48958,-0.331682,-0.10972,19,32765
1.50793,-0.341109,-0.110885,19,32765
1.49703,-0.34404,-0.110117,19,32765
1.51532,-0.353566,-0.111381,19,32765
1.48499,-0.351834,-0.109139,19,32765
1.49351,-0.35913,-0.10974,19,32765
1.48264,-0.36172,-0.108808,19,32765
1.48143,-0.36665,-0.108721,19,32765
1.47057,-0.369046,-0.107829,19,32765
1.49835,-0.381271,-0.109877,19,32765
1.45846,-0.376255,-0.106926,19,32765
1.44756,-0.378556,-0.106101,19,32765
1.43666,-0.380816,-0.105241,19,32765
1.51247,-0.406257,-0.110848,18,32765
1.45336,-0.395584,-0.106594,19,32765
1.46166,-0.403047,-0.10719,20,32765
1.42188,-0.397183,-0.1044,19,32765
1.43977,-0.407311,-0.10567,19,32765
1.40006,-0.401056,-0.102845,18,32765
1.4083,-0.408504,-0.103487,19,32765
1.46438,-0.429985,-0.107775,17,32765
1.41516,-0.420566,-0.104138,19,32765
1.39469,-0.419366,-0.102774,19,32765
1.41244,-0.429595,-0.104254,19,32765
1.40152,-0.431177,-0.103607,19,32765
1.3906,-0.432718,-0.102952,20,32765
1.37016,-0.431204,-0.101663,19,32765
1.39726,-0.444709,-0.10397,17,32765
1.34835,-0.433836,-0.100683,17,32765
1.3849,-0.45043,-0.103766,19,32765
1.38345,-0.454768,-0.104134,20,32765
2.32228,0.0414162,-0.184979,13,32765
2.27249,0.0328439,-0.181984,14,32765
2.33228,0.0258915,-0.188159,15,32765
2.15289,0.0166757,-0.174346,15,32765
2.07314,0.00900588,-0.168565,15,32765
1.98337,0.00186754,-0.162326,14,32765
1.91355,-0.00473625,-0.157129,14,32765
2.04304,-0.0119394,-0.168314,15,32765
1.93332,-0.017716,-0.159902,13,32765
1.95312,-0.0244405,-0.162241,14,32765
1.87329,-0.0297293,-0.155925,14,32765
1.96281,-0.0377941,-0.163887,13,32765
2.00248,-0.0454164,-0.167628,13,32765
2.04213,-0.0532144,-0.171394,13,32765
2.03195,-0.0597764,-0.170844,13,32765
1.87238,-0.0613831,-0.157565,13,32765
1.91194,-0.069126,-0.161554,13,32765
1.86191,-0.0736211,-0.157335,13,32765
1.8218,-0.0782517,-0.15431,14,32765
1.88124,-0.0872478,-0.159479,14,32765
1.87095,-0.093201,-0.158922,13,32765
1.87061,-0.0995226,-0.159128,14,32765
1.86029,-0.105237,-0.15859,14,32765
1.89971,-0.113881,-0.161994,14,32765
1.88934,-0.119603,-0.161499,15,32765
1.81932,-0.121376,-0.155665,14,32765
1.82884,-0.128241,-0.156578,14,32765
1.8284,-0.134493,-0.156407,13,32765
1.84779,-0.142285,-0.158254,12,32765
0,-0,-0,0,32765
0,-0,-0,0,32765
0,-0,-0,0,32765
0,-0,-0,0,32765
1.79551,-0.169004,-0.153913,11,32765
0,-0,-0,0,32765
0,-0,-0,0,32765
1.5955,-0.166604,-0.136831,12,32765
1.68408,-0.181687,-0.144392,11,32765
0,-0,-0,0,32765
1.75213,-0.201049,-0.150081,11,32765
1.71187,-0.202287,-0.146545,12,32765
1.61229,-0.196023,-0.137868,15,32765
1.65116,-0.20647,-0.14116,20,32765
1.64057,-0.210867,-0.140184,20,32765
1.62999,-0.215147,-0.139112,19,32765
1.62925,-0.22068,-0.139053,20,32765
1.61865,-0.224797,-0.137944,20,32765
1.60803,-0.228845,-0.137019,17,32765
1.62698,-0.237202,-0.138508,20,32765
1.60646,-0.239923,-0.136498,20,32765
1.60562,-0.245533,-0.136391,20,32765
1.61462,-0.252696,-0.136946,20,32765
1.60391,-0.256724,-0.13587,19,32765
1.59322,-0.260516,-0.134857,17,32765
1.612,-0.26923,-0.136241,20,32765
1.58162,-0.269671,-0.133614,20,32765
1.58071,-0.275032,-0.13349,20,32765
1.56998,-0.278704,-0.132286,19,32765
1.56905,-0.284013,-0.132031,20,32765
1.58768,-0.292984,-0.133484,19,32765
1.54752,-0.290997,-0.130044,19,32765
1.52696,-0.292505,-0.128243,19,32765
1.5651,-0.30533,-0.13124,20,32765
1.56409,-0.310638,-0.130888,19,32765
1.53372,-0.310023,-0.12841,19,32765
1.52292,-0.313204,-0.127386,18,32765
1.54136,-0.322492,-0.128921,20,32765
1.52078,-0.323546,-0.127103,20,32765
1.5197,-0.328644,-0.126894,19,32765
1.52833,-0.335928,-0.127537,19,32765
1.51748,-0.338904,-0.126512,19,32765
1.52607,-0.346243,-0.127049,19,32765
1.48602,-0.342529,-0.123759,19,32765
1.44606,-0.338414,-0.120364,19,32765
1.48369,-0.352576,-0.123494,19,32765
1.4922,-0.359885,-0.124189,19,32765
1.47165,-0.360111,-0.122356,19,32765
1.46077,-0.362616,-0.121465,20,32765
1.46926,-0.369818,-0.122087,20,32765
1.46804,-0.374673,-0.122008,19,32765
1.4861,-0.384531,-0.123494,20,32765
1.44626,-0.379345,-0.120169,20,32765
1.45463,-0.38673,-0.120814,19,32765
1.43409,-0.386356,-0.119171,16,32765
1.45203,-0.396404,-0.120752,19,32765
1.4411,-0.398567,-0.119843,20,32765
1.43976,-0.403381,-0.119874,20,32765
1.44802,-0.410872,-0.12053,20,32765
1.4275,-0.410139,-0.118925,19,32765
1.40698,-0.409344,-0.117265,19,32765
1.4343,-0.422418,-0.11972,17,32765
1.40426,-0.41858,-0.117211,20,32765
1.41245,-0.42598,-0.118051,20,32765
1.39201,-0.424655,-0.116526,20,32765
1.40969,-0.434995,-0.118178,20,32765
1.40827,-0.439539,-0.118227,20,32765
1.38782,-0.438082,-0.116751,20,32765
1.46235,-0.466831,-0.123345,15,32765
1.38495,-0.446961,-0.117193,20,32765
1.39299,-0.454432,-0.118242,20,32765
1.38205,-0.455686,-0.117804,20,32765
2.00056,0.0381496,-0.190823,14,32765
2.01069,0.0314992,-0.19109,14,32765
1.97104,0.0242473,-0.186617,13,32765
2.02092,0.0179651,-0.1909,13,32765
1.92147,0.0105916,-0.180923,13,32765
2.03104,0.00435204,-0.19098,12,32765
0,-0,-0,0,32765
0,-0,-0,0,32765
1.93154,-0.0153152,-0.180366,13,32765
0,-0,-0,0,32765
0,-0,-0,0,32765
0,-0,-0,32,32765
0,-0,-0,0,32765
1.83161,-0.0456547,-0.169499,12,32765
0,-0,-0,0,32765
1.8512,-0.0587378,-0.170936,13,32765
1.92067,-0.0674947,-0.177125,12,32765
0,-0,-0,0,32765
1.95005,-0.0817425,-0.179477,14,32765
1.80059,-0.0815491,-0.165309,13,32765
1.84009,-0.0895752,-0.16892,13,32765
0,-0,-0,0,32765
0,-0,-0,0,32765
1.79936,-0.106266,-0.164702,13,32765
1.85865,-0.116027,-0.169822,13,32765
1.77877,-0.117032,-0.162472,13,32765
1.77837,-0.123131,-0.162333,14,32765
1.76802,-0.128401,-0.161276,14,32765
1.77752,-0.135299,-0.161962,13,32765
1.84655,-0.14693,-0.168174,12,32765
1.7468,-0.145011,-0.158944,12,32765
0,-0,-0,0,32765
0,-0,-0,0,32765
0,-0,-0,0,32765
0,-0,-0,0,32765
0,-0,-0,0,32765
0,-0,-0,0,32765
0,-0,-0,0,32765
0,-0,-0,0,32765
0,-0,-0,0,32765
0,-0,-0,0,32765
1.55238,-0.187829,-0.14054,12,32765
1.64069,-0.204117,-0.148597,19,32765
1.61035,-0.20586,-0.145891,19,32765
1.61954,-0.212552,-0.146654,19,32765
1.59906,-0.21546,-0.144874,19,32765
1.61805,-0.223677,-0.146517,20,32765
1.64686,-0.233496,-0.149099,17,32765
1.60663,-0.233471,-0.145373,19,32765
1.61568,-0.240404,-0.146218,19,32765
1.61487,-0.245981,-0.145955,20,32765
1.58449,-0.246928,-0.143273,20,32765
1.58364,-0.252375,-0.14314,19,32765
1.54344,-0.251462,-0.139476,16,32765
1.57206,-0.261569,-0.14211,20,32765
1.56136,-0.265252,-0.141011,19,32765
1.59974,-0.277318,-0.144288,20,32765
1.56937,-0.277481,-0.141699,19,32765
1.56842,-0.282841,-0.141592,19,32765
1.56747,-0.288168,-0.141382,17,32765
1.55668,-0.291755,-0.140409,20,32765
1.5557,-0.297075,-0.140172,20,32765
1.5547,-0.30225,-0.140137,20,32765
1.55369,-0.307476,-0.140002,19,32765
1.55268,-0.312679,-0.139757,20,32765
1.52236,-0.311943,-0.136824,18,32765
1.52129,-0.317134,-0.136721,19,32765
1.52996,-0.324379,-0.13743,19,32765
1.52889,-0.329548,-0.137127,19,32765
1.5278,-0.334631,-0.136912,20,32765
1.48778,-0.331144,-0.133225,19,32765
1.52555,-0.344927,-0.136465,19,32765
1.5147,-0.347816,-0.135348,19,32765
1.51355,-0.352875,-0.13513,19,32765
1.51241,-0.357889,-0.13464,20,32765
1.49186,-0.358273,-0.132616,20,32765
1.48099,-0.360943,-0.13154,19,32765
1.49915,-0.370653,-0.132939,20,32765
1.45929,-0.365929,-0.129127,19,32765
1.49673,-0.380574,-0.132124,20,32765
1.43759,-0.370652,-0.126722,19,32765
1.4653,-0.383002,-0.128846,19,32765
1.46407,-0.387839,-0.12843,19,32765
1.5109,-0.405618,-0.13246,17,32765
1.46153,-0.397538,-0.127642,19,32765
1.46022,-0.402413,-0.127312,19,32765
1.43973,-0.401921,-0.125078,20,32765
1.43845,-0.406592,-0.12464,19,32765
1.43716,-0.411286,-0.124128,20,32765
1.41673,-0.410395,-0.121857,19,32765
1.46323,-0.429065,-0.125591,17,32765
1.41405,-0.419796,-0.120971,19,32765
1.41272,-0.424423,-0.120378,19,32765
1.42092,-0.431892,-0.120615,19,32765
1.39103,-0.427572,-0.117568,19,32765
1.3992,-0.435043,-0.117841,19,32765
1.40734,-0.4426,-0.117939,19,32765
1.42496,-0.453221,-0.118692,18,32765
1.33815,-0.430328,-0.110734,17,32765
1.38426,-0.449966,-0.11378,19,32765
1.3829,-0.45434,-0.112967,19,32765
2.07822,0.0395901,-0.218035,13,32765
2.03864,0.0318789,-0.21317,12,32765
2.08853,0.0256146,-0.21764,12,32765
2.00909,0.0177664,-0.208922,13,32765
2.0092,0.0109636,-0.208323,12,32765
1.98936,0.00413429,-0.20601,13,32765
0,-0,-0,0,32765
0,-0,-0,0,32765
1.92975,-0.0154775,-0.198578,12,32765
0,-0,-0,0,32765
0,-0,-0,0,32765
0,-0,-0,0,32765
0,-0,-0,0,32765
1.93932,-0.0486052,-0.197939,12,32765
0,-0,-0,0,32765
1.92904,-0.0615075,-0.1965,12,32765
1.92885,-0.0680995,-0.196256,12,32765
0,-0,-0,0,32765
1.86874,-0.0786758,-0.189801,12,32765
1.89833,-0.0863398,-0.192373,13,32765
1.89803,-0.0927771,-0.192329,13,32765
0,-0,-0,0,32765
0,-0,-0,0,32765
1.7977,-0.10658,-0.181694,13,32765
1.83709,-0.115118,-0.185372,13,32765
1.90619,-0.125888,-0.192295,14,32765
1.84621,-0.128303,-0.186141,14,32765
1.88548,-0.137433,-0.189984,12,32765
1.82548,-0.139453,-0.183757,13,32765
1.91427,-0.152865,-0.192619,13,32765
1.86418,-0.155304,-0.187428,13,32765
0,-0,-0,0,32765
0,-0,-0,0,32765
0,-0,-0,0,32765
0,-0,-0,0,32765
0,-0,-0,0,32765
0,-0,-0,0,32765
0,-0,-0,0,32765
0,-0,-0,0,32765
0,-0,-0,0,32765
0,-0,-0,0,32765
1.62007,-0.196667,-0.162195,14,32765
1.66877,-0.208293,-0.16714,20,32765
1.64831,-0.211404,-0.16514,20,32765
1.61801,-0.213045,-0.162041,19,32765
1.65671,-0.223955,-0.166001,21,32765
1.62637,-0.225557,-0.162889,20,32765
1.61574,-0.229824,-0.161806,18,32765
1.62479,-0.236872,-0.162635,20,32765
1.64366,-0.245354,-0.164558,21,32765
1.63299,-0.24954,-0.163306,20,32765
1.62229,-0.253629,-0.162309,20,32765
1.60177,-0.256079,-0.160206,19,32765
1.59106,-0.260045,-0.159112,18,32765
1.6098,-0.2687,-0.161043,20,32765
1.57947,-0.269179,-0.157883,20,32765
1.59818,-0.277925,-0.159573,20,32765
1.60703,-0.285038,-0.160619,20,32765
1.52771,-0.276369,-0.15268,19,32765
1.54636,-0.285182,-0.154429,18,32765
1.57471,-0.296063,-0.15727,20,32765
1.57371,-0.301459,-0.157029,20,32765
1.56293,-0.304804,-0.156018,20,32765
1.57167,-0.31201,-0.156855,20,32765
1.58039,-0.319258,-0.157579,20,32765
1.55008,-0.318618,-0.154359,19,32765
1.55874,-0.325956,-0.155223,20,32765
1.53816,-0.327136,-0.153114,19,32765
1.53707,-0.332347,-0.152808,20,32765
1.55542,-0.341743,-0.154522,20,32765
1.53484,-0.342683,-0.152385,19,32765
1.50458,-0.341246,-0.149251,19,32765
1.51315,-0.348543,-0.149965,19,32765
1.512,-0.353611,-0.149746,20,32765
1.53023,-0.363231,-0.151169,20,32765
1.4613,-0.352023,-0.144179,20,32765
1.51814,-0.371147,-0.149687,20,32765
1.4976,-0.371419,-0.147459,19,32765
1.47709,-0.37154,-0.145169,19,32765
1.47589,-0.376437,-0.14475,19,32765
1.47465,-0.381385,-0.144454,20,32765
1.4734,-0.386312,-0.144023,20,32765
1.48178,-0.393747,-0.144542,19,32765
1.46125,-0.393503,-0.142475,17,32765
1.45039,-0.395729,-0.140942,20,32765
1.43949,-0.397927,-0.139682,20,32765
1.46697,-0.410794,-0.141906,20,32765
1.45609,-0.41285,-0.140533,20,32765
1.45478,-0.417615,-0.140013,20,32765
1.43435,-0.416784,-0.137547,20,32765
1.43301,-0.421503,-0.13717,16,32765
1.41254,-0.420644,-0.134825,20,32765
1.41121,-0.425279,-0.134231,19,32765
1.42893,-0.435667,-0.135464,20,32765
1.40858,-0.434302,-0.133031,19,32765
1.3977,-0.435917,-0.131599,20,32765
1.39633,-0.440493,-0.1309,20,32765
1.47088,-0.469268,-0.137154,15,32765
1.37464,-0.443423,-0.127445,20,32765
1.38278,-0.450868,-0.127443,20,32765
1.39088,-0.458368,-0.127496,20,32765
1.96957,0.0373036,-0.199473,13,32765
2.10887,0.0327037,-0.214479,12,32765
0,0,-0,0,32765
2.04922,0.0178187,-0.209736,13,32765
0,0,-0,0,32765
0,0,-0,0,32765
0,-0,-0,0,32765
2.03906,-0.0100509,-0.21129,12,32765
1.92957,-0.0159596,-0.200271,12,32765
2.01897,-0.0234877,-0.210025,12,32765
1.89949,-0.0284747,-0.19802,12,32765
1.89937,-0.0348487,-0.198184,12,32765
0,-0,-0,0,32765
1.93877,-0.048637,-0.203211,12,32765
1.88886,-0.0538947,-0.19826,12,32765
1.82901,-0.0585033,-0.192111,12,32765
1.89834,-0.067239,-0.199725,12,32765
1.86827,-0.0725629,-0.196774,11,32765
1.91767,-0.0809092,-0.202192,12,32765
2.14586,-0.0978696,-0.226505,11,32765
0,-0,-0,0,32765
0,-0,-0,0,32765
0,-0,-0,0,32765
0,-0,-0,0,32765
0,-0,-0,0,32765
0,-0,-0,0,32765
1.75591,-0.121982,-0.186505,13,32765
0,-0,-0,0,32765
0,-0,-0,0,32765
0,-0,-0,0,32765
1.81356,-0.150518,-0.193016,13,32765
1.82296,-0.157453,-0.19399,13,32765
0,-0,-0,0,32765
0,-0,-0,0,32765
0,-0,-0,0,32765
0,-0,-0,0,32765
1.72109,-0.17833,-0.183401,13,32765
0,-0,-0,0,32765
0,-0,-0,0,32765
0,-0,-0,0,32765
0,-0,-0,0,32765
1.59939,-0.193223,-0.170375,12,32765
1.60857,-0.19998,-0.171459,18,32765
1.64736,-0.210511,-0.175452,19,32765
1.64664,-0.216131,-0.175381,19,32765
1.61634,-0.217699,-0.172158,19,32765
1.61561,-0.223172,-0.172045,19,32765
1.56561,-0.221678,-0.166849,16,32765
1.62394,-0.235559,-0.172751,20,32765
1.60343,-0.238211,-0.170793,20,32765
1.59279,-0.24225,-0.169547,20,32765
1.62145,-0.252314,-0.172486,20,32765
1.58128,-0.251725,-0.168169,18,32765
1.55098,-0.252351,-0.164869,16,32765
1.58935,-0.264239,-0.168959,19,32765
1.58845,-0.269629,-0.168872,20,32765
1.57776,-0.273358,-0.167512,20,32765
1.55722,-0.275321,-0.16541,19,32765
1.56609,-0.282363,-0.166213,20,32765
1.56512,-0.287737,-0.16612,18,32765
1.56417,-0.292985,-0.16597,20,32765
1.55341,-0.296404,-0.164785,19,32765
1.57194,-0.305486,-0.166723,20,32765
1.53188,-0.303063,-0.162447,20,32765
1.55036,-0.312255,-0.164243,19,32765
1.53955,-0.315543,-0.163107,18,32765
1.52875,-0.318728,-0.16197,19,32765
1.54714,-0.328056,-0.163839,19,32765
1.55577,-0.335377,-0.164654,20,32765
1.52549,-0.334275,-0.161396,20,32765
1.53407,-0.341601,-0.162272,20,32765
1.5038,-0.340235,-0.159123,19,32765
1.53173,-0.352062,-0.162074,19,32765
1.51117,-0.35271,-0.159858,19,32765
1.50997,-0.357892,-0.159713,19,32765
1.47008,-0.353667,-0.155474,19,32765
1.48823,-0.363303,-0.157378,19,32765
1.51598,-0.37553,-0.160284,20,32765
1.48578,-0.373291,-0.157186,19,32765
1.47488,-0.375855,-0.156052,19,32765
1.46402,-0.378253,-0.154836,19,32765
1.48201,-0.388182,-0.156756,20,32765
1.49032,-0.395693,-0.157674,20,32765
1.46981,-0.395442,-0.155506,17,32765
1.43969,-0.392522,-0.152357,20,32765
1.44799,-0.399927,-0.153207,19,32765
1.44665,-0.40476,-0.153193,19,32765
1.43574,-0.406841,-0.152085,19,32765
1.45353,-0.417069,-0.15394,20,32765
1.43305,-0.416295,-0.151909,19,32765
1.42213,-0.418207,-0.150862,17,32765
1.42075,-0.422891,-0.150784,19,32765
1.40029,-0.421878,-0.1487,19,32765
1.41795,-0.432232,-0.150618,19,32765
1.3975,-0.430997,-0.148763,19,32765
1.38664,-0.432508,-0.147572,19,32765
1.39472,-0.439939,-0.14866,19,32765
1.35537,-0.432337,-0.144735,15,32765
1.37294,-0.442777,-0.146609,21,32765
1.39039,-0.45335,-0.149,22,32765
1.3606,-0.448394,-0.145954,21,32765
2.19617,0.0415437,-0.243376,12,32765
2.067,0.031986,-0.229943,13,32765
0,0,-0,0,32765
2.06702,0.0178653,-0.231282,12,32765
0,0,-0,0,32765
0,0,-0,0,32765
0,-0,-0,0,32765
2.00716,-0.0100759,-0.227142,14,32765
1.94746,-0.0163027,-0.220716,14,32765
1.89767,-0.0222847,-0.215521,16,32765
1.92734,-0.0291218,-0.219322,15,32765
1.95702,-0.0361578,-0.222883,14,32765
1.92702,-0.0420783,-0.220013,15,32765
1.92683,-0.0486218,-0.220358,14,32765
1.98621,-0.0569847,-0.227447,14,32765
1.83704,-0.0590667,-0.2105,14,32765
1.88643,-0.0671505,-0.216493,14,32765
1.87624,-0.0732222,-0.21554,14,32765
1.94544,-0.0824617,-0.223709,13,32765
1.89551,-0.0868407,-0.218194,14,32765
0,-0,-0,0,32765
0,-0,-0,0,32765
0,-0,-0,0,32765
0,-0,-0,0,32765
0,-0,-0,0,32765
0,-0,-0,0,32765
1.84324,-0.128551,-0.213421,12,32765
0,-0,-0,0,32765
0,-0,-0,0,32765
0,-0,-0,0,32765
1.87101,-0.155869,-0.217056,13,32765
1.97935,-0.171597,-0.2296,12,32765
0,-0,-0,0,32765
0,-0,-0,0,32765
0,-0,-0,0,32765
0,-0,-0,0,32765
1.82792,-0.190076,-0.212328,13,32765
0,-0,-0,0,32765
0,-0,-0,0,32765
0,-0,-0,0,32765
0,-0,-0,0,32765
1.67654,-0.203247,-0.194713,13,32765
1.64625,-0.205371,-0.191309,19,32765
1.65541,-0.212268,-0.192239,19,32765
1.65468,-0.217931,-0.192167,20,32765
1.63426,-0.220863,-0.189805,19,32765
1.64335,-0.227777,-0.190832,19,32765
1.61305,-0.229171,-0.187455,17,32765
1.63197,-0.237524,-0.189343,20,32765
1.6213,-0.241678,-0.188339,19,32765
1.62048,-0.24729,-0.188137,20,32765
1.60982,-0.251345,-0.186797,20,32765
1.62857,-0.260119,-0.188935,20,32765
1.56886,-0.25611,-0.181936,18,32765
1.59737,-0.266455,-0.185262,20,32765
1.60626,-0.273555,-0.18631,20,32765
1.58577,-0.275655,-0.183718,20,32765
1.57503,-0.279388,-0.182562,20,32765
1.58387,-0.28651,-0.183455,19,32765
1.56335,-0.288356,-0.181096,19,32765
1.58192,-0.297283,-0.183207,20,32765
1.57116,-0.300773,-0.181926,20,32765
1.55063,-0.302333,-0.179532,20,32765
1.55936,-0.309508,-0.180523,20,32765
1.54858,-0.312914,-0.179122,19,32765
1.54751,-0.318209,-0.179017,20,32765
1.56589,-0.327534,-0.18116,20,32765
1.53563,-0.326675,-0.177591,19,32765
1.53453,-0.331875,-0.177378,20,32765
1.53341,-0.337103,-0.177204,19,32765
1.54198,-0.344476,-0.178172,20,32765
1.5408,-0.349736,-0.178101,20,32765
1.52024,-0.350554,-0.175733,20,32765
1.51906,-0.355701,-0.175566,20,32765
1.50818,-0.358625,-0.174302,20,32765
1.49732,-0.361385,-0.173037,19,32765
1.47681,-0.36168,-0.170662,19,32765
1.50452,-0.373897,-0.173849,20,32765
1.50327,-0.378905,-0.173812,19,32765
1.46348,-0.374154,-0.169242,20,32765
1.46225,-0.379017,-0.169045,20,32765
1.48982,-0.391489,-0.172261,20,32765
1.48851,-0.396488,-0.17216,19,32765
1.43923,-0.388466,-0.166476,19,32765
1.44751,-0.395929,-0.167484,20,32765
1.46537,-0.406033,-0.169534,20,32765
1.464,-0.410938,-0.169518,19,32765
1.45308,-0.413084,-0.168314,20,32765
1.43262,-0.412397,-0.165927,19,32765
1.49804,-0.436584,-0.173663,17,32765
1.42987,-0.421845,-0.165885,20,32765
1.40943,-0.420881,-0.163595,20,32765
1.42705,-0.431335,-0.165743,20,32765
1.42565,-0.435987,-0.165636,20,32765
1.4147,-0.437717,-0.164699,20,32765
1.39434,-0.436322,-0.162307,21,32765
1.4024,-0.443796,-0.163487,22,32765
1.41041,-0.451354,-0.164716,22,32765
1.39951,-0.452816,-0.163456,22,32765
1.37911,-0.451139,-0.161611,22,32765
1.39655,-0.461742,-0.163819,22,32765
2.01373,0.0404473,-0.253319,12,32765
2.06354,0.0342936,-0.258917,12,32765
0,0,-0,0,32765
1.93485,0.0189247,-0.241897,13,32765
1.90521,0.0121226,-0.23755,15,32765
1.99456,0.00586874,-0.248591,15,32765
0,-0,-0,0,32765
0,-0,-0,0,32765
1.97478,-0.0146573,-0.245226,13,32765
1.93506,-0.0209593,-0.240018,12,32765
1.935,-0.0275293,-0.239848,12,32765
1.95476,-0.0345216,-0.242091,12,32765
1.98444,-0.0418273,-0.245416,13,32765
0,-0,-0,0,32765
0,-0,-0,0,32765
0,-0,-0,0,32765
0,-0,-0,0,32765
1.93395,-0.0737448,-0.238498,12,32765
1.93369,-0.0803018,-0.238548,12,32765
1.94331,-0.0873141,-0.239808,13,32765
1.92323,-0.0929865,-0.236978,13,32765
0,-0,-0,0,32765
0,-0,-0,0,32765
0,-0,-0,0,32765
0,-0,-0,0,32765
0,-0,-0,0,32765
1.88136,-0.129538,-0.231705,13,32765
1.79184,-0.129488,-0.220526,12,32765
1.7419,-0.131846,-0.214514,12,32765
1.72164,-0.136381,-0.212002,12,32765
0,-0,-0,0,32765
0,-0,-0,0,32765
0,-0,-0,0,32765
0,-0,-0,0,32765
0,-0,-0,0,32765
0,-0,-0,0,32765
1.7673,-0.182936,-0.217453,13,32765
0,-0,-0,0,32765
0,-0,-0,0,32765
0,-0,-0,0,32765
0,-0,-0,0,32765
1.69497,-0.204844,-0.2086,14,32765
1.67457,-0.208181,-0.206093,17,32765
1.64435,-0.210139,-0.202123,18,32765
1.64363,-0.215752,-0.202064,19,32765
1.60354,-0.216065,-0.197138,18,32765
1.6323,-0.225645,-0.200666,19,32765
1.56274,-0.221533,-0.192032,15,32765
1.61109,-0.234058,-0.19803,19,32765
1.61032,-0.239546,-0.19774,19,32765
1.59969,-0.243558,-0.196427,19,32765
1.59886,-0.249104,-0.196235,20,32765
1.60779,-0.256156,-0.197433,19,32765
1.54813,-0.252172,-0.189988,17,32765
1.57667,-0.262379,-0.193335,19,32765
1.58556,-0.269441,-0.194385,19,32765
1.57489,-0.273128,-0.192938,19,32765
1.5642,-0.276686,-0.191625,19,32765
1.57304,-0.283758,-0.192697,19,32765
1.56236,-0.287263,-0.191104,18,32765
1.55164,-0.290779,-0.189639,19,32765
1.55066,-0.296104,-0.189434,19,32765
1.54967,-0.301367,-0.18917,19,32765
1.54867,-0.306611,-0.188972,20,32765
1.53794,-0.309865,-0.187408,19,32765
1.50773,-0.309165,-0.183451,19,32765
1.54556,-0.322441,-0.188066,20,32765
1.54449,-0.327772,-0.187646,20,32765
1.52398,-0.32889,-0.184939,19,32765
1.552,-0.340422,-0.188163,20,32765
1.52179,-0.339228,-0.184304,19,32765
1.511,-0.342153,-0.182764,19,32765
1.50021,-0.345037,-0.181171,19,32765
1.52809,-0.356911,-0.184307,20,32765
1.52692,-0.362028,-0.183948,20,32765
1.52575,-0.367182,-0.183454,20,32765
1.5149,-0.369982,-0.181919,19,32765
1.50405,-0.372671,-0.18039,20,32765
1.50285,-0.377701,-0.179915,19,32765
1.48241,-0.377749,-0.177077,19,32765
1.50044,-0.387601,-0.178981,19,32765
1.47038,-0.38504,-0.175024,19,32765
1.45954,-0.387376,-0.173436,19,32765
1.46789,-0.394836,-0.174065,16,32765
1.45705,-0.397123,-0.172334,19,32765
1.45578,-0.401983,-0.171804,19,32765
1.43535,-0.401499,-0.168989,19,32765
1.46274,-0.414436,-0.171884,19,32765
1.4423,-0.413868,-0.169083,19,32765
1.4601,-0.424132,-0.170614,19,32765
1.40155,-0.412133,-0.16342,17,32765
1.40978,-0.419583,-0.163949,19,32765
1.43702,-0.43275,-0.16674,19,32765
1.41667,-0.431605,-0.163884,19,32765
1.40585,-0.433264,-0.162063,19,32765
1.36655,-0.426037,-0.156915,19,32765
1.40315,-0.442475,-0.160579,20,32765
1.37339,-0.437884,-0.156721,21,32765
1.39097,-0.448477,-0.15805,21,32765
1.38014,-0.44993,-0.15612,21,32765
1.37878,-0.454376,-0.155265,21,32765
2.02116,0.0405251,-0.273649,13,32765
2.08082,0.034487,-0.28105,15,32765
2.00173,0.0262866,-0.26981,13,32765
2.13068,0.0207031,-0.286819,12,32765
2.22003,0.0139617,-0.298098,12,32765
0,0,-0,0,32765
0,-0,-0,0,32765
0,-0,-0,0,32765
2.22016,-0.0167294,-0.296989,11,32765
1.98226,-0.0217137,-0.264883,13,32765
2.04167,-0.0293169,-0.27265,13,32765
2.01185,-0.0358155,-0.268455,12,32765
1.95231,-0.0414459,-0.260165,12,32765
0,-0,-0,0,32765
0,-0,-0,0,32765
0,-0,-0,0,32765
0,-0,-0,0,32765
2.00095,-0.0767001,-0.265957,13,32765
1.88182,-0.078543,-0.250206,13,32765
1.91124,-0.0862934,-0.254192,12,32765
1.91098,-0.0928334,-0.25381,12,32765
0,-0,-0,0,32765
0,-0,-0,0,32765
0,-0,-0,0,32765
0,-0,-0,0,32765
0,-0,-0,0,32765
1.96807,-0.136077,-0.261293,12,32765
2.03684,-0.147802,-0.270253,13,32765
1.85838,-0.141236,-0.246723,13,32765
1.81835,-0.144622,-0.241395,14,32765
0,-0,-0,0,32765
0,-0,-0,0,32765
0,-0,-0,0,32765
0,-0,-0,0,32765
0,-0,-0,0,32765
0,-0,-0,0,32765
1.81442,-0.18852,-0.240732,13,32765
0,-0,-0,0,32765
0,-0,-0,0,32765
0,-0,-0,0,32765
0,-0,-0,0,32765
1.76175,-0.213692,-0.233823,13,32765
1.74134,-0.217269,-0.231125,13,32765
1.74063,-0.223247,-0.230772,14,32765
1.70055,-0.224026,-0.225496,16,32765
1.64083,-0.22188,-0.217585,18,32765
1.62043,-0.224802,-0.21488,19,32765
1.62948,-0.231815,-0.216002,17,32765
1.62867,-0.237451,-0.215959,19,32765
1.61809,-0.24155,-0.214366,20,32765
1.62706,-0.248597,-0.215555,20,32765
1.61642,-0.252722,-0.214062,20,32765
1.62533,-0.259853,-0.215352,19,32765
1.5853,-0.259125,-0.209935,19,32765
1.604,-0.267853,-0.21226,20,32765
1.60309,-0.273362,-0.212107,20,32765
1.62172,-0.28222,-0.214438,20,32765
1.58172,-0.280749,-0.209154,19,32765
1.57101,-0.284367,-0.207737,19,32765
1.6091,-0.296873,-0.212489,20,32765
1.60811,-0.302393,-0.212207,20,32765
1.56813,-0.300463,-0.206855,20,32765
1.59633,-0.311499,-0.210436,20,32765
1.55639,-0.309187,-0.205104,19,32765
1.57482,-0.318374,-0.207282,19,32765
1.55434,-0.319804,-0.204311,20,32765
1.55325,-0.325143,-0.20419,20,32765
1.53277,-0.326384,-0.201219,19,32765
1.55107,-0.335866,-0.203413,20,32765
1.53059,-0.336858,-0.200563,20,32765
1.51979,-0.339923,-0.198962,19,32765
1.52836,-0.347247,-0.199858,20,32765
1.51756,-0.350201,-0.198165,20,32765
1.52606,-0.357635,-0.199057,20,32765
1.5249,-0.36276,-0.198697,20,32765
1.50444,-0.363266,-0.195693,20,32765
1.49361,-0.366004,-0.194069,20,32765
1.51168,-0.375812,-0.1962,19,32765
1.48161,-0.373605,-0.191981,19,32765
1.47082,-0.376046,-0.190206,19,32765
1.50804,-0.390863,-0.19478,20,32765
1.4972,-0.393369,-0.193013,19,32765
1.46717,-0.390697,-0.188854,18,32765
1.44676,-0.390445,-0.185879,18,32765
1.46466,-0.400524,-0.187743,19,32765
1.45382,-0.402775,-0.185985,19,32765
1.44297,-0.40497,-0.184204,20,32765
1.44166,-0.409821,-0.183725,20,32765
1.43081,-0.411931,-0.181956,20,32765
1.53437,-0.447181,-0.194554,17,32765
1.40917,-0.415746,-0.178338,19,32765
1.45542,-0.434603,-0.183759,20,32765
1.43506,-0.43359,-0.180825,20,32765
1.43373,-0.438247,-0.180168,20,32765
1.43239,-0.442903,-0.179432,20,32765
1.43103,-0.447611,-0.178626,20,32765
1.45804,-0.461303,-0.181451,18,32765
1.39043,-0.44478,-0.172592,19,32765
1.38906,-0.449341,-0.171758,21,32765
1.40657,-0.460058,-0.173223,22,32765
1.39575,-0.461486,-0.171193,22,32765
1.96254,0.0392424,-0.259408,12,32765
2.00217,0.0333197,-0.265728,14,32765
2.02195,0.0267668,-0.269449,14,32765
0,0,-0,0,32765
0,0,-0,0,32765
0,0,-0,0,32765
0,-0,-0,0,32765
0,-0,-0,0,32765
0,-0,-0,0,32765
0,-0,-0,0,32765
0,-0,-0,0,32765
0,-0,-0,0,32765
1.9713,-0.040959,-0.269045,12,32765
1.97109,-0.0478501,-0.269508,12,32765
0,-0,-0,0,32765
0,-0,-0,0,32765
0,-0,-0,0,32765
0,-0,-0,0,32765
2.12812,-0.0880959,-0.29299,15,32765
1.89025,-0.0847143,-0.260522,12,32765
1.91959,-0.0925389,-0.264943,12,32765
1.86976,-0.0964227,-0.258455,13,32765
0,-0,-0,0,32765
0,-0,-0,0,32765
0,-0,-0,0,32765
2.1351,-0.139213,-0.295894,12,32765
2.03577,-0.13977,-0.282338,13,32765
2.09453,-0.151083,-0.290731,14,32765
2.07424,-0.156794,-0.288012,14,32765
1.9848,-0.156916,-0.275737,13,32765
1.93491,-0.159607,-0.268772,12,32765
1.76659,-0.151845,-0.245386,13,32765
1.75616,-0.157009,-0.244215,13,32765
1.82467,-0.169396,-0.253741,13,32765
1.77475,-0.170959,-0.247038,12,32765
1.72487,-0.172171,-0.24014,12,32765
1.71444,-0.177157,-0.238527,13,32765
1.8517,-0.19787,-0.257819,12,32765
0,-0,-0,0,32765
0,-0,-0,0,32765
0,-0,-0,0,32765
0,-0,-0,0,32765
0,-0,-0,0,32765
0,-0,-0,0,32765
0,-0,-0,0,32765
0,-0,-0,0,32765
1.68792,-0.233177,-0.23444,17,32765
1.62829,-0.230642,-0.225988,14,32765
1.61773,-0.23472,-0.22437,19,32765
1.61694,-0.24036,-0.224155,19,32765
1.59652,-0.243036,-0.221252,19,32765
1.60551,-0.250148,-0.222195,19,32765
1.59487,-0.254192,-0.220651,19,32765
1.58424,-0.258003,-0.219127,18,32765
1.57362,-0.26175,-0.217492,19,32765
1.58252,-0.268811,-0.218575,19,32765
1.58162,-0.274306,-0.21828,20,32765
1.59041,-0.281631,-0.219519,20,32765
1.57973,-0.285368,-0.217772,19,32765
1.56903,-0.288992,-0.2162,19,32765
1.57783,-0.296099,-0.217186,20,32765
1.56713,-0.2996,-0.215531,19,32765
1.57585,-0.306819,-0.216665,20,32765
1.55539,-0.308383,-0.213718,19,32765
1.55434,-0.313766,-0.213511,19,32765
1.54358,-0.31712,-0.211866,20,32765
1.56192,-0.326465,-0.21429,20,32765
1.53174,-0.325648,-0.210031,19,32765
1.55003,-0.335063,-0.212446,19,32765
1.54894,-0.340324,-0.212052,20,32765
1.55747,-0.347702,-0.2133,20,32765
1.52731,-0.346366,-0.209158,19,32765
1.5165,-0.349332,-0.207564,19,32765
1.53466,-0.35895,-0.209939,20,32765
1.51418,-0.359616,-0.206981,20,32765
1.51296,-0.364727,-0.20694,20,32765
1.50212,-0.367459,-0.205413,20,32765
1.51054,-0.374943,-0.206391,20,32765
1.50931,-0.379958,-0.206202,19,32765
1.50805,-0.38501,-0.206024,20,32765
1.47799,-0.382573,-0.201976,19,32765
1.48631,-0.390056,-0.20305,19,32765
1.485,-0.395064,-0.202996,19,32765
1.46453,-0.394909,-0.200238,19,32765
1.47277,-0.402445,-0.20147,20,32765
1.46191,-0.404688,-0.199901,20,32765
1.47967,-0.414891,-0.202369,20,32765
1.44015,-0.408948,-0.197068,19,32765
1.44831,-0.41643,-0.19843,19,32765
1.48502,-0.432365,-0.203405,17,32765
1.417,-0.417662,-0.194318,19,32765
1.4346,-0.428074,-0.196921,19,32765
1.40473,-0.424263,-0.192727,20,32765
1.41282,-0.431717,-0.194088,20,32765
1.38299,-0.427504,-0.190179,20,32765
1.40053,-0.43786,-0.192875,21,32765
1.39911,-0.442383,-0.192826,21,32765
1.37872,-0.440929,-0.190578,21,32765
1.39615,-0.451512,-0.193142,21,32765
1.37579,-0.449902,-0.190737,21,32765
1.38373,-0.457367,-0.192347,21,32765
2.059,0.0410898,-0.29195,14,32765
2.23715,0.0371194,-0.318421,12,32765
0,0,-0,0,32765
0,0,-0,0,32765
0,0,-0,0,32765
0,0,-0,0,32765
0,-0,-0,0,32765
0,-0,-0,0,32765
0,-0,-0,0,32765
0,-0,-0,0,32765
2.11745,-0.0295962,-0.308398,13,32765
1.93919,-0.0337857,-0.28284,13,32765
2.02803,-0.0424643,-0.296303,13,32765
2.00801,-0.0490911,-0.293883,13,32765
0,-0,-0,0,32765
0,-0,-0,0,32765
0,-0,-0,0,32765
0,-0,-0,0,32765
2.12525,-0.0884501,-0.313064,13,32765
2.06559,-0.0930534,-0.304587,15,32765
1.89723,-0.0919217,-0.280137,12,32765
1.9265,-0.0998362,-0.284864,13,32765
0,-0,-0,0,32765
0,-0,-0,0,32765
0,-0,-0,0,32765
1.97424,-0.129305,-0.292644,14,32765
2.01324,-0.138836,-0.298637,14,32765
2.01272,-0.145816,-0.298799,15,32765
2.01221,-0.152759,-0.298822,14,32765
2.06096,-0.163628,-0.306216,15,32765
2.00126,-0.165772,-0.297315,14,32765
1.99083,-0.171829,-0.295766,15,32765
1.97049,-0.176893,-0.293062,14,32765
1.85169,-0.172603,-0.275398,13,32765
1.81167,-0.175218,-0.269696,14,32765
1.83075,-0.183468,-0.272589,14,32765
1.83013,-0.189859,-0.272331,15,32765
1.83928,-0.197314,-0.273893,15,32765
0,-0,-0,0,32765
0,-0,-0,0,32765
0,-0,-0,0,32765
0,-0,-0,0,32765
0,-0,-0,0,32765
0,-0,-0,0,32765
0,-0,-0,0,32765
0,-0,-0,0,32765
1.76393,-0.244586,-0.262131,13,32765
1.76312,-0.250666,-0.261834,14,32765
1.72314,-0.250937,-0.255741,15,32765
1.63422,-0.243822,-0.242445,18,32765
1.6236,-0.248063,-0.240803,19,32765
1.64233,-0.256818,-0.24328,19,32765
1.66099,-0.265694,-0.245978,19,32765
1.60152,-0.261761,-0.237123,19,32765
1.60066,-0.267209,-0.236834,20,32765
1.63879,-0.279372,-0.242333,20,32765
1.57936,-0.274897,-0.233383,19,32765
1.60761,-0.285697,-0.237594,20,32765
1.61641,-0.293037,-0.238623,19,32765
1.58623,-0.293202,-0.234079,20,32765
1.56584,-0.294893,-0.230852,20,32765
1.58431,-0.303959,-0.233401,20,32765
1.59301,-0.311257,-0.234625,20,32765
1.55314,-0.309025,-0.228629,20,32765
1.59089,-0.322276,-0.234131,20,32765
1.54134,-0.317774,-0.226682,20,32765
1.58871,-0.333231,-0.233565,20,32765
1.55855,-0.332509,-0.22902,20,32765
1.55744,-0.337844,-0.228774,20,32765
1.56601,-0.345277,-0.229796,20,32765
1.5745,-0.352733,-0.231134,19,32765
1.54437,-0.351457,-0.22671,20,32765
1.51427,-0.350033,-0.222188,20,32765
1.55167,-0.364192,-0.227576,20,32765
1.52157,-0.362628,-0.223015,20,32765
1.52996,-0.370107,-0.224383,20,32765
1.51912,-0.372907,-0.22276,20,32765
1.5371,-0.382862,-0.225233,20,32765
1.51665,-0.38313,-0.222227,20,32765
1.51538,-0.388223,-0.222047,20,32765
1.50451,-0.390788,-0.220527,19,32765
1.49365,-0.393338,-0.218882,19,32765
1.53058,-0.4086,-0.224437,17,32765
1.47186,-0.39826,-0.21588,19,32765
1.45143,-0.397987,-0.212999,19,32765
1.47875,-0.410769,-0.216938,20,32765
1.45833,-0.410325,-0.213994,20,32765
1.42841,-0.407019,-0.209719,20,32765
1.45559,-0.419971,-0.213969,19,32765
1.42569,-0.416528,-0.209535,17,32765
1.42429,-0.421264,-0.209574,21,32765
1.42287,-0.426046,-0.209568,21,32765
1.43096,-0.433682,-0.210677,21,32765
1.42006,-0.435435,-0.209339,21,32765
1.4281,-0.442977,-0.210732,20,32765
1.42665,-0.447574,-0.210823,20,32765
1.48183,-0.470163,-0.219146,14,32765
1.41422,-0.453855,-0.209741,20,32765
1.42216,-0.461523,-0.21109,20,32765
1.39239,-0.456913,-0.207102,20,32765
1.39088,-0.461332,-0.207405,20,32765
0,0,-0,0,32765
2.05503,0.0358397,-0.319355,14,32765
0,0,-0,0,32765
0,0,-0,0,32765
0,0,-0,0,32765
0,0,-0,0,32765
0,0,-0,0,32765
0,-0,-0,0,32765
2.0849,-0.0135171,-0.324178,13,32765
2.01571,-0.019986,-0.31325,13,32765
2.17373,-0.029018,-0.337709,14,32765
2.11434,-0.0354993,-0.328476,13,32765
2.04508,-0.0414095,-0.317519,13,32765
1.94616,-0.0461668,-0.302074,13,32765
2.01516,-0.0547806,-0.312599,12,32765
1.89648,-0.0580223,-0.293962,12,32765
0,-0,-0,0,32765
0,-0,-0,0,32765
0,-0,-0,0,32765
0,-0,-0,0,32765
2.01376,-0.0961803,-0.311657,14,32765
1.92463,-0.0985884,-0.297625,12,32765
0,-0,-0,0,32765
0,-0,-0,0,32765
0,-0,-0,0,32765
0,-0,-0,0,32765
0,-0,-0,0,32765
0,-0,-0,0,32765
0,-0,-0,0,32765
0,-0,-0,0,32765
0,-0,-0,0,32765
0,-0,-0,0,32765
1.90994,-0.170786,-0.294188,14,32765
1.83062,-0.17014,-0.281937,13,32765
1.8497,-0.178353,-0.284939,13,32765
1.78026,-0.177804,-0.274155,13,32765
1.77967,-0.183911,-0.273968,13,32765
1.77905,-0.189997,-0.273858,14,32765
1.76858,-0.195053,-0.272202,15,32765
1.69916,-0.19337,-0.261496,13,32765
1.74757,-0.205017,-0.268989,13,32765
0,-0,-0,0,32765
0,-0,-0,0,32765
0,-0,-0,0,32765
0,-0,-0,0,32765
0,-0,-0,0,32765
0,-0,-0,0,32765
0,-0,-0,0,32765
0,-0,-0,0,32765
1.74052,-0.259271,-0.267899,14,32765
1.64192,-0.250338,-0.252646,16,32765
1.61174,-0.251459,-0.248123,19,32765
1.6011,-0.25557,-0.246516,18,32765
1.59046,-0.259611,-0.244836,17,32765
1.57981,-0.263545,-0.243205,19,32765
1.58867,-0.270688,-0.244431,20,32765
1.58775,-0.276163,-0.244292,20,32765
1.55761,-0.276416,-0.239672,20,32765
1.57616,-0.285307,-0.242351,19,32765
1.57518,-0.290689,-0.242315,19,32765
1.57421,-0.296002,-0.242196,19,32765
1.56355,-0.299486,-0.240258,20,32765
1.55282,-0.302906,-0.23872,20,32765
1.5615,-0.310142,-0.240048,20,32765
1.57019,-0.317485,-0.241034,19,32765
1.55942,-0.320902,-0.239451,19,32765
1.5293,-0.320172,-0.234832,20,32765
1.54759,-0.329525,-0.237458,19,32765
1.55615,-0.336925,-0.23868,19,32765
1.54539,-0.340083,-0.236884,20,32765
1.55394,-0.347476,-0.23797,19,32765
1.51421,-0.343998,-0.231786,20,32765
1.51309,-0.349107,-0.231474,19,32765
1.55046,-0.363324,-0.237028,20,32765
1.51078,-0.359388,-0.230834,20,32765
1.53845,-0.371475,-0.234927,20,32765
1.50841,-0.369629,-0.230154,20,32765
1.53601,-0.381863,-0.234196,19,32765
1.51561,-0.382232,-0.230694,20,32765
1.51436,-0.387338,-0.2304,20,32765
1.50354,-0.389932,-0.228507,19,32765
1.49275,-0.392414,-0.226532,19,32765
1.49152,-0.397395,-0.225932,18,32765
1.46158,-0.394658,-0.221224,19,32765
1.46986,-0.402125,-0.22226,19,32765
1.46859,-0.407012,-0.221755,20,32765
1.44825,-0.406533,-0.218436,19,32765
1.49457,-0.424893,-0.224997,20,32765
1.44568,-0.416189,-0.217231,19,32765
1.47287,-0.429314,-0.220976,18,32765
1.42408,-0.420191,-0.213158,20,32765
1.42279,-0.42488,-0.212496,21,32765
1.41197,-0.426685,-0.210675,21,32765
1.4296,-0.437099,-0.212793,20,32765
1.43774,-0.444635,-0.213535,20,32765
1.40807,-0.440407,-0.208537,19,32765
1.45395,-0.45991,-0.214741,17,32765
1.396,-0.446517,-0.205468,18,32765
1.42291,-0.460183,-0.208914,20,32765
1.38388,-0.452484,-0.202561,20,32765
1.3826,-0.456888,-0.201388,20,32765
0,0,-0,0,32765
2.04206,0.0354882,-0.337101,13,32765
0,0,-0,0,32765
0,0,-0,0,32765
0,0,-0,0,32765
0,0,-0,0,32765
0,0,-0,0,32765
0,-0,-0,0,32765
2.16068,-0.0142966,-0.356865,13,32765
2.21985,-0.0223289,-0.366452,14,32765
2.12112,-0.0286421,-0.350058,14,32765
2.11114,-0.0357925,-0.348407,14,32765
2.14064,-0.0437182,-0.353068,14,32765
2.28845,-0.0547103,-0.377348,14,32765
2.00225,-0.0548209,-0.329972,13,32765
2.04155,-0.0628805,-0.336206,12,32765
0,-0,-0,0,32765
0,-0,-0,0,32765
0,-0,-0,0,32765
0,-0,-0,0,32765
2.16841,-0.104125,-0.356588,12,32765
1.97099,-0.101491,-0.323882,13,32765
0,-0,-0,0,32765
0,-0,-0,0,32765
0,-0,-0,0,32765
0,-0,-0,0,32765
0,-0,-0,0,32765
0,-0,-0,0,32765
0,-0,-0,0,32765
0,-0,-0,0,32765
0,-0,-0,0,32765
0,-0,-0,0,32765
1.83822,-0.165078,-0.300983,12,32765
1.84748,-0.172436,-0.302471,13,32765
1.8567,-0.17978,-0.304049,14,32765
1.9052,-0.191076,-0.311905,13,32765
1.78676,-0.185405,-0.292424,14,32765
1.79595,-0.192587,-0.293919,14,32765
1.76586,-0.195545,-0.288957,14,32765
1.775,-0.202815,-0.290435,14,32765
1.74488,-0.205521,-0.285556,16,32765
0,-0,-0,0,32765
0,-0,-0,0,32765
0,-0,-0,0,32765
0,-0,-0,0,32765
0,-0,-0,0,32765
0,-0,-0,0,32765
0,-0,-0,0,32765
0,-0,-0,0,32765
1.66946,-0.249636,-0.273272,13,32765
1.79548,-0.274793,-0.293825,14,32765
1.63847,-0.256599,-0.268262,14,32765
1.67656,-0.268627,-0.27454,16,32765
1.61718,-0.264968,-0.264783,18,32765
1.626,-0.272269,-0.266244,20,32765
1.60563,-0.2746,-0.262776,20,32765
1.62414,-0.283546,-0.265818,20,32765
1.62318,-0.289124,-0.265687,19,32765
1.62223,-0.294736,-0.265361,19,32765
1.58238,-0.293099,-0.258967,20,32765
1.5814,-0.298453,-0.258846,20,32765
1.59984,-0.307566,-0.261568,20,32765
1.56972,-0.307328,-0.256765,20,32765
1.59773,-0.318502,-0.26135,20,32765
1.57735,-0.3201,-0.257674,19,32765
1.57625,-0.325551,-0.257577,20,32765
1.58481,-0.333006,-0.258993,20,32765
1.55475,-0.332255,-0.253906,20,32765
1.56329,-0.3397,-0.255218,20,32765
1.55253,-0.342894,-0.253326,20,32765
1.56106,-0.350332,-0.254502,19,32765
1.55027,-0.353463,-0.252652,20,32765
1.52025,-0.352027,-0.247629,20,32765
1.5287,-0.359518,-0.248856,20,32765
1.52752,-0.364682,-0.248547,20,32765
1.52633,-0.369875,-0.248229,20,32765
1.50594,-0.37035,-0.244738,19,32765
1.50473,-0.375432,-0.244388,19,32765
1.52269,-0.385396,-0.246923,20,32765
1.50229,-0.385629,-0.243524,19,32765
1.50106,-0.390682,-0.243088,20,32765
1.49983,-0.395687,-0.242565,19,32765
1.54632,-0.413469,-0.249667,17,32765
1.48776,-0.403164,-0.240048,19,32765
1.48648,-0.408123,-0.239633,19,32765
1.49471,-0.415728,-0.240653,19,32765
1.48388,-0.418021,-0.238669,19,32765
1.46356,-0.417561,-0.234996,19,32765
1.46226,-0.422458,-0.234387,19,32765
1.42298,-0.416245,-0.227773,18,32765
1.4596,-0.432204,-0.233139,20,32765
1.42987,-0.428512,-0.22793,20,32765
1.42852,-0.433218,-0.22752,20,32765
1.41775,-0.435012,-0.225307,19,32765
1.41643,-0.439599,-0.224648,19,32765
1.40569,-0.441223,-0.222367,19,32765
1.4892,-0.472728,-0.234984,14,32765
1.41247,-0.453386,-0.222167,19,32765
1.4111,-0.457978,-0.221453,20,32765
1.40974,-0.462567,-0.220617,20,32765
0,-0,-0,0,32765
4.02205,1.30593,0.779526,27,32765
4.01691,1.2903,0.776971,26,32765
4.0399,1.2836,0.779519,26,32765
4.05353,1.27342,0.780821,27,32765
4.06738,1.26294,0.781222,28,32765
4.06221,1.24687,0.778567,27,32765
4.12304,1.25069,0.787852,29,32765
4.08026,1.22302,0.777543,27,32765
4.10346,1.21509,0.779542,27,32765
4.12655,1.20713,0.781853,28,32765
4.1401,1.19662,0.782363,27,32765
4.08732,1.16723,0.770559,21,32765
4.1292,1.16489,0.776084,14,32765
4.08579,1.13831,0.765967,13,32765
4.1278,1.13539,0.771156,14,32765
4.0462,1.0988,0.753977,14,32765
4.17362,1.11877,0.775487,27,32765
4.2155,1.11536,0.781307,28,32765
4.22894,1.10416,0.781347,28,32765
4.20417,1.08304,0.774627,28,32765
4.26514,1.08382,0.784092,27,32765
4.19248,1.05074,0.768852,27,32765
4.25353,1.05124,0.777745,29,32765
4.25704,1.03754,0.776937,27,32765
4.28938,1.03054,0.78078,27,32765
4.29293,1.01656,0.779601,27,32765
4.25819,0.993391,0.771088,27,32765
4.30004,0.988065,0.777023,27,32765
4.36102,0.98698,0.786738,27,32765
4.37403,0.974717,0.787588,28,32765
4.34857,0.954041,0.781131,27,32765
4.39039,0.948094,0.786888,27,32765
4.35505,0.925607,0.779227,27,32765
4.3679,0.913466,0.779688,27,32765
4.38067,0.90115,0.780524,27,32765
4.38369,0.886924,0.779865,26,32765
4.36738,0.868685,0.775731,26,32765
4.43815,0.867501,0.786344,27,32765
4.47974,0.860326,0.792887,29,32765
4.47303,0.843774,0.790194,28,32765
4.50493,0.834602,0.794713,29,32765
4.48845,0.816027,0.790469,29,32765
4.47196,0.797475,0.785939,28,32765
4.49413,0.785898,0.788715,27,32765
4.49683,0.771012,0.788016,28,32765
4.5577,0.766316,0.797633,29,32765
4.5311,0.746943,0.791721,28,32765
4.5433,0.73375,0.793076,29,32765
4.57503,0.723328,0.797414,29,32765
4.59702,0.710946,0.800246,29,32765
4.58968,0.694029,0.798287,29,32765
4.62129,0.682814,0.803121,29,32765
4.63341,0.668777,0.804228,28,32765
4.61627,0.650557,0.799806,28,32765
4.64782,0.639153,0.804266,28,32765
4.63034,0.621377,0.800903,28,32765
4.67158,0.611233,0.806914,28,32765
4.71278,0.600819,0.813087,28,32765
4.6953,0.582973,0.808891,28,32765
4.68748,0.566222,0.80685,24,32765
4.72851,0.555562,0.813265,21,32765
2.73254,0.311824,0.469149,13,32765
2.71402,0.300678,0.465392,13,32765
2.59741,0.279059,0.445048,13,32765
2.70626,0.281675,0.463034,13,32765
2.68756,0.270878,0.459597,14,32765
2.50209,0.243749,0.427357,14,32765
2.65018,0.249328,0.452107,14,32765
2.57254,0.233454,0.438086,14,32765
2.51443,0.219755,0.427723,13,32765
2.5152,0.21153,0.427332,16,32765
2.49631,0.201611,0.423571,15,32765
2.43798,0.188846,0.413507,16,32765
2.42886,0.180044,0.411264,16,32765
2.40001,0.16989,0.405795,16,32765
2.39074,0.161429,0.403999,16,32765
2.32246,0.149241,0.391794,17,32765
2.32299,0.141695,0.391452,17,32765
2.29396,0.132475,0.386111,18,32765
2.27475,0.123886,0.382447,17,32765
2.33432,0.119501,0.391867,17,32765
2.31506,0.110896,0.388207,18,32765
2.25638,0.100731,0.377774,17,32765
2.22721,0.0921806,0.372352,19,32765
2.23741,0.0853164,0.373632,17,32765
2.20819,0.0769981,0.3682,18,32765
2.2381,0.0706829,0.372598,18,32765
2.18909,0.0620161,0.363903,17,32765
2.18937,0.0548949,0.36339,18,32765
2.2192,0.0484362,0.367816,17,32765
2.18982,0.0408347,0.362546,18,32765
2.19007,0.0337658,0.361713,18,32765
2.19023,0.0266952,0.361339,17,32765
2.15097,0.0192272,0.354051,17,32765
2.14126,0.0122751,0.351761,17,32765
2.13152,0.00542284,0.34956,17,32765
2.17113,-0.00135562,0.355256,17,32765
2.13177,-0.00807273,0.347956,17,32765
2.10223,-0.0146192,0.342503,18,32765
2.07273,-0.0210242,0.336678,18,32765
2.08265,-0.0277147,0.337487,18,32765
4.01906,1.30643,0.737904,30,32765
4.03266,1.2968,0.738878,30,32765
4.07448,1.29603,0.744667,32,32765
4.07877,1.28277,0.744157,32,32765
4.06443,1.26341,0.739321,31,32765
4.05925,1.24732,0.736759,31,32765
4.11073,1.24831,0.743782,32,32765
4.12449,1.23762,0.744157,31,32765
4.11941,1.22113,0.740854,31,32765
4.11418,1.2048,0.737886,31,32765
4.11826,1.19158,0.736612,31,32765
4.13171,1.18116,0.737207,31,32765
4.04088,1.14118,0.718722,20,32765
4.01629,1.12012,0.712464,14,32765
4.01077,1.10435,0.708913,13,32765
3.96698,1.07841,0.699314,13,32765
4.10403,1.10125,0.721318,24,32765
4.21262,1.11575,0.738481,32,32765
4.22607,1.10453,0.738429,32,32765
4.22989,1.09077,0.736979,32,32765
4.25275,1.08175,0.739234,33,32765
4.2756,1.07264,0.741325,32,32765
4.2315,1.04683,0.731426,30,32765
4.26373,1.0402,0.73558,31,32765
4.27694,1.02856,0.735842,32,32765
4.26128,1.01005,0.731371,31,32765
4.29369,1.00263,0.734748,31,32765
4.28756,0.986135,0.732094,30,32765
4.31976,0.978564,0.736333,30,32765
4.34238,0.968568,0.738737,31,32765
4.40356,0.967,0.747283,33,32765
4.3587,0.942111,0.73796,30,32765
4.39082,0.934055,0.742092,31,32765
4.37474,0.915716,0.737565,31,32765
4.43585,0.913309,0.746438,32,32765
4.43891,0.898881,0.74577,32,32765
4.44196,0.884281,0.745059,32,32765
4.45478,0.871492,0.745276,32,32765
4.46737,0.85867,0.746587,32,32765
4.50912,0.851284,0.752077,34,32765
4.50227,0.834788,0.749846,33,32765
4.48576,0.81619,0.745788,31,32765
4.53725,0.809752,0.752728,33,32765
4.54004,0.794538,0.752088,33,32765
4.54277,0.779477,0.751381,33,32765
4.53563,0.763168,0.74918,33,32765
4.5187,0.745438,0.745157,32,32765
4.56989,0.738566,0.75284,33,32765
4.56268,0.721872,0.75048,32,32765
4.57494,0.708005,0.751525,32,32765
4.61637,0.698519,0.757669,33,32765
4.62852,0.684311,0.759019,33,32765
4.66019,0.67305,0.763232,33,32765
4.63326,0.653333,0.757393,32,32765
4.5964,0.632437,0.750395,28,32765
4.45168,0.597722,0.726462,20,32765
2.61352,0.342129,0.425879,14,32765
2.62448,0.334749,0.427151,15,32765
2.55706,0.317631,0.415547,15,32765
2.59733,0.313877,0.421717,16,32765
2.51993,0.296188,0.408815,16,32765
2.51119,0.286668,0.406649,16,32765
2.44348,0.270795,0.395175,17,32765
2.51311,0.27008,0.406108,17,32765
2.44532,0.254579,0.394563,18,32765
2.47563,0.249568,0.399241,18,32765
2.40771,0.234593,0.387795,18,32765
2.3987,0.225696,0.38586,17,32765
2.39953,0.217767,0.385277,18,32765
2.37078,0.207202,0.380229,18,32765
2.38134,0.200262,0.381436,18,32765
2.36237,0.190773,0.377883,19,32765
2.35315,0.182241,0.376253,19,32765
2.26519,0.167869,0.361547,22,32765
2.27566,0.161032,0.36267,19,32765
2.27619,0.153628,0.362544,18,32765
2.23735,0.143695,0.355719,18,32765
2.27729,0.138818,0.361653,18,32765
2.23834,0.129164,0.355034,19,32765
2.19936,0.119672,0.34844,19,32765
2.23927,0.114515,0.354197,19,32765
2.24955,0.107626,0.355414,18,32765
2.15129,0.0959033,0.339329,18,32765
2.1714,0.0897226,0.341981,19,32765
2.19148,0.0834046,0.34473,19,32765
2.18195,0.0759127,0.342689,19,32765
2.15264,0.0678056,0.337525,19,32765
2.16281,0.0610814,0.338591,18,32765
2.12356,0.0530481,0.331909,19,32765
2.13368,0.0463613,0.332987,18,32765
2.11411,0.0392065,0.329551,19,32765
2.14399,0.0328257,0.333355,19,32765
2.10462,0.025416,0.326851,19,32765
2.06528,0.0182201,0.319966,18,32765
2.08519,0.0117002,0.32238,18,32765
2.04578,0.00494631,0.315712,18,32765
2.05578,-0.00155287,0.316501,18,32765
2.02624,-0.00794789,0.311138,18,32765
2.01641,-0.0143055,0.309024,18,32765
1.95719,-0.0201362,0.298991,18,32765
2.00666,-0.0270038,0.305776,18,32765
4.0264,1.31148,0.68716,27,32765
4.05851,1.30796,0.692928,27,32765
4.07204,1.29805,0.694602,27,32765
4.07608,1.28508,0.694993,27,32765
4.06135,1.26587,0.692206,27,32765
4.10317,1.26425,0.698698,28,32765
4.10723,1.25108,0.698536,28,32765
4.10175,1.23518,0.696839,28,32765
4.13407,1.23058,0.701479,28,32765
4.13805,1.21725,0.70125,27,32765
4.12297,1.19841,0.698163,26,32765
4.17434,1.19856,0.705951,29,32765
4.08332,1.15797,0.689631,22,32765
4.05867,1.13648,0.684493,14,32765
4.04344,1.11794,0.680686,13,32765
4.09472,1.11774,0.688413,12,32765
4.06978,1.0968,0.683215,13,32765
4.22608,1.12411,0.708181,28,32765
4.20119,1.10276,0.70283,28,32765
4.24312,1.09876,0.708685,28,32765
4.20854,1.07514,0.701628,28,32765
4.26953,1.07586,0.710794,26,32765
4.23483,1.05228,0.703809,27,32765
4.24792,1.04085,0.704802,27,32765
4.30898,1.04078,0.713811,27,32765
4.28371,1.01958,0.708407,28,32765
4.29673,1.00769,0.709597,28,32765
4.32905,0.999945,0.713775,29,32765
4.30359,0.979135,0.708006,27,32765
4.29724,0.962953,0.705731,25,32765
4.35836,0.961789,0.7142,27,32765
4.38099,0.951503,0.71637,27,32765
4.38418,0.936912,0.716097,27,32765
4.37772,0.920228,0.713904,26,32765
4.38102,0.905552,0.71239,27,32765
4.40334,0.895303,0.715243,27,32765
4.46444,0.892637,0.723937,28,32765
4.43846,0.872253,0.718086,27,32765
4.45107,0.859472,0.719291,28,32765
4.48321,0.850079,0.722921,29,32765
4.47651,0.833226,0.720201,28,32765
4.46962,0.816563,0.718121,28,32765
4.50157,0.807025,0.722155,28,32765
4.5433,0.798903,0.72737,29,32765
4.53637,0.782106,0.724734,28,32765
4.578,0.773696,0.730265,30,32765
4.52226,0.748929,0.719636,28,32765
4.59306,0.745202,0.729789,29,32765
4.52732,0.719371,0.717937,28,32765
4.5786,0.712066,0.724911,28,32765
4.63971,0.705726,0.733178,29,32765
4.63239,0.688776,0.730855,29,32765
4.64451,0.674564,0.732088,29,32765
4.64696,0.658931,0.730775,29,32765
4.5611,0.631072,0.716766,17,32765
2.66358,0.359552,0.417673,15,32765
2.60606,0.343018,0.407931,16,32765
2.55817,0.32834,0.400087,16,32765
2.57886,0.32245,0.403029,16,32765
2.58003,0.314012,0.402141,16,32765
2.60067,0.308025,0.405107,17,32765
2.54286,0.292575,0.395403,16,32765
2.50453,0.279889,0.38925,17,32765
2.476,0.268445,0.38441,17,32765
2.49663,0.262304,0.386807,17,32765
2.45815,0.250165,0.380653,17,32765
2.48855,0.24496,0.384751,17,32765
2.45983,0.233968,0.380104,17,32765
2.40156,0.220421,0.370833,17,32765
2.3925,0.211606,0.36884,17,32765
2.44243,0.20801,0.376401,17,32765
2.39387,0.195961,0.368624,17,32765
2.35512,0.18499,0.362326,17,32765
2.35573,0.177415,0.362174,19,32765
2.35629,0.169693,0.36222,19,32765
2.31742,0.159437,0.355901,17,32765
2.29818,0.150583,0.352962,17,32765
2.29868,0.143153,0.352812,18,32765
2.29912,0.13567,0.352877,18,32765
2.24041,0.124777,0.343363,17,32765
2.24077,0.117564,0.343552,17,32765
2.23128,0.109695,0.342021,17,32765
2.25134,0.10337,0.345234,18,32765
2.23192,0.0951442,0.342179,17,32765
2.25196,0.0886228,0.345316,18,32765
2.20283,0.0795936,0.337812,18,32765
2.18328,0.071749,0.335016,17,32765
2.223,0.0658272,0.341227,18,32765
2.17378,0.0572073,0.333751,18,32765
2.17394,0.0500451,0.333892,17,32765
2.17405,0.0430076,0.334122,17,32765
2.17416,0.0360657,0.334272,17,32765
2.16433,0.0290645,0.333056,18,32765
2.1347,0.0218517,0.328877,18,32765
2.13471,0.014913,0.329241,18,32765
2.08526,0.0077025,0.322053,17,32765
2.09506,0.000807408,0.324205,17,32765
2.09503,-0.00601991,0.324371,18,32765
2.085,-0.012696,0.323583,18,32765
2.06514,-0.0193004,0.320845,18,32765
2.09455,-0.0262888,0.326418,17,32765
4.03188,1.31496,0.647215,31,32765
4.04524,1.30535,0.649682,31,32765
4.03995,1.28946,0.648239,32,32765
4.06283,1.28253,0.651651,32,32765
4.0575,1.26626,0.650561,31,32765
4.09939,1.26467,0.656679,32,32765
4.11291,1.25437,0.65803,31,32765
4.09797,1.23557,0.654912,31,32765
4.13033,1.23098,0.659272,32,32765
4.17225,1.22882,0.665088,33,32765
4.1477,1.20706,0.660677,31,32765
4.12316,1.1853,0.655905,31,32765
4.14608,1.17719,0.658648,31,32765
4.0929,1.14744,0.649254,21,32765
3.92524,1.08656,0.621491,13,32765
3.90021,1.0659,0.616698,13,32765
4.01823,1.08418,0.634401,13,32765
4.10783,1.09394,0.647345,22,32765
4.21666,1.1081,0.663347,33,32765
4.23953,1.09909,0.665821,32,32765
4.22404,1.08034,0.662139,31,32765
4.24679,1.07135,0.664742,31,32765
4.23121,1.05256,0.661131,30,32765
4.28272,1.05055,0.668022,31,32765
4.25741,1.02947,0.662997,32,32765
4.28015,1.01986,0.665355,31,32765
4.32206,1.01474,0.670935,32,32765
4.287,0.99131,0.664379,30,32765
4.31933,0.983774,0.667843,31,32765
4.35157,0.97617,0.671615,31,32765
4.33556,0.957773,0.667616,30,32765
4.40651,0.958054,0.677028,31,32765
4.34203,0.928873,0.666364,30,32765
4.42263,0.930628,0.677614,32,32765
4.44533,0.919785,0.679043,32,32765
4.44834,0.905369,0.678747,32,32765
4.46107,0.892856,0.679488,33,32765
4.46415,0.878173,0.678341,32,32765
4.50593,0.870918,0.683872,33,32765
4.47984,0.850263,0.678379,32,32765
4.48285,0.835204,0.677222,32,32765
4.48568,0.82027,0.676702,32,32765
4.53715,0.814162,0.683386,34,32765
4.53999,0.799054,0.682363,33,32765
4.54279,0.783921,0.681283,33,32765
4.54546,0.768881,0.680597,33,32765
4.59697,0.76197,0.686571,33,32765
4.56048,0.740556,0.680042,32,32765
4.5728,0.727212,0.680482,32,32765
4.61439,0.718229,0.685529,34,32765
4.62669,0.704319,0.685977,34,32765
4.62914,0.688841,0.685198,32,32765
4.65107,0.67604,0.687785,33,32765
4.47717,0.635336,0.660456,17,32765
2.60722,0.360999,0.38433,17,32765
2.55946,0.345744,0.376436,18,32765
2.56067,0.337278,0.375916,17,32765
2.54214,0.326501,0.37286,18,32765
2.52357,0.315741,0.36986,19,32765
2.48542,0.302685,0.363248,18,32765
2.47657,0.2935,0.361724,18,32765
2.43829,0.280701,0.355473,18,32765
2.44903,0.273833,0.35686,19,32765
2.44012,0.264687,0.35517,20,32765
2.43124,0.255552,0.353101,17,32765
2.41237,0.245611,0.350182,19,32765
2.35414,0.23182,0.341161,18,32765
2.37461,0.22594,0.343934,19,32765
2.37536,0.218082,0.343787,19,32765
2.34656,0.207594,0.339044,19,32765
2.35709,0.200782,0.34044,18,32765
2.32817,0.19061,0.335984,18,32765
2.30908,0.181388,0.332911,19,32765
2.2702,0.170976,0.327074,19,32765
2.26087,0.162811,0.325696,19,32765
2.23179,0.153524,0.321182,18,32765
2.24214,0.146878,0.322691,19,32765
2.22287,0.138386,0.319703,19,32765
2.23318,0.131721,0.321187,18,32765
2.20401,0.122683,0.316503,19,32765
2.20437,0.115574,0.316689,19,32765
2.19486,0.107814,0.315252,19,32765
2.18528,0.100235,0.314012,19,32765
2.1856,0.0930559,0.313986,18,32765
2.20566,0.0866742,0.316935,18,32765
2.15646,0.077783,0.309896,18,32765
2.15667,0.0707275,0.310127,19,32765
2.12718,0.0628336,0.306001,18,32765
2.12737,0.055818,0.306105,18,32765
2.08794,0.0478894,0.300545,18,32765
2.09795,0.041314,0.302192,18,32765
2.08815,0.0344409,0.30091,18,32765
2.12779,0.0283609,0.306913,19,32765
2.06844,0.0209553,0.298721,18,32765
2.06844,0.0142209,0.299073,19,32765
2.01893,0.00722268,0.292338,18,32765
2.00896,0.00052932,0.291505,18,32765
2.03862,-0.0061172,0.295974,17,32765
2.01869,-0.0125602,0.293819,18,32765
2.03838,-0.0193319,0.297026,18,32765
2.01838,-0.0256227,0.295074,18,32765
4.00293,1.30058,0.657729,26,32765
4.06383,1.30619,0.664476,27,32765
4.05904,1.29008,0.660294,28,32765
4.05414,1.27413,0.656141,27,32765
4.12486,1.28131,0.66381,29,32765
4.11977,1.26517,0.660601,27,32765
4.10519,1.24622,0.65574,28,32765
4.10006,1.23022,0.651871,27,32765
4.13267,1.22556,0.654713,28,32765
4.14643,1.21492,0.654176,28,32765
4.1507,1.2014,0.652095,28,32765
4.17393,1.19323,0.653142,27,32765
4.15902,1.17411,0.64876,25,32765
4.1631,1.16054,0.647026,15,32765
4.07181,1.12064,0.630452,12,32765
4.11387,1.11782,0.634562,13,32765
4.1463,1.11215,0.637896,13,32765
4.17886,1.10621,0.640585,25,32765
4.23045,1.10513,0.646833,29,32765
4.21516,1.08634,0.642114,27,32765
4.25723,1.08236,0.646587,28,32765
4.25135,1.06607,0.643736,28,32765
4.30316,1.06381,0.649261,28,32765
4.26831,1.04035,0.642516,28,32765
4.30078,1.03319,0.645525,29,32765
4.29464,1.0169,0.643092,27,32765
4.30772,1.00527,0.643313,27,32765
4.34016,0.997731,0.646178,27,32765
4.36278,0.988084,0.648244,28,32765
4.34682,0.969477,0.64445,27,32765
4.38886,0.963626,0.648818,27,32765
4.37283,0.944839,0.645008,27,32765
4.35686,0.925765,0.64087,27,32765
4.43755,0.927387,0.651507,27,32765
4.41163,0.906825,0.646273,27,32765
4.42434,0.894639,0.646875,28,32765
4.43711,0.882288,0.646942,28,32765
4.46918,0.873544,0.650632,28,32765
4.48193,0.860751,0.650747,28,32765
4.49458,0.847671,0.651617,28,32765
4.51685,0.836413,0.654307,28,32765
4.51003,0.819703,0.651604,28,32765
4.53235,0.808176,0.653555,29,32765
4.53512,0.793187,0.652712,29,32765
4.52808,0.77647,0.650502,28,32765
4.55018,0.764825,0.653064,28,32765
4.55276,0.749968,0.652297,29,32765
4.58465,0.739617,0.655776,29,32765
4.59695,0.726161,0.656314,29,32765
4.61898,0.714027,0.658442,28,32765
4.64104,0.701505,0.660516,29,32765
4.6532,0.687467,0.661506,29,32765
4.60657,0.66463,0.654038,20,32765
2.61824,0.368859,0.371021,15,32765
2.57044,0.353334,0.363843,16,32765
2.59128,0.347401,0.36628,17,32765
2.61209,0.3414,0.368796,17,32765
2.55432,0.325217,0.360133,16,32765
2.51611,0.311908,0.354266,17,32765
2.51716,0.303658,0.353966,17,32765
2.48869,0.291935,0.349411,17,32765
2.46015,0.280469,0.344959,17,32765
2.48081,0.274464,0.347313,17,32765
2.43249,0.261016,0.340212,17,32765
2.4137,0.250862,0.337107,17,32765
2.46385,0.247839,0.343528,18,32765
2.38582,0.232028,0.33232,17,32765
2.41626,0.226783,0.335792,17,32765
2.33811,0.21162,0.324617,16,32765
2.34872,0.204705,0.325568,17,32765
2.36917,0.198654,0.327948,18,32765
2.36983,0.190948,0.327758,18,32765
2.32113,0.179372,0.320425,18,32765
2.35136,0.17404,0.324348,17,32765
2.31247,0.163519,0.318327,18,32765
2.31303,0.155882,0.318119,17,32765
2.27405,0.145662,0.312186,17,32765
2.28449,0.138699,0.313001,19,32765
2.2652,0.130123,0.309888,19,32765
2.236,0.121116,0.30532,18,32765
2.24629,0.114441,0.306559,18,32765
2.22689,0.10631,0.303572,18,32765
2.20749,0.0982362,0.300362,18,32765
2.19794,0.0906828,0.298739,18,32765
2.21812,0.0842376,0.300733,19,32765
2.20853,0.0766858,0.298986,18,32765
2.16922,0.0682366,0.293166,18,32765
2.15961,0.0607849,0.291179,19,32765
2.14995,0.0535947,0.289366,18,32765
2.15019,0.0465411,0.288822,18,32765
2.12067,0.0389735,0.284309,18,32765
2.15056,0.0325877,0.287997,18,32765
2.08136,0.0247439,0.278118,19,32765
2.09142,0.0181685,0.27884,19,32765
2.09156,0.0114819,0.278146,18,32765
2.13133,0.00498096,0.282656,18,32765
2.07196,-0.00172885,0.274,18,32765
2.09186,-0.00850951,0.275958,18,32765
2.06217,-0.0149882,0.271345,19,32765
2.06224,-0.0216176,0.270383,19,32765
2.05236,-0.0278619,0.268208,19,32765
4.04577,1.31626,0.623832,31,32765
4.05969,1.3066,0.622768,31,32765
4.07372,1.29647,0.621558,32,32765
4.07826,1.28341,0.618921,31,32765
4.05456,1.26114,0.61166,30,32765
4.10615,1.26266,0.617104,32,32765
4.08205,1.24083,0.611017,30,32765
4.13376,1.24197,0.615727,32,32765
4.10949,1.22029,0.609825,31,32765
4.15174,1.21807,0.613416,32,32765
4.13698,1.19899,0.608534,31,32765
4.16973,1.19359,0.610793,32,32765
4.17386,1.17982,0.609382,31,32765
4.09209,1.14222,0.595154,22,32765
4.06744,1.12088,0.589226,15,32765
3.93751,1.07127,0.568141,13,32765
4.07504,1.09444,0.586383,13,32765
4.08841,1.08365,0.586075,18,32765
4.21665,1.10292,0.60284,31,32765
4.23009,1.09157,0.60241,32,32765
4.27223,1.08754,0.606504,32,32765
4.23752,1.06393,0.599661,31,32765
4.26051,1.05458,0.600657,31,32765
4.29296,1.04766,0.60377,31,32765
4.30622,1.03578,0.603789,31,32765
4.30971,1.02172,0.602796,31,32765
4.32282,1.01003,0.602919,32,32765
4.3553,1.00243,0.605498,32,32765
4.31997,0.979569,0.599329,31,32765
4.34263,0.969707,0.601085,30,32765
4.36536,0.95961,0.602409,31,32765
4.38804,0.949247,0.604124,31,32765
4.37205,0.930085,0.600168,31,32765
4.42375,0.925581,0.606067,32,32765
4.4172,0.909021,0.603769,31,32765
4.46878,0.904664,0.609577,32,32765
4.47187,0.890214,0.608215,32,32765
4.46509,0.873731,0.606335,32,32765
4.47785,0.860931,0.606358,32,32765
4.54895,0.858878,0.615036,33,32765
4.5128,0.836582,0.609637,33,32765
4.54498,0.826954,0.612283,33,32765
4.53807,0.810067,0.610105,33,32765
4.56037,0.798452,0.611881,33,32765
4.58265,0.786653,0.613685,33,32765
4.59503,0.773165,0.614748,34,32765
4.58785,0.756523,0.612667,33,32765
4.61001,0.74446,0.614555,34,32765
4.62233,0.730899,0.614994,34,32765
4.63461,0.717146,0.615629,33,32765
4.64689,0.703068,0.616213,33,32765
4.56099,0.674483,0.604117,28,32765
4.43574,0.640579,0.586742,12,32765
0,0,0,0,32765
2.43616,0.335175,0.32122,12,32765
2.54541,0.34155,0.335132,13,32765
2.5564,0.334406,0.336173,13,32765
0,0,0,14,32765
0,0,0,12,32765
2.5991,0.313789,0.340348,12,32765
0,0,0,0,32765
2.39428,0.273159,0.312582,13,32765
2.41494,0.267364,0.31476,14,32765
2.475,0.265756,0.322255,14,32765
2.36741,0.24621,0.307788,15,32765
2.34854,0.236383,0.304786,15,32765
2.34933,0.228611,0.304574,16,32765
2.32055,0.217916,0.300113,18,32765
2.29165,0.207518,0.296076,18,32765
2.2825,0.199023,0.294392,18,32765
2.29307,0.19235,0.295322,18,32765
2.27394,0.183285,0.292594,19,32765
2.27459,0.175827,0.292099,18,32765
2.25539,0.166975,0.289399,18,32765
2.2461,0.158852,0.287576,18,32765
2.21695,0.149421,0.283576,19,32765
2.1977,0.140773,0.280566,19,32765
2.22792,0.135255,0.283828,20,32765
2.18879,0.125712,0.278393,20,32765
2.18925,0.11855,0.277896,19,32765
2.16982,0.1105,0.275272,20,32765
2.1702,0.103547,0.274993,19,32765
2.17058,0.0965259,0.274491,19,32765
2.15109,0.0886715,0.271714,19,32765
2.17129,0.0823681,0.273535,18,32765
2.10218,0.0728938,0.264407,19,32765
2.10247,0.0660263,0.263964,18,32765
2.10275,0.0590627,0.263333,19,32765
2.11291,0.0525378,0.264106,18,32765
2.10322,0.0453802,0.262335,18,32765
2.10342,0.038501,0.261818,18,32765
2.0738,0.0312603,0.257826,17,32765
2.05412,0.0242464,0.254778,18,32765
2.06418,0.0177466,0.255415,18,32765
2.08416,0.0112434,0.257179,18,32765
2.02473,0.00452927,0.249106,17,32765
2.03475,-0.00191176,0.249574,18,32765
2.00503,-0.00837774,0.245285,18,32765
2.00508,-0.0148052,0.244614,18,32765
2.00514,-0.0212612,0.243679,19,32765
2.01509,-0.0276094,0.244027,18,32765
4.04382,1.31818,0.560399,28,32765
4.03859,1.30191,0.559619,27,32765
4.08046,1.301,0.565366,28,32765
4.05609,1.27933,0.561726,27,32765
4.08853,1.27548,0.565214,27,32765
4.09259,1.26243,0.565156,27,32765
4.10604,1.25212,0.567009,27,32765
4.11965,1.24152,0.568069,28,32765
4.16176,1.23944,0.572669,28,32765
4.14678,1.22029,0.569805,27,32765
4.1222,1.19864,0.565321,27,32765
4.15457,1.19363,0.569547,28,32765
4.15849,1.18011,0.569142,27,32765
4.15295,1.1637,0.566878,25,32765
4.16635,1.15254,0.568135,16,32765
3.9694,1.08383,0.540083,12,32765
4.06867,1.09669,0.552942,12,32765
4.22559,1.12418,0.573348,13,32765
4.21972,1.108,0.571261,25,32765
4.23292,1.0968,0.572303,28,32765
4.25579,1.08786,0.5742,28,32765
4.25939,1.07397,0.573686,29,32765
4.30149,1.06963,0.577909,29,32765
4.30501,1.05564,0.577418,28,32765
4.28929,1.0367,0.574235,28,32765
4.28313,1.02017,0.572382,27,32765
4.29625,1.00815,0.573071,27,32765
4.36738,1.00933,0.581063,28,32765
4.29334,0.97728,0.570749,27,32765
4.38374,0.982659,0.581446,28,32765
4.36771,0.964028,0.577793,27,32765
4.39024,0.95416,0.579855,27,32765
4.38388,0.937473,0.577144,27,32765
4.42591,0.930968,0.581542,27,32765
4.40976,0.911914,0.577937,27,32765
4.45174,0.905068,0.582497,28,32765
4.46446,0.892425,0.583369,28,32765
4.46754,0.877741,0.582064,28,32765
4.47046,0.863141,0.581443,28,32765
4.51238,0.855742,0.585705,29,32765
4.5446,0.846149,0.588415,30,32765
4.54746,0.831217,0.587629,29,32765
4.55035,0.815882,0.586711,30,32765
4.55317,0.800788,0.585637,30,32765
4.58521,0.790708,0.588872,30,32765
4.55857,0.770563,0.584161,29,32765
4.57096,0.757306,0.584523,28,32765
4.61274,0.748432,0.588711,29,32765
4.60553,0.731456,0.586541,30,32765
4.62769,0.718911,0.588288,29,32765
4.61055,0.700407,0.585012,27,32765
4.5246,0.672054,0.573107,16,32765
0,0,0,0,32765
4.39164,0.622675,0.553816,12,32765
2.51634,0.348179,0.316892,12,32765
2.53719,0.342475,0.318994,13,32765
2.51872,0.331459,0.315889,14,32765
2.48048,0.318015,0.310605,14,32765
2.46185,0.307492,0.307823,15,32765
2.45307,0.298204,0.305968,15,32765
2.45407,0.290229,0.305629,16,32765
2.45501,0.282246,0.305546,17,32765
2.42638,0.270828,0.301579,17,32765
2.44707,0.264925,0.303384,16,32765
2.44798,0.256691,0.303145,17,32765
2.38964,0.242498,0.295356,16,32765
2.34103,0.22979,0.289278,17,32765
2.38133,0.225898,0.29387,17,32765
2.39196,0.219083,0.294824,17,32765
2.33338,0.205927,0.287256,17,32765
2.30439,0.195696,0.283507,17,32765
2.34463,0.19124,0.28813,16,32765
2.33539,0.18264,0.286733,17,32765
2.2568,0.169088,0.276852,17,32765
2.29697,0.164528,0.281501,17,32765
2.29751,0.157112,0.281325,18,32765
2.26829,0.147804,0.277702,18,32765
2.27869,0.141002,0.278696,18,32765
2.2296,0.130715,0.272552,18,32765
2.26967,0.125634,0.277303,17,32765
2.2205,0.115725,0.271241,18,32765
2.23078,0.109016,0.27243,18,32765
2.2212,0.101291,0.271294,18,32765
2.19177,0.0927762,0.26769,18,32765
2.2119,0.0863133,0.270124,17,32765
2.13278,0.0762607,0.260608,17,32765
2.17269,0.0706391,0.265603,18,32765
2.20263,0.0644428,0.269574,17,32765
2.17307,0.0564625,0.265872,17,32765
2.12361,0.0481409,0.259901,16,32765
2.16342,0.0420341,0.265007,17,32765
2.16352,0.034994,0.265252,17,32765
2.10405,0.0271968,0.258143,16,32765
2.09415,0.0203396,0.257312,17,32765
2.13387,0.0137684,0.262481,17,32765
2.14378,0.00694928,0.264158,17,32765
2.08419,5.43693e-05,0.257176,16,32765
2.11388,-0.00661779,0.261498,17,32765
2.04432,-0.0128881,0.253363,19,32765
2.02436,-0.0194524,0.251361,17,32765
2.02417,-0.0261101,0.252328,19,32765
4.0575,1.32465,0.52151,31,32765
4.07119,1.31441,0.523251,31,32765
4.07533,1.30133,0.523766,31,32765
4.05094,1.27962,0.520405,31,32765
4.07394,1.27284,0.522398,31,32765
4.10645,1.2686,0.525983,32,32765
4.08197,1.24663,0.52288,31,32765
4.12409,1.24469,0.527493,31,32765
4.15673,1.23977,0.530503,33,32765
4.13222,1.21779,0.526612,32,32765
4.15526,1.21002,0.528469,31,32765
4.19724,1.20764,0.533629,33,32765
4.19166,1.19125,0.532007,32,32765
4.20526,1.18006,0.532248,32,32765
4.18047,1.15811,0.528572,24,32765
3.95459,1.08133,0.498856,14,32765
4.01562,1.08393,0.50595,13,32765
4.0192,1.07078,0.505558,13,32765
4.12834,1.08554,0.518059,19,32765
4.24719,1.10204,0.532259,31,32765
4.26048,1.09058,0.532763,32,32765
4.26409,1.07665,0.532247,33,32765
4.28697,1.0675,0.533696,32,32765
4.28084,1.05116,0.532007,31,32765
4.28439,1.03693,0.531407,32,32765
4.34582,1.03651,0.538017,32,32765
4.32034,1.01518,0.533826,31,32765
4.36255,1.00957,0.537581,31,32765
4.32715,0.986297,0.532782,31,32765
4.37893,0.982888,0.53787,32,32765
4.36287,0.964236,0.534404,31,32765
4.39513,0.956481,0.537465,31,32765
4.38876,0.939746,0.534846,31,32765
4.42112,0.931171,0.537686,32,32765
4.44384,0.920151,0.538985,32,32765
4.44696,0.90526,0.538454,32,32765
4.46943,0.89456,0.540409,32,32765
4.47251,0.879833,0.539102,33,32765
4.46569,0.863306,0.537307,32,32765
4.46862,0.848504,0.536509,32,32765
4.54967,0.848143,0.544793,33,32765
4.56229,0.834955,0.545173,34,32765
4.58475,0.823053,0.546582,34,32765
4.54846,0.800928,0.540847,33,32765
4.5218,0.780709,0.53683,32,32765
4.56365,0.772338,0.540531,33,32765
4.60545,0.763918,0.544272,33,32765
4.62768,0.751731,0.545767,35,32765
4.60085,0.731554,0.541378,33,32765
2.42439,0.377057,0.284725,17,32765
2.47479,0.376378,0.290068,19,32765
2.45642,0.365265,0.287384,19,32765
2.45769,0.357077,0.286791,18,32765
2.46874,0.350413,0.287473,18,32765
2.45025,0.339396,0.284908,18,32765
2.44157,0.329912,0.283404,19,32765
2.43287,0.320491,0.28165,19,32765
2.4044,0.308572,0.277892,18,32765
2.37586,0.297046,0.274169,18,32765
2.37689,0.289224,0.273565,18,32765
2.34826,0.277979,0.269834,17,32765
2.33929,0.269191,0.268621,17,32765
2.32045,0.259238,0.266081,18,32765
2.351,0.254748,0.268856,17,32765
2.32223,0.243711,0.265241,18,32765
2.28354,0.231921,0.260291,18,32765
2.28429,0.224397,0.260314,17,32765
2.27515,0.215989,0.25891,18,32765
2.29566,0.210414,0.260907,17,32765
2.28648,0.201925,0.259529,17,32765
2.24754,0.190989,0.25494,18,32765
2.22838,0.181866,0.252461,18,32765
2.2389,0.175189,0.25341,18,32765
2.20976,0.165644,0.249888,18,32765
2.18057,0.156258,0.246329,19,32765
2.22074,0.151918,0.250637,18,32765
2.20139,0.143488,0.248414,19,32765
2.20187,0.136278,0.248203,18,32765
2.17255,0.127388,0.244765,18,32765
2.19281,0.121385,0.246909,19,32765
2.17334,0.11326,0.244668,18,32765
2.15385,0.105236,0.242412,19,32765
2.10454,0.0959398,0.236897,19,32765
2.10484,0.0890529,0.236926,18,32765
2.05547,0.0801545,0.231349,17,32765
2.09542,0.0748569,0.23599,17,32765
2.06585,0.0670866,0.232774,18,32765
2.04615,0.0597745,0.230846,18,32765
2.06621,0.0535832,0.23303,18,32765
2.05643,0.0465034,0.232006,18,32765
2.03667,0.0394462,0.229998,18,32765
2.03677,0.0328067,0.230229,17,32765
2.01697,0.0259238,0.228166,18,32765
2.00707,0.0193354,0.227413,18,32765
2.05677,0.0130966,0.233323,18,32765
1.97726,0.00623045,0.224726,19,32765
1.98717,-0.000139595,0.226195,19,32765
2.00696,-0.00648801,0.229072,19,32765
1.97707,-0.0126774,0.226114,19,32765
1.97697,-0.019222,0.226561,19,32765
1.98672,-0.0258654,0.228649,19,32765
4.07593,1.32607,0.539188,28,32765
4.07113,1.30981,0.535181,28,32765
4.05691,1.29029,0.529822,27,32765
4.11816,1.29513,0.53467,28,32765
4.10353,1.27621,0.530313,27,32765
4.06998,1.25146,0.52267,26,32765
4.12173,1.25284,0.526658,28,32765
4.17358,1.25374,0.530519,29,32765
4.13021,1.22619,0.522899,27,32765
4.18205,1.22681,0.526772,28,32765
4.14801,1.20226,0.520623,27,32765
4.17126,1.19424,0.520844,28,32765
4.18494,1.18319,0.520287,28,32765
4.18905,1.16939,0.518439,27,32765
4.12612,1.13696,0.508467,15,32765
4.0917,1.11288,0.502397,12,32765
4.12433,1.10719,0.504061,12,32765
4.1377,1.09625,0.503789,13,32765
4.22784,1.10555,0.512913,22,32765
4.27968,1.10435,0.516999,29,32765
4.2834,1.09047,0.515654,28,32765
4.26779,1.07184,0.511902,27,32765
4.2907,1.06272,0.512867,29,32765
4.32331,1.05579,0.514453,28,32765
4.33657,1.04381,0.514485,28,32765
4.3498,1.03172,0.514575,27,32765
4.33393,1.01294,0.511273,27,32765
4.34711,1.0007,0.511201,28,32765
4.36991,0.990762,0.512243,28,32765
4.37326,0.976257,0.511464,29,32765
4.37667,0.961769,0.509729,28,32765
4.40904,0.953691,0.512275,28,32765
4.4221,0.941065,0.511815,29,32765
4.42525,0.926587,0.510956,28,32765
4.42838,0.912037,0.510049,28,32765
4.42173,0.895402,0.508071,27,32765
4.45399,0.886685,0.510595,28,32765
4.49601,0.879528,0.51423,29,32765
4.49908,0.864618,0.512627,29,32765
4.52147,0.853434,0.514645,29,32765
4.51458,0.836845,0.512482,29,32765
4.51737,0.822128,0.51174,28,32765
4.55933,0.814083,0.515134,29,32765
4.56203,0.799026,0.514781,29,32765
4.5746,0.78553,0.51469,29,32765
4.59683,0.773484,0.516664,30,32765
4.61909,0.761412,0.518047,32,32765
4.59225,0.741105,0.514247,30,32765
2.48397,0.392273,0.277359,17,32765
2.51476,0.388503,0.280404,18,32765
2.47679,0.374113,0.275603,17,32765
2.51736,0.371729,0.279886,17,32765
2.46946,0.356184,0.273889,17,32765
2.47065,0.347996,0.273669,17,32765
2.4226,0.333114,0.267707,16,32765
2.4533,0.329009,0.270532,17,32765
2.38538,0.311904,0.262803,17,32765
2.4259,0.308951,0.266742,17,32765
2.41706,0.29973,0.265461,17,32765
2.41811,0.291717,0.26485,17,32765
2.38949,0.280216,0.261173,17,32765
2.3509,0.267915,0.256689,16,32765
2.40121,0.265579,0.261814,16,32765
2.31315,0.248139,0.25176,17,32765
2.34366,0.243534,0.254691,17,32765
2.30492,0.231791,0.250048,17,32765
2.27603,0.221271,0.246432,16,32765
2.29662,0.215497,0.247941,17,32765
2.28745,0.20703,0.24658,17,32765
2.27825,0.198572,0.245251,17,32765
2.27893,0.190978,0.244952,17,32765
2.25978,0.181829,0.242366,17,32765
2.27033,0.175025,0.243,18,32765
2.27093,0.167555,0.24268,17,32765
2.23181,0.157387,0.238248,17,32765
2.24227,0.15079,0.238883,18,32765
2.21301,0.141657,0.235422,17,32765
2.22343,0.135019,0.236025,18,32765
2.17428,0.124914,0.230231,17,32765
2.22435,0.120505,0.235243,18,32765
2.1652,0.110182,0.228452,17,32765
2.1159,0.100846,0.222894,17,32765
2.17589,0.0965689,0.228615,17,32765
2.16631,0.0890138,0.227069,17,32765
2.12688,0.0803694,0.222498,17,32765
2.11725,0.0729791,0.221014,17,32765
2.09765,0.0654291,0.218389,17,32765
2.09789,0.0586103,0.217991,17,32765
2.13788,0.0527466,0.221827,17,32765
2.07844,0.0445397,0.21499,17,32765
2.11839,0.0385163,0.21869,18,32765
2.04894,0.030709,0.210962,16,32765
2.05904,0.0242529,0.211349,17,32765
2.06913,0.0178423,0.211642,17,32765
2.09905,0.0114666,0.214383,17,32765
2.03947,0.0044132,0.207478,17,32765
2.02958,-0.0022232,0.205899,17,32765
2.00974,-0.00870799,0.203117,18,32765
1.99983,-0.0148485,0.201382,18,32765
2.01976,-0.0212581,0.202558,18,32765
1.98992,-0.0273325,0.198638,18,32765
4.07997,1.32947,0.498778,31,32765
4.06569,1.31011,0.493713,31,32765
4.1177,1.31167,0.496534,33,32765
4.0843,1.28649,0.489426,32,32765
4.11704,1.28241,0.490926,32,32765
4.09295,1.26049,0.484771,31,32765
4.12575,1.25601,0.486038,32,32765
4.092,1.23115,0.479394,31,32765
4.17233,1.24062,0.486718,32,32765
4.15751,1.2215,0.482356,32,32765
4.15204,1.20529,0.479899,32,32765
4.16575,1.1945,0.47883,32,32765
4.19856,1.18887,0.480369,32,32765
4.20268,1.175,0.478515,32,32765
4.21636,1.1636,0.47788,26,32765
4.11484,1.12088,0.464573,16,32765
4.12831,1.10994,0.463787,16,32765
4.00716,1.06328,0.448367,14,32765
4.17422,1.09318,0.465266,16,32765
4.25492,1.09962,0.472108,31,32765
4.26825,1.08825,0.471835,33,32765
4.25261,1.06963,0.468275,32,32765
4.31413,1.07012,0.473291,32,32765
4.32747,1.05839,0.472476,32,32765
4.32141,1.04171,0.470308,32,32765
4.34431,1.03195,0.471356,31,32765
4.36715,1.02221,0.472433,32,32765
4.36098,1.00537,0.470167,32,32765
4.38381,0.995371,0.471017,33,32765
4.36776,0.976453,0.468153,31,32765
4.38088,0.964094,0.467456,31,32765
4.39384,0.951778,0.46765,31,32765
4.41662,0.941254,0.468132,32,32765
4.46844,0.936974,0.47242,33,32765
4.44238,0.916227,0.468421,32,32765
4.44548,0.90149,0.467559,32,32765
4.45827,0.888792,0.467749,33,32765
4.50034,0.881611,0.471008,34,32765
4.51317,0.868539,0.47042,33,32765
4.4965,0.849899,0.468178,32,32765
4.51893,0.838807,0.469161,33,32765
4.55108,0.829399,0.471459,33,32765
4.54413,0.812475,0.469411,32,32765
4.55663,0.79916,0.47007,33,32765
4.59861,0.790715,0.47291,34,32765
4.61108,0.776915,0.473687,34,32765
4.45666,0.735609,0.45677,25,32765
2.43585,0.393617,0.249247,19,32765
2.41757,0.382284,0.246612,18,32765
2.43853,0.377211,0.24838,18,32765
2.42015,0.366025,0.245967,18,32765
2.38199,0.352184,0.24188,18,32765
2.40291,0.347018,0.243363,19,32765
2.37451,0.334867,0.240159,19,32765
2.37565,0.327057,0.239658,18,32765
2.33732,0.313833,0.235261,18,32765
2.34822,0.30741,0.236132,18,32765
2.32953,0.297026,0.233759,18,32765
2.35027,0.291784,0.235548,18,32765
2.30189,0.278012,0.230018,18,32765
2.29296,0.269196,0.228614,18,32765
2.2543,0.257188,0.224512,17,32765
2.28484,0.252979,0.227212,18,32765
2.25601,0.242264,0.223912,17,32765
2.25683,0.234753,0.223626,18,32765
2.20812,0.222279,0.218392,18,32765
2.22869,0.21688,0.219962,18,32765
2.20965,0.207533,0.217397,18,32765
2.18062,0.197541,0.214194,19,32765
2.16146,0.188558,0.211998,18,32765
2.17202,0.182172,0.212685,18,32765
2.1925,0.176557,0.214186,19,32765
2.17327,0.16767,0.211837,18,32765
2.16392,0.159773,0.210564,18,32765
2.1843,0.154139,0.212307,18,32765
2.15504,0.145011,0.209004,19,32765
2.11579,0.135509,0.204874,18,32765
2.11626,0.128573,0.204444,18,32765
2.15647,0.123942,0.207762,18,32765
2.11713,0.114734,0.203699,18,32765
2.08772,0.106264,0.200358,18,32765
2.06819,0.0985845,0.198138,17,32765
2.08845,0.0926886,0.199508,18,32765
2.08879,0.0858166,0.199024,18,32765
2.02941,0.0766629,0.192952,18,32765
2.01974,0.0695833,0.191582,17,32765
2.01006,0.0626507,0.190112,18,32765
2.00034,0.0558271,0.188791,18,32765
2.02044,0.0497789,0.190389,18,32765
2.0107,0.0430068,0.188826,18,32765
2.01086,0.0364682,0.188432,18,32765
1.96124,0.0292928,0.18325,18,32765
1.99125,0.0233399,0.185425,18,32765
1.99138,0.0170463,0.184725,19,32765
1.96158,0.0105807,0.181663,18,32765
1.95172,0.0040779,0.179967,19,32765
1.95177,-0.00229469,0.179421,18,32765
1.95182,-0.00862482,0.17868,18,32765
1.95185,-0.0146707,0.177969,18,32765
1.93195,-0.0205209,0.17536,19,32765
1.95187,-0.0270097,0.17626,19,32765
4.11379,1.34373,0.44005,29,32765
4.08968,1.3213,0.437148,27,32765
4.09387,1.30814,0.437511,28,32765
4.09807,1.29491,0.437539,27,32765
4.11176,1.28447,0.438698,28,32765
4.13498,1.27691,0.440405,28,32765
4.16757,1.2724,0.443584,29,32765
4.09539,1.23618,0.435458,27,32765
4.10898,1.22583,0.435542,27,32765
4.15117,1.22361,0.439371,28,32765
4.15519,1.20983,0.439579,28,32765
4.1688,1.19901,0.439444,27,32765
4.17272,1.18534,0.439259,28,32765
4.18617,1.17444,0.439962,27,32765
4.19965,1.16342,0.44019,27,32765
4.13625,1.13138,0.433072,18,32765
4.04396,1.09198,0.421997,12,32765
4.16298,1.10926,0.433633,15,32765
4.186,1.10038,0.434858,13,32765
4.2282,1.09638,0.43859,21,32765
4.27048,1.09211,0.441811,28,32765
4.31261,1.08808,0.445425,29,32765
4.29692,1.06925,0.44239,29,32765
4.34872,1.06723,0.446829,28,32765
4.31358,1.04372,0.441924,29,32765
4.32677,1.0317,0.442182,28,32765
4.35929,1.02415,0.444689,29,32765
4.34338,1.00508,0.441904,29,32765
4.36619,0.995059,0.442985,28,32765
4.38893,0.984943,0.444478,30,32765
4.40203,0.972485,0.444152,29,32765
4.38581,0.953825,0.441566,30,32765
4.37932,0.937158,0.439629,28,32765
4.40192,0.926816,0.441032,30,32765
4.3953,0.910284,0.439114,28,32765
4.49592,0.915403,0.448146,30,32765
4.45023,0.890581,0.442628,28,32765
4.52171,0.888853,0.448259,30,32765
4.48569,0.866145,0.443275,28,32765
4.4886,0.851289,0.442543,28,32765
4.49146,0.836348,0.442068,27,32765
4.50408,0.82354,0.441678,28,32765
4.5167,0.810345,0.441422,28,32765
4.56847,0.804092,0.445109,30,32765
4.57118,0.788955,0.444324,29,32765
4.50518,0.762008,0.436833,23,32765
2.4552,0.406906,0.237579,17,32765
2.45659,0.398706,0.237062,17,32765
2.48743,0.395165,0.239645,18,32765
2.43961,0.379169,0.234341,18,32765
2.38184,0.362013,0.228391,17,32765
2.42245,0.359867,0.23197,17,32765
2.37445,0.344639,0.226544,16,32765
2.38547,0.338273,0.226988,17,32765
2.40634,0.333056,0.228524,17,32765
2.368,0.3197,0.224449,17,32765
2.37897,0.313065,0.224942,17,32765
2.38007,0.305058,0.224293,17,32765
2.40084,0.299694,0.225967,18,32765
2.34252,0.284648,0.22015,17,32765
2.31382,0.273486,0.216916,18,32765
2.29496,0.263667,0.214591,17,32765
2.30574,0.257158,0.215198,17,32765
2.28682,0.247396,0.212995,17,32765
2.25793,0.236691,0.210048,18,32765
2.26865,0.230195,0.210547,19,32765
2.21985,0.217825,0.205937,18,32765
2.26024,0.214199,0.209408,18,32765
2.24111,0.204997,0.207376,18,32765
2.26166,0.199323,0.208726,18,32765
2.23255,0.18936,0.205792,18,32765
2.22325,0.181317,0.204673,17,32765
2.21393,0.173182,0.203494,17,32765
2.18469,0.163752,0.200768,17,32765
2.16537,0.155161,0.198747,17,32765
2.17583,0.148681,0.199414,17,32765
2.14649,0.139643,0.19671,17,32765
2.15688,0.133216,0.197545,18,32765
2.17719,0.127365,0.199319,17,32765
2.15771,0.119116,0.197467,17,32765
2.14815,0.111484,0.196563,17,32765
2.1485,0.10448,0.196526,17,32765
2.09908,0.0951596,0.192067,17,32765
2.08944,0.0878978,0.191033,17,32765
2.08972,0.081064,0.191068,17,32765
2.10986,0.0750066,0.193009,17,32765
2.11008,0.0681946,0.193205,17,32765
2.03064,0.0589831,0.186119,17,32765
2.06069,0.0530791,0.188801,17,32765
2.07078,0.0465367,0.189974,17,32765
2.03107,0.0389655,0.1866,17,32765
2.03117,0.03236,0.186847,17,32765
2.04122,0.0258638,0.187794,17,32765
2.06116,0.0194343,0.190141,18,32765
1.99149,0.0123494,0.183842,17,32765
2.03131,0.00598777,0.187955,18,32765
2.03126,-0.000520997,0.188581,17,32765
2.02127,-0.00710987,0.187903,18,32765
2.02119,-0.0135796,0.18848,17,32765
1.98126,-0.019671,0.185298,18,32765
2.0508,-0.0269982,0.192634,18,32765
4.0506,1.32541,0.392841,31,32765
4.06432,1.3154,0.39389,30,32765
4.13489,1.32355,0.400683,33,32765
4.10117,1.29813,0.397033,32,32765
4.12439,1.29064,0.399016,31,32765
4.14765,1.28303,0.400533,32,32765
4.1422,1.26683,0.399754,32,32765
4.12714,1.2479,0.397891,31,32765
4.11216,1.22887,0.395123,31,32765
4.14484,1.22382,0.397658,32,32765
4.18711,1.22119,0.401532,32,32765
4.19119,1.20749,0.400378,32,32765
4.18557,1.19099,0.399277,32,32765
4.21822,1.18542,0.40171,32,32765
4.21256,1.16895,0.400015,32,32765
4.20675,1.15259,0.399018,28,32765
4.13368,1.11806,0.39068,19,32765
4.1278,1.10171,0.389381,14,32765
4.13154,1.08786,0.388612,15,32765
4.02915,1.04649,0.378392,13,32765
4.22565,1.08243,0.395729,27,32765
4.27744,1.08098,0.399872,32,32765
4.31003,1.07426,0.401534,33,32765
4.3232,1.06269,0.401905,33,32765
4.32673,1.0486,0.400968,33,32765
4.34963,1.03883,0.402024,32,32765
4.31433,1.01522,0.397986,31,32765
4.33719,1.00526,0.398966,32,32765
4.3503,0.993023,0.398969,30,32765
4.42164,0.993864,0.404722,31,32765
4.39588,0.972665,0.400745,32,32765
4.40884,0.960348,0.401002,32,32765
4.44132,0.951921,0.402685,33,32765
4.44449,0.937245,0.402128,33,32765
4.41838,0.916494,0.398535,31,32765
4.48006,0.913593,0.40311,33,32765
4.51246,0.904433,0.405077,34,32765
4.49608,0.885176,0.402165,33,32765
4.52847,0.875747,0.403666,34,32765
4.55099,0.864439,0.404666,34,32765
4.55389,0.849261,0.404184,34,32765
4.54695,0.832637,0.401948,33,32765
4.60864,0.828084,0.405904,34,32765
4.61144,0.812872,0.404792,34,32765
4.60436,0.795866,0.403139,34,32765
2.40669,0.407671,0.210158,17,32765
2.37857,0.394787,0.207248,20,32765
2.39959,0.390025,0.208455,20,32765
2.38123,0.378842,0.206496,20,32765
2.30377,0.358574,0.199133,19,32765
2.33454,0.355331,0.20141,19,32765
2.32588,0.346011,0.200372,19,32765
2.33695,0.339675,0.200521,20,32765
2.30849,0.327815,0.197502,18,32765
2.29973,0.318742,0.196333,19,32765
2.29093,0.30972,0.195173,18,32765
2.2426,0.295521,0.190549,19,32765
2.25352,0.289227,0.190774,19,32765
2.21492,0.276855,0.187254,19,32765
2.20594,0.268405,0.186193,19,32765
2.18705,0.258839,0.184101,20,32765
2.22753,0.256249,0.186975,20,32765
2.19868,0.245528,0.184179,19,32765
2.20942,0.239321,0.184665,20,32765
2.19039,0.229893,0.182833,19,32765
2.17135,0.220588,0.180774,19,32765
2.16215,0.212414,0.179936,19,32765
2.17279,0.20615,0.180562,20,32765
2.18339,0.199943,0.181197,20,32765
2.14437,0.189195,0.177443,19,32765
2.13507,0.181285,0.176441,19,32765
2.17539,0.177599,0.179524,19,32765
2.10644,0.164939,0.173533,19,32765
2.1169,0.158824,0.174363,19,32765
2.13731,0.153291,0.175806,20,32765
2.07817,0.142131,0.170666,19,32765
2.08856,0.135986,0.17151,20,32765
2.06911,0.127892,0.169804,19,32765
2.08942,0.122316,0.171392,20,32765
2.05,0.113242,0.168097,19,32765
2.04041,0.105951,0.167287,19,32765
2.05071,0.0997703,0.168067,19,32765
2.01119,0.0912071,0.16489,19,32765
2.00153,0.084219,0.163955,20,32765
1.99183,0.077274,0.163173,19,32765
1.97214,0.0701054,0.161655,18,32765
1.99227,0.0643695,0.163473,19,32765
2.00241,0.0581329,0.164492,19,32765
2.0026,0.05154,0.164438,18,32765
1.95292,0.0438337,0.160594,19,32765
1.96299,0.0375924,0.161683,19,32765
1.94316,0.0308794,0.160278,18,32765
1.93328,0.0244061,0.159486,18,32765
1.94327,0.01822,0.160793,18,32765
1.96324,0.0120582,0.162571,18,32765
1.94331,0.00560128,0.161339,17,32765
1.94326,-0.000637741,0.161938,18,32765
1.9233,-0.00691516,0.160511,18,32765
1.90329,-0.0129478,0.159391,19,32765
1.92313,-0.0192678,0.161577,18,32765
1.90306,-0.0252377,0.160662,19,32765
4.06017,1.32359,0.408914,27,32765
4.08371,1.31644,0.407947,27,32765
4.06928,1.29725,0.402793,27,32765
4.1021,1.29322,0.403409,28,32765
4.13496,1.28896,0.403939,28,32765
4.12986,1.27251,0.400732,28,32765
4.11517,1.25324,0.396466,27,32765
4.12898,1.24276,0.394972,28,32765
4.16178,1.23795,0.395793,28,32765
4.15638,1.22167,0.3931,28,32765
4.1606,1.20793,0.390962,28,32765
4.17426,1.19705,0.390122,28,32765
4.19748,1.18886,0.390123,28,32765
4.25903,1.19134,0.393694,29,32765
4.27259,1.18024,0.393036,30,32765
4.17095,1.13739,0.38091,23,32765
4.16512,1.12121,0.378902,13,32765
4.2267,1.12287,0.382401,16,32765
4.14379,1.08614,0.373217,13,32765
4.08,1.05503,0.36528,13,32765
4.31529,1.10058,0.384588,27,32765
4.32862,1.08896,0.384158,29,32765
4.35162,1.07972,0.384229,29,32765
4.27782,1.04656,0.375949,28,32765
4.32974,1.04434,0.378999,29,32765
4.32363,1.02768,0.376374,27,32765
4.37554,1.02493,0.3798,29,32765
4.35958,1.00599,0.37699,28,32765
4.38247,0.995957,0.377022,30,32765
4.37607,0.979334,0.375436,30,32765
4.40865,0.971175,0.376189,30,32765
4.44116,0.96291,0.377539,29,32765
4.45418,0.950257,0.37707,29,32765
4.45739,0.935324,0.376523,28,32765
4.49962,0.928643,0.378381,29,32765
4.44417,0.90161,0.372741,29,32765
4.46678,0.890776,0.37322,28,32765
4.48934,0.879874,0.373874,28,32765
4.53147,0.872431,0.376285,30,32765
4.55397,0.861142,0.377194,30,32765
4.52752,0.840431,0.373668,29,32765
4.57934,0.834476,0.377104,29,32765
4.61156,0.824465,0.379146,31,32765
4.57513,0.802251,0.374424,30,32765
4.5287,0.778677,0.369661,21,32765
2.46717,0.415711,0.200853,19,32765
2.39974,0.396238,0.194496,18,32765
2.46012,0.397808,0.198841,19,32765
2.39252,0.378742,0.193113,19,32765
2.35438,0.364699,0.189666,18,32765
2.33594,0.353713,0.187565,18,32765
2.36674,0.350141,0.189627,18,32765
2.36794,0.342149,0.189226,18,32765
2.30985,0.325771,0.184526,17,32765
2.3307,0.320831,0.185694,18,32765
2.31205,0.31039,0.183592,18,32765
2.32295,0.304043,0.184272,19,32765
2.31407,0.295156,0.183175,19,32765
2.32495,0.288748,0.183688,19,32765
2.29625,0.277467,0.180738,18,32765
2.26747,0.266311,0.178207,18,32765
2.24856,0.256498,0.176343,18,32765
2.26923,0.2513,0.177635,18,32765
2.2205,0.238426,0.173576,19,32765
2.23122,0.232111,0.174078,19,32765
2.22209,0.223673,0.172875,18,32765
2.18318,0.212355,0.169244,18,32765
2.18389,0.20503,0.169027,18,32765
2.1846,0.197669,0.168613,18,32765
2.20513,0.19219,0.169845,18,32765
2.14617,0.179902,0.164929,17,32765
2.15673,0.173667,0.165132,17,32765
2.14735,0.165908,0.164231,18,32765
2.1479,0.158866,0.163934,18,32765
2.11859,0.149758,0.161336,18,32765
2.13903,0.144073,0.162145,18,32765
2.09972,0.134449,0.158762,18,32765
2.09022,0.126915,0.157679,19,32765
2.10061,0.12052,0.158126,19,32765
2.09107,0.113118,0.15689,18,32765
2.07154,0.10526,0.155017,18,32765
2.09183,0.0994298,0.156106,18,32765
2.04235,0.0904335,0.152082,18,32765
2.05262,0.0842549,0.152427,18,32765
2.04295,0.0772297,0.151243,19,32765
2.03326,0.0701651,0.150163,18,32765
2.04349,0.0637712,0.150206,19,32765
2.02378,0.0564997,0.148355,19,32765
2.01403,0.0496391,0.147014,19,32765
2.0142,0.0431461,0.146737,19,32765
2.0044,0.0364613,0.145474,19,32765
1.96465,0.0294063,0.142095,18,32765
1.97475,0.023172,0.142155,18,32765
1.97484,0.0168008,0.141878,19,32765
1.99487,0.0105656,0.142717,19,32765
1.98498,0.00413157,0.141259,19,32765
1.98501,-0.0022352,0.140756,19,32765
1.93518,-0.00834397,0.136458,18,32765
1.95514,-0.0146884,0.137209,18,32765
1.94516,-0.0209293,0.135628,19,32765
1.92519,-0.0269123,0.133486,19,32765
4.08189,1.33306,0.370392,32,32765
4.09597,1.32277,0.368368,32,32765
4.10051,1.30955,0.36508,32,32765
4.11438,1.29942,0.363717,32,32765
4.0997,1.28027,0.359783,32,32765
4.13264,1.27565,0.360006,32,32765
4.14653,1.26505,0.358396,32,32765
4.16037,1.25445,0.356788,32,32765
4.17412,1.24384,0.355684,34,32765
4.1974,1.23593,0.355507,34,32765
4.18251,1.21646,0.351737,33,32765
4.1483,1.19172,0.346789,32,32765
4.20986,1.19448,0.349798,33,32765
4.21387,1.1808,0.348042,31,32765
4.20818,1.16451,0.345727,31,32765
4.24104,1.15855,0.345643,31,32765
4.20639,1.13432,0.341365,25,32765
4.06572,1.08201,0.327962,15,32765
4.18511,1.0989,0.335929,15,32765
4.15991,1.07758,0.331707,15,32765
4.17324,1.06622,0.331105,20,32765
4.29282,1.08184,0.339021,32,32765
4.32547,1.07511,0.339676,33,32765
4.33876,1.06332,0.338966,33,32765
4.36168,1.05388,0.339265,33,32765
4.36529,1.03938,0.33747,33,32765
4.35902,1.02283,0.335928,31,32765
4.39162,1.01513,0.337038,32,32765
4.3562,0.991693,0.332417,31,32765
4.39843,0.986029,0.334629,32,32765
4.38235,0.967037,0.331408,32,32765
4.41486,0.958845,0.332481,32,32765
4.40836,0.942087,0.330463,32,32765
4.4701,0.939586,0.334301,33,32765
4.4733,0.924776,0.33287,32,32765
4.50576,0.915649,0.334324,34,32765
4.48931,0.896775,0.331708,32,32765
4.52168,0.8877,0.332887,34,32765
4.53448,0.874471,0.33276,33,32765
4.5374,0.859438,0.332045,33,32765
4.54034,0.844209,0.330949,34,32765
4.57258,0.834621,0.332485,34,32765
4.55573,0.815824,0.330681,33,32765
4.61748,0.811004,0.333447,34,32765
2.38874,0.411397,0.172006,19,32765
2.39997,0.405044,0.172309,20,32765
2.3915,0.395516,0.170848,20,32765
2.36329,0.382766,0.168318,20,32765
2.34486,0.371791,0.166758,20,32765
2.3461,0.363996,0.166491,20,32765
2.34736,0.356006,0.165974,20,32765
2.31898,0.343617,0.163576,18,32765
2.30041,0.332912,0.161793,19,32765
2.32128,0.327892,0.163212,19,32765
2.29274,0.316092,0.160726,20,32765
2.24439,0.301769,0.156749,20,32765
2.24538,0.294338,0.156648,20,32765
2.24636,0.286951,0.156343,19,32765
2.26711,0.281986,0.157458,20,32765
2.21855,0.268478,0.153435,20,32765
2.20954,0.259889,0.152561,20,32765
2.19059,0.25025,0.150892,20,32765
2.17159,0.240835,0.149276,20,32765
2.23191,0.239993,0.153184,20,32765
2.19302,0.228459,0.150193,20,32765
2.20373,0.222133,0.150446,19,32765
2.16478,0.210855,0.147196,20,32765
2.15556,0.202643,0.146307,20,32765
2.12645,0.192663,0.143881,19,32765
2.15691,0.188233,0.145603,21,32765
2.10783,0.176915,0.141929,20,32765
2.12833,0.171596,0.142714,20,32765
2.08909,0.161605,0.139911,19,32765
2.06973,0.153266,0.138291,19,32765
2.07024,0.146509,0.137978,20,32765
2.04089,0.137617,0.135314,19,32765
2.06128,0.13213,0.136275,18,32765
2.03185,0.123499,0.133978,19,32765
2.04223,0.117286,0.134339,20,32765
2.04263,0.1106,0.133863,19,32765
2.02308,0.102886,0.132188,20,32765
2.01346,0.0957802,0.13115,20,32765
2.02375,0.0896731,0.131495,20,32765
2.00411,0.0823138,0.129811,19,32765
1.97448,0.0746784,0.127445,19,32765
1.96477,0.067826,0.126471,19,32765
1.975,0.0616459,0.126443,19,32765
1.95526,0.0545865,0.124793,19,32765
1.96544,0.0484292,0.124835,20,32765
1.96561,0.0420805,0.124564,20,32765
1.94581,0.0353592,0.122778,20,32765
1.92599,0.0287798,0.121045,20,32765
1.93609,0.0226583,0.121024,19,32765
1.93617,0.0163998,0.120752,19,32765
1.92627,0.0101188,0.119556,19,32765
1.90637,0.00387381,0.117603,19,32765
1.92637,-0.00227615,0.118346,19,32765
1.90643,-0.00833737,0.116369,19,32765
1.91642,-0.0145272,0.116335,19,32765
1.90643,-0.0206531,0.114867,19,32765
1.88644,-0.0265212,0.112928,20,32765
4.04777,1.32493,0.304982,27,32765
4.12783,1.33663,0.311291,30,32765
4.05608,1.29912,0.305629,28,32765
4.11726,1.30415,0.310322,29,32765
4.15005,1.29966,0.312319,28,32765
4.16386,1.2889,0.31293,29,32765
4.16811,1.27526,0.312252,29,32765
4.13394,1.25045,0.309468,27,32765
4.14754,1.23997,0.309792,28,32765
4.15151,1.22662,0.309719,27,32765
4.19391,1.22408,0.311736,29,32765
4.19799,1.21016,0.311157,30,32765
4.1828,1.19091,0.309047,29,32765
4.23466,1.19083,0.312511,30,32765
4.24818,1.17957,0.313048,30,32765
4.25209,1.16551,0.312588,31,32765
4.23675,1.14618,0.310208,28,32765
4.26949,1.13985,0.311658,14,32765
4.22502,1.11315,0.307477,15,32765
4.0645,1.05673,0.295408,13,32765
4.18399,1.07309,0.302635,16,32765
4.30357,1.08879,0.310342,27,32765
4.33617,1.08203,0.311773,29,32765
4.33005,1.06545,0.310426,30,32765
4.35298,1.05588,0.31116,29,32765
4.36625,1.0436,0.31112,29,32765
4.3504,1.02431,0.308565,29,32765
4.37329,1.01426,0.309233,30,32765
4.35726,0.995107,0.307325,28,32765
4.39955,0.989366,0.309065,29,32765
4.44188,0.983189,0.310926,29,32765
4.3867,0.955609,0.306085,27,32765
4.3997,0.942999,0.305735,28,32765
4.44195,0.9365,0.307469,28,32765
4.4646,0.925793,0.308461,28,32765
4.42866,0.90282,0.304641,27,32765
4.47085,0.895812,0.30641,28,32765
4.54241,0.894422,0.310055,29,32765
4.52582,0.87559,0.307802,29,32765
4.52871,0.860717,0.307168,29,32765
4.60033,0.858269,0.310515,31,32765
4.55416,0.83397,0.306082,29,32765
4.57665,0.822135,0.306531,29,32765
4.52045,0.796489,0.301928,26,32765
2.48773,0.429763,0.165465,17,32765
2.43999,0.41306,0.161897,18,32765
2.42171,0.401628,0.159992,18,32765
2.37382,0.385562,0.156296,18,32765
2.38499,0.379126,0.156518,18,32765
2.36653,0.368183,0.154821,18,32765
2.36777,0.360275,0.154464,18,32765
2.35911,0.35102,0.153252,18,32765
2.34055,0.340257,0.151495,18,32765
2.33184,0.331012,0.150243,19,32765
2.33296,0.323139,0.149881,19,32765
2.30441,0.311242,0.147372,18,32765
2.31535,0.304892,0.147664,18,32765
2.31637,0.297234,0.147219,18,32765
2.29755,0.287218,0.145474,18,32765
2.26877,0.276043,0.143536,17,32765
2.24989,0.266053,0.141739,18,32765
2.25079,0.258536,0.141393,19,32765
2.27152,0.253226,0.142094,19,32765
2.25251,0.24359,0.140632,18,32765
2.20366,0.231013,0.137484,19,32765
2.19452,0.222692,0.136279,18,32765
2.21512,0.217442,0.137386,19,32765
2.2059,0.209193,0.136508,18,32765
2.18671,0.200095,0.135112,18,32765
2.16748,0.191201,0.133659,18,32765
2.13828,0.181439,0.13164,18,32765
2.15877,0.175996,0.132817,18,32765
2.15935,0.168871,0.132704,18,32765
2.13006,0.159419,0.130451,18,32765
2.13056,0.152525,0.130566,18,32765
2.14104,0.146132,0.130769,19,32765
2.11161,0.137183,0.129104,19,32765
2.13199,0.131516,0.130087,19,32765
2.09255,0.122191,0.127671,18,32765
2.07301,0.114235,0.126414,18,32765
2.08334,0.107946,0.126996,18,32765
2.06374,0.100198,0.125824,18,32765
2.07403,0.0939489,0.126357,19,32765
2.05438,0.0863402,0.125098,19,32765
2.04467,0.0793182,0.124703,19,32765
2.04492,0.0724786,0.124662,19,32765
2.04516,0.0656749,0.124497,18,32765
2.03536,0.0586904,0.124393,19,32765
2.02556,0.0518114,0.123724,19,32765
2.0257,0.0452613,0.124036,18,32765
1.99589,0.038076,0.122365,18,32765
1.98601,0.0313658,0.122009,18,32765
1.99607,0.0249636,0.122781,19,32765
1.97616,0.0183069,0.121871,19,32765
1.97619,0.0120113,0.122125,19,32765
1.95624,0.00564782,0.121273,18,32765
1.96622,-0.000724075,0.121967,19,32765
1.93622,-0.00701678,0.12088,18,32765
1.9661,-0.0135241,0.123203,18,32765
1.93606,-0.0196022,0.12208,18,32765
1.93595,-0.0259018,0.122625,19,32765
4.11593,1.34992,0.26921,33,32765
4.09169,1.32755,0.267938,32,32765
4.11491,1.32057,0.269242,32,32765
4.11912,1.3073,0.26964,32,32765
4.10434,1.28786,0.268241,31,32765
4.12765,1.28019,0.26938,32,32765
4.12232,1.26372,0.268085,32,32765
4.13588,1.25347,0.268778,32,32765
4.13993,1.24009,0.268387,32,32765
4.17262,1.23524,0.270172,32,32765
4.18632,1.22422,0.269953,32,32765
4.21917,1.21861,0.271223,34,32765
4.2424,1.2102,0.271756,33,32765
4.2271,1.19099,0.270444,31,32765
4.23102,1.17705,0.270271,33,32765
4.23493,1.16302,0.269811,32,32765
4.26773,1.15677,0.270677,34,32765
4.18481,1.11937,0.264525,25,32765
4.19816,1.10817,0.264474,16,32765
4.06652,1.05926,0.255825,17,32765
4.13774,1.06323,0.258898,14,32765
4.24767,1.07667,0.264878,26,32765
4.32867,1.08219,0.269045,32,32765
4.33224,1.06798,0.268391,33,32765
4.36488,1.06075,0.269535,32,32765
4.35876,1.04375,0.268202,32,32765
4.37204,1.03132,0.26762,33,32765
4.37552,1.01666,0.266909,32,32765
4.39841,1.00637,0.267555,31,32765
4.41154,0.993896,0.267139,33,32765
4.46365,0.989829,0.269208,32,32765
4.40846,0.962116,0.264927,32,32765
4.46053,0.957791,0.266812,33,32765
4.47355,0.944887,0.26641,32,32765
4.45714,0.925932,0.264886,33,32765
4.47986,0.91492,0.264913,32,32765
4.50254,0.903799,0.265142,33,32765
4.4762,0.882983,0.262378,32,32765
4.55757,0.883327,0.266047,35,32765
4.53107,0.862717,0.263695,33,32765
4.57329,0.854756,0.264677,34,32765
4.586,0.841304,0.264114,35,32765
4.53973,0.816959,0.260422,31,32765
2.43838,0.4304,0.139439,19,32765
2.44968,0.423941,0.139415,20,32765
2.42158,0.410668,0.137439,20,32765
2.39343,0.397638,0.135169,20,32765
2.38492,0.388045,0.134167,21,32765
2.35665,0.375278,0.132081,19,32765
2.33817,0.364405,0.130577,19,32765
2.29992,0.350558,0.128026,19,32765
2.35047,0.350339,0.130206,19,32765
2.30225,0.335266,0.127004,20,32765
2.3034,0.327536,0.126398,20,32765
2.28473,0.316999,0.124958,19,32765
2.24624,0.303901,0.122205,20,32765
2.26706,0.299038,0.122949,21,32765
2.21854,0.285159,0.119838,20,32765
2.2393,0.280405,0.120433,20,32765
2.2303,0.271814,0.119844,21,32765
2.23124,0.264283,0.119305,20,32765
2.23213,0.256813,0.118962,20,32765
2.19331,0.244906,0.11632,20,32765
2.19411,0.23766,0.116105,20,32765
2.17502,0.228376,0.115004,20,32765
2.15593,0.219123,0.113378,20,32765
2.1964,0.215944,0.115342,20,32765
2.1474,0.203963,0.112478,19,32765
2.14808,0.196862,0.112314,19,32765
2.14872,0.189835,0.112091,20,32765
2.12945,0.180961,0.110874,20,32765
2.13004,0.173911,0.110827,20,32765
2.10074,0.164527,0.109163,19,32765
2.12122,0.158984,0.109782,19,32765
2.06195,0.14782,0.1068,19,32765
2.09234,0.143005,0.10795,19,32765
2.04296,0.132901,0.105534,18,32765
2.05337,0.126831,0.105822,19,32765
2.07371,0.121243,0.106865,19,32765
2.01427,0.111133,0.103743,19,32765
2.0246,0.105024,0.104231,19,32765
2.01495,0.097937,0.103759,19,32765
2.01527,0.0913816,0.103687,20,32765
1.9956,0.0839501,0.102617,19,32765
1.98587,0.0771042,0.10231,20,32765
1.97614,0.0700937,0.101756,19,32765
1.97637,0.0635055,0.101597,20,32765
1.98653,0.0573085,0.102601,20,32765
1.95676,0.0500643,0.100997,20,32765
1.94691,0.0435005,0.100782,20,32765
1.94703,0.0371306,0.10094,20,32765
1.94713,0.0307253,0.10119,20,32765
1.93723,0.0241883,0.100826,20,32765
1.93728,0.0178943,0.101138,20,32765
1.92733,0.0116496,0.100865,20,32765
1.89738,0.00540156,0.0996661,20,32765
1.91735,-0.000795895,0.100789,20,32765
1.90731,-0.00701454,0.101023,20,32765
1.8773,-0.0130268,0.0998696,20,32765
1.87721,-0.0191328,0.1006,20,32765
1.86712,-0.0251195,0.100591,20,32765
4.05938,1.32698,0.280928,27,32765
4.09231,1.32317,0.27991,28,32765
4.0873,1.30671,0.276542,27,32765
4.12985,1.30525,0.276202,29,32765
4.11506,1.28614,0.27295,28,32765
4.11933,1.27296,0.270306,28,32765
4.14267,1.26547,0.269192,28,32765
4.17551,1.26078,0.269129,29,32765
4.16065,1.24134,0.26573,28,32765
4.18391,1.2335,0.265131,28,32765
4.18807,1.21968,0.263272,28,32765
4.21138,1.21141,0.262363,28,32765
4.24422,1.20582,0.262637,29,32765
4.20986,1.18096,0.258385,28,32765
4.2331,1.17243,0.257389,29,32765
4.24668,1.16109,0.25632,29,32765
4.27946,1.15501,0.256457,29,32765
4.22542,1.12558,0.251545,18,32765
4.18091,1.09904,0.246909,14,32765
4.16526,1.08025,0.244445,13,32765
4.06252,1.03922,0.236561,13,32765
4.32738,1.09185,0.250099,27,32765
4.34065,1.0803,0.249313,30,32765
4.35395,1.06846,0.248272,30,32765
4.3187,1.04482,0.244388,28,32765
4.33196,1.03267,0.243541,29,32765
4.39378,1.03192,0.24551,30,32765
4.41671,1.0218,0.245372,30,32765
4.40068,1.00273,0.242776,29,32765
4.38452,0.983903,0.240584,28,32765
4.41708,0.975815,0.240941,28,32765
4.40085,0.956892,0.238666,28,32765
4.46264,0.954811,0.240957,29,32765
4.43658,0.933577,0.23838,29,32765
4.47883,0.926932,0.239281,29,32765
4.56025,0.927917,0.24227,31,32765
4.51443,0.902868,0.238395,29,32765
4.55667,0.895507,0.239371,30,32765
4.55972,0.88014,0.238428,30,32765
4.53328,0.859124,0.23602,29,32765
4.54599,0.845784,0.235699,29,32765
4.54877,0.83088,0.234993,28,32765
4.49257,0.805322,0.230659,18,32765
2.4591,0.432423,0.125834,19,32765
2.47041,0.425864,0.12568,18,32765
2.462,0.415892,0.124797,18,32765
2.42397,0.401134,0.122782,18,32765
2.41548,0.3914,0.121454,18,32765
2.3576,0.373988,0.118068,18,32765
2.41806,0.375371,0.120687,18,32765
2.37982,0.361252,0.118517,18,32765
2.39091,0.35479,0.118652,18,32765
2.33281,0.338067,0.115376,18,32765
2.2845,0.323253,0.112472,19,32765
2.32517,0.321037,0.114085,19,32765
2.30646,0.310577,0.11262,19,32765
2.3174,0.304212,0.112737,18,32765
2.29861,0.293898,0.111444,18,32765
2.26984,0.282552,0.109861,19,32765
2.29063,0.277452,0.110204,19,32765
2.27171,0.267533,0.108931,19,32765
2.25275,0.257708,0.107756,19,32765
2.25358,0.250312,0.107731,19,32765
2.24451,0.241665,0.106639,19,32765
2.24532,0.234303,0.105974,19,32765
2.21628,0.22385,0.104463,18,32765
2.20707,0.215548,0.103833,19,32765
2.19785,0.207277,0.102986,19,32765
2.16872,0.1971,0.101101,18,32765
2.16938,0.189876,0.100704,19,32765
2.16007,0.181651,0.0999339,18,32765
2.14076,0.172884,0.098701,17,32765
2.08157,0.161229,0.0957395,17,32765
2.13193,0.158085,0.0974863,18,32765
2.11252,0.149692,0.0962467,19,32765
2.10305,0.142001,0.0955094,19,32765
2.09356,0.134382,0.0946386,19,32765
2.10397,0.128131,0.0947694,18,32765
2.08445,0.120035,0.0935315,19,32765
2.0649,0.112192,0.0922861,18,32765
2.09521,0.106869,0.0931142,19,32765
2.02572,0.0966006,0.0896575,19,32765
2.05598,0.0913445,0.0904972,19,32765
2.04631,0.0841605,0.0896529,19,32765
2.03661,0.0771478,0.0888144,19,32765
2.03687,0.0704919,0.0883253,19,32765
2.02712,0.0636211,0.0874621,19,32765
2.01734,0.0567353,0.0866398,18,32765
1.99757,0.0494685,0.0851422,18,32765
2.01772,0.043294,0.0855065,19,32765
1.98791,0.0361586,0.0837571,19,32765
1.98804,0.029806,0.0832129,19,32765
1.96816,0.0233091,0.0818529,18,32765
1.97824,0.0170124,0.0817634,18,32765
1.95832,0.0104315,0.0803468,19,32765
1.98835,0.00403172,0.0809665,19,32765
1.97839,-0.00225152,0.079905,18,32765
1.91845,-0.00818296,0.0768168,17,32765
1.9684,-0.0147531,0.0780147,19,32765
1.93839,-0.0210174,0.0761356,18,32765
1.92836,-0.0271666,0.0746785,19,32765
4.0799,1.33639,0.241834,31,32765
4.09385,1.32635,0.239405,32,32765
4.10785,1.31594,0.237227,32,32765
4.12186,1.30536,0.234867,32,32765
4.14518,1.29818,0.233956,32,32765
4.13039,1.27896,0.230228,31,32765
4.1442,1.2685,0.228391,32,32765
4.17705,1.26379,0.228044,33,32765
4.17174,1.24716,0.225347,32,32765
4.18544,1.23644,0.22404,32,32765
4.18002,1.21979,0.22167,32,32765
4.20332,1.21153,0.220576,32,32765
4.22656,1.20321,0.220068,32,32765
4.22102,1.18647,0.217687,33,32765
4.22502,1.17254,0.215513,32,32765
4.23859,1.16121,0.214352,32,32765
4.27138,1.15514,0.214208,33,32765
4.26556,1.13855,0.212262,30,32765
4.21141,1.10928,0.207602,17,32765
4.0701,1.05768,0.199164,14,32765
4.07367,1.04416,0.197514,15,32765
4.21274,1.06505,0.202454,20,32765
4.35192,1.08526,0.20762,33,32765
4.35553,1.07098,0.206021,34,32765
4.33968,1.05198,0.203421,33,32765
4.3724,1.04438,0.203376,33,32765
4.37593,1.02977,0.202071,33,32765
4.38912,1.01743,0.201302,34,32765
4.38281,1.00064,0.199346,33,32765
4.40562,0.990588,0.199107,33,32765
4.40895,0.975936,0.197861,32,32765
4.42199,0.963379,0.197081,32,32765
4.45451,0.954943,0.197502,34,32765
4.45776,0.939873,0.1965,33,32765
4.51961,0.937202,0.197875,34,32765
4.51298,0.920093,0.196266,33,32765
4.5161,0.904963,0.194989,33,32765
4.51914,0.88986,0.193904,33,32765
4.5614,0.882176,0.194642,34,32765
4.57422,0.868564,0.194182,34,32765
4.57714,0.853228,0.193343,34,32765
4.40304,0.805813,0.18519,19,32765
2.47822,0.445094,0.103458,20,32765
2.44034,0.429948,0.101471,20,32765
2.43195,0.420038,0.100413,20,32765
2.41366,0.408506,0.0992259,20,32765
2.43474,0.403684,0.100016,20,32765
2.41639,0.392292,0.0983768,20,32765
2.34862,0.373271,0.095156,19,32765
2.36961,0.368545,0.095617,19,32765
2.29181,0.348549,0.092237,19,32765
2.30286,0.342368,0.0922897,20,32765
2.27436,0.330215,0.0907755,19,32765
2.31505,0.328187,0.0918878,19,32765
2.30626,0.319019,0.091163,20,32765
2.25782,0.304593,0.0887228,19,32765
2.26874,0.298376,0.0887531,20,32765
2.24992,0.288204,0.0876547,21,32765
2.26079,0.281942,0.0878992,20,32765
2.23198,0.270842,0.0861418,20,32765
2.2428,0.26461,0.0862092,20,32765
2.18411,0.250309,0.0837029,20,32765
2.20479,0.245334,0.0844391,20,32765
2.17582,0.234689,0.0826999,20,32765
2.16666,0.226499,0.0816798,20,32765
2.18729,0.221315,0.0823266,20,32765
2.12835,0.208227,0.0799248,19,32765
2.15889,0.20396,0.0806726,20,32765
2.15959,0.196613,0.0801873,20,32765
2.13038,0.186785,0.0786883,20,32765
2.09118,0.176159,0.0769191,20,32765
2.09177,0.169214,0.0766142,21,32765
2.07239,0.160788,0.0756783,20,32765
2.06297,0.153226,0.0747882,20,32765
2.0535,0.14575,0.0741073,19,32765
2.05398,0.138913,0.0738305,20,32765
2.04448,0.131442,0.0730636,19,32765
2.02496,0.123514,0.0720428,20,32765
2.03534,0.117388,0.0720659,20,32765
2.03573,0.110775,0.0717204,20,32765
2.01614,0.102988,0.070527,20,32765
2.0065,0.0958223,0.0698281,20,32765
1.98685,0.0883966,0.0686642,20,32765
1.99713,0.0822485,0.068614,20,32765
1.98741,0.0753812,0.0678794,21,32765
1.96769,0.0681804,0.0667246,20,32765
1.96791,0.0618326,0.0663069,20,32765
1.95813,0.0551261,0.0655903,20,32765
1.96831,0.0487869,0.0652945,20,32765
1.9485,0.041838,0.0641612,20,32765
1.93864,0.0352789,0.0633645,20,32765
1.91878,0.0287713,0.062186,20,32765
1.92887,0.022835,0.0619967,19,32765
1.92895,0.016567,0.0615043,19,32765
1.90902,0.0101348,0.0602911,20,32765
1.90906,0.00382403,0.0597053,19,32765
1.91908,-0.00224355,0.059383,20,32765
1.89909,-0.00817138,0.0581044,19,32765
1.89908,-0.014317,0.0573301,19,32765
1.87905,-0.0204694,0.0560568,19,32765
1.90899,-0.0270029,0.0558974,20,32765
4.10085,1.34641,0.180539,28,32765
4.12412,1.33943,0.182157,28,32765
4.12837,1.32625,0.18234,28,32765
4.12313,1.30983,0.181705,28,32765
4.10834,1.2903,0.180954,27,32765
4.1698,1.29468,0.182913,29,32765
4.14535,1.2723,0.181456,28,32765
4.16856,1.26472,0.182159,28,32765
4.211,1.26244,0.183721,29,32765
4.20553,1.24585,0.182936,29,32765
4.21927,1.2347,0.1825,29,32765
4.21372,1.21808,0.18143,29,32765
4.23693,1.20971,0.181976,30,32765
4.23124,1.19322,0.18123,29,32765
4.24477,1.18207,0.180953,29,32765
4.2487,1.16804,0.17979,29,32765
4.26218,1.15664,0.180093,30,32765
4.27563,1.14519,0.179956,30,32765
4.22147,1.11571,0.176808,19,32765
4.1575,1.08408,0.173185,13,32765
4.34502,1.11739,0.17981,19,32765
4.27127,1.0832,0.176087,14,32765
4.30395,1.0763,0.17652,26,32765
4.35606,1.07393,0.177463,29,32765
4.35959,1.0596,0.176977,29,32765
4.38257,1.04976,0.176667,29,32765
4.38606,1.03522,0.17573,29,32765
4.38949,1.02071,0.175071,29,32765
4.40264,1.00826,0.174844,29,32765
4.38652,0.989162,0.173117,28,32765
4.43868,0.98514,0.173665,29,32765
4.45174,0.972384,0.173316,28,32765
4.45499,0.95755,0.172399,29,32765
4.43863,0.938658,0.17062,30,32765
4.50044,0.936129,0.172334,29,32765
4.484,0.917141,0.170156,29,32765
4.51646,0.908146,0.1703,30,32765
4.53914,0.89678,0.16987,30,32765
4.53236,0.879511,0.168996,29,32765
4.53534,0.864267,0.167673,29,32765
4.55792,0.852499,0.167835,29,32765
4.49197,0.824684,0.164213,21,32765
2.46864,0.444772,0.0899819,18,32765
2.51932,0.445369,0.0910023,18,32765
2.43218,0.42161,0.087383,18,32765
2.4139,0.410051,0.0862576,18,32765
2.42515,0.403513,0.0861752,18,32765
2.42655,0.395261,0.0850909,19,32765
2.418,0.385559,0.0845099,19,32765
2.39952,0.374494,0.0833621,18,32765
2.39091,0.364923,0.0824575,18,32765
2.37238,0.35384,0.0814336,18,32765
2.3736,0.345768,0.0804509,18,32765
2.32528,0.33077,0.07849,18,32765
2.30659,0.320232,0.077396,18,32765
2.27793,0.308588,0.0761441,19,32765
2.29879,0.30358,0.0762389,19,32765
2.27008,0.292,0.0746725,18,32765
2.28097,0.28568,0.0744745,19,32765
2.28191,0.278041,0.0746993,19,32765
2.27292,0.269288,0.0737291,19,32765
2.25396,0.259428,0.0726548,18,32765
2.26475,0.253082,0.072499,19,32765
2.24571,0.243442,0.0714987,19,32765
2.23657,0.234949,0.0709523,19,32765
2.23733,0.227635,0.0709646,19,32765
2.2182,0.218205,0.0699319,19,32765
2.19902,0.208995,0.0689093,18,32765
2.18975,0.200836,0.0683872,19,32765
2.18045,0.192686,0.0678286,18,32765
2.17112,0.184532,0.0675784,19,32765
2.14187,0.174703,0.0661853,18,32765
2.19227,0.171472,0.0675695,19,32765
2.10311,0.157482,0.0649716,19,32765
2.16344,0.15497,0.0665542,19,32765
2.08416,0.142476,0.0639713,18,32765
2.08461,0.135642,0.0639092,18,32765
2.08505,0.128855,0.0638312,19,32765
2.09544,0.122577,0.0640017,19,32765
2.09583,0.11574,0.0640326,19,32765
2.08622,0.108314,0.0636972,18,32765
2.05662,0.0999275,0.0627393,19,32765
2.03696,0.0922839,0.0622214,19,32765
2.03726,0.0854956,0.0620193,18,32765
2.03753,0.0788241,0.0622383,18,32765
2.03777,0.0720739,0.0623984,19,32765
2.00802,0.0644479,0.0615113,19,32765
2.0282,0.0585134,0.062185,19,32765
2.02837,0.0519128,0.0625109,19,32765
2.01854,0.0450488,0.0623145,19,32765
1.99868,0.0380365,0.0618694,18,32765
1.9888,0.0312113,0.0617434,18,32765
1.98888,0.0247424,0.0620509,19,32765
1.97895,0.0181916,0.0619906,19,32765
1.97898,0.0118104,0.0623158,19,32765
1.92903,0.00516945,0.0609483,18,32765
1.95901,-0.00117817,0.0623224,19,32765
1.96897,-0.0075484,0.0631437,19,32765
1.91895,-0.0134942,0.0619888,19,32765
1.8789,-0.0192327,0.0612646,18,32765
1.91878,-0.0259201,0.0633047,18,32765
4.08241,1.34332,0.139264,31,32765
4.10569,1.33638,0.140689,32,32765
4.10994,1.32324,0.140869,31,32765
4.11423,1.30987,0.140653,32,32765
4.12804,1.29933,0.141065,32,32765
4.14183,1.28881,0.140832,33,32765
4.15557,1.27822,0.140953,33,32765
4.18838,1.2735,0.141789,33,32765
4.20214,1.26252,0.142002,33,32765
4.17752,1.24023,0.140664,32,32765
4.21042,1.23477,0.140779,33,32765
4.20487,1.21815,0.139803,33,32765
4.24731,1.21529,0.140797,33,32765
4.26088,1.20417,0.140777,34,32765
4.21668,1.17677,0.138502,33,32765
4.27841,1.17874,0.139227,34,32765
4.28229,1.16458,0.13912,34,32765
4.27647,1.14787,0.13826,33,32765
4.30926,1.14134,0.138469,33,32765
4.13899,1.08155,0.132091,18,32765
4.1136,1.06013,0.130191,15,32765
4.10746,1.04387,0.129383,14,32765
4.20788,1.05451,0.131685,18,32765
4.35696,1.07643,0.13519,32,32765
4.35079,1.0597,0.134402,34,32765
4.36405,1.04753,0.133607,33,32765
4.37726,1.03532,0.132967,34,32765
4.40989,1.02761,0.133191,34,32765
4.42307,1.01508,0.132865,33,32765
4.40697,0.995862,0.13132,34,32765
4.43964,0.987422,0.130815,33,32765
4.46248,0.976772,0.130655,33,32765
4.4462,0.95766,0.129167,33,32765
4.4885,0.95119,0.129267,33,32765
4.48187,0.934212,0.128445,33,32765
4.51438,0.925279,0.127846,33,32765
4.54686,0.916164,0.1277,35,32765
4.54996,0.900788,0.126526,34,32765
4.54319,0.883443,0.125744,34,32765
4.56582,0.871879,0.124954,34,32765
4.53931,0.850775,0.123585,32,32765
2.50703,0.461219,0.0676034,17,32765
2.47904,0.447568,0.0665969,20,32765
2.4313,0.430696,0.0645298,19,32765
2.45244,0.425997,0.0646281,20,32765
2.39475,0.407633,0.0626556,20,32765
2.38627,0.397858,0.0619696,20,32765
2.3975,0.39133,0.0611537,20,32765
2.38894,0.381705,0.0606692,20,32765
2.37044,0.370712,0.0597149,19,32765
2.33216,0.356683,0.0581713,19,32765
2.32349,0.347254,0.0575889,19,32765
2.32468,0.339331,0.0566259,19,32765
2.28623,0.325875,0.0553815,20,32765
2.28732,0.3182,0.0549585,19,32765
2.26855,0.307938,0.0542279,19,32765
2.25968,0.299017,0.0534329,20,32765
2.22103,0.286266,0.0519271,20,32765
2.2319,0.280095,0.0516456,20,32765
2.23282,0.272605,0.0518651,20,32765
2.2238,0.263997,0.0510028,20,32765
2.20482,0.254279,0.050126,20,32765
2.20566,0.246969,0.0496622,20,32765
2.1866,0.237505,0.0488597,21,32765
2.18738,0.230236,0.0486344,20,32765
2.15828,0.220025,0.0479827,20,32765
2.15902,0.212801,0.0475912,20,32765
2.15972,0.205662,0.0472025,20,32765
2.13052,0.195785,0.0463451,20,32765
2.11125,0.186932,0.0456717,20,32765
2.14175,0.182387,0.0463765,20,32765
2.09255,0.171008,0.0448452,20,32765
2.11304,0.165591,0.0451227,20,32765
2.08367,0.156322,0.0446487,19,32765
2.0742,0.148858,0.0441809,19,32765
2.07467,0.142094,0.0440519,19,32765
2.06515,0.134625,0.0437784,19,32765
2.0556,0.127269,0.0434899,19,32765
2.03605,0.11932,0.0429364,19,32765
2.03643,0.112662,0.0429663,20,32765
2.01683,0.104897,0.0425154,20,32765
2.02715,0.0986677,0.0426828,19,32765
1.98751,0.0901979,0.0419307,20,32765
1.98781,0.0835601,0.0417333,19,32765
1.97808,0.0766492,0.0417361,20,32765
1.9983,0.0707896,0.0423146,19,32765
1.98853,0.0639191,0.0421332,20,32765
1.95874,0.0565911,0.0415575,20,32765
1.94892,0.0499464,0.0416586,19,32765
1.94907,0.0435517,0.0417662,19,32765
1.9492,0.037134,0.0419338,20,32765
1.9493,0.0306166,0.0421134,21,32765
1.9194,0.023889,0.0417623,19,32765
1.93945,0.0178258,0.0424438,20,32765
1.9295,0.0114985,0.0425421,20,32765
1.89953,0.00506048,0.0420838,20,32765
1.91952,-0.00119857,0.0429449,20,32765
1.8895,-0.00730075,0.042757,19,32765
1.89946,-0.0134279,0.0434264,19,32765
1.88939,-0.019424,0.0437683,19,32765
1.87931,-0.0254841,0.0442582,19,32765
4.11168,1.34863,0.155626,28,32765
4.13517,1.34139,0.153328,30,32765
4.15865,1.33404,0.151188,29,32765
4.13443,1.31164,0.147222,28,32765
4.1578,1.30432,0.145162,29,32765
4.19068,1.29982,0.144149,30,32765
4.17582,1.28043,0.141137,29,32765
4.18002,1.2669,0.138789,29,32765
4.18436,1.25282,0.135976,29,32765
4.21737,1.24722,0.135131,30,32765
4.20238,1.22753,0.132395,29,32765
4.22559,1.21949,0.13108,28,32765
4.21992,1.20328,0.128452,29,32765
4.19499,1.18146,0.125698,28,32765
4.24704,1.1811,0.125342,30,32765
4.26064,1.16958,0.124066,30,32765
4.27425,1.15794,0.122051,30,32765
4.29739,1.14905,0.12107,29,32765
4.2432,1.11958,0.118053,26,32765
4.18885,1.09058,0.114243,14,32765
4.21183,1.0817,0.113639,13,32765
4.1379,1.04813,0.109896,13,32765
4.30622,1.0758,0.112971,18,32765
4.3486,1.07119,0.112367,29,32765
4.36185,1.05923,0.111327,30,32765
4.37509,1.04712,0.110204,30,32765
4.3494,1.02564,0.108023,29,32765
4.42097,1.02708,0.108253,30,32765
4.38545,1.00327,0.106145,29,32765
4.38882,0.988587,0.104693,30,32765
4.45069,0.986885,0.104957,29,32765
4.45395,0.97218,0.103855,28,32765
4.45716,0.957506,0.102462,28,32765
4.47015,0.944668,0.101417,29,32765
4.4929,0.933615,0.101491,29,32765
4.53523,0.92649,0.101181,30,32765
4.47954,0.899457,0.0979477,28,32765
4.53159,0.894132,0.0982539,29,32765
4.52478,0.877002,0.0968067,29,32765
4.57678,0.871377,0.0970512,31,32765
4.48143,0.837626,0.0937914,18,32765
2.51745,0.46188,0.0522193,18,32765
2.49932,0.449874,0.0510805,19,32765
2.48113,0.438012,0.0504064,18,32765
2.4826,0.429664,0.0499688,19,32765
2.41503,0.409635,0.0483881,18,32765
2.43611,0.404914,0.048016,18,32765
2.37828,0.387035,0.0457438,18,32765
2.42895,0.38687,0.0463192,18,32765
2.38086,0.370947,0.0448193,18,32765
2.39199,0.364403,0.0448141,18,32765
2.35366,0.350408,0.0436663,18,32765
2.36473,0.343886,0.0434605,18,32765
2.36586,0.336056,0.043398,18,32765
2.33726,0.324044,0.0424627,19,32765
2.29872,0.310801,0.0413322,18,32765
2.29975,0.303072,0.0412735,20,32765
2.30078,0.295167,0.0412984,19,32765
2.28191,0.284968,0.0408777,19,32765
2.27294,0.276145,0.0398704,19,32765
2.27385,0.26861,0.0395522,19,32765
2.2648,0.259868,0.039147,19,32765
2.24578,0.250155,0.0384028,19,32765
2.24661,0.242692,0.0381841,19,32765
2.21758,0.232065,0.0374701,19,32765
2.21834,0.224666,0.0371353,19,32765
2.22905,0.218121,0.0368335,19,32765
2.20986,0.208834,0.0361717,19,32765
2.19063,0.199677,0.0355747,19,32765
2.15144,0.188889,0.0347145,19,32765
2.18196,0.184237,0.0347297,18,32765
2.17261,0.176133,0.0340789,19,32765
2.15324,0.16741,0.0336168,18,32765
2.11391,0.157271,0.0325059,19,32765
2.1244,0.15095,0.0322984,18,32765
2.10494,0.142583,0.0314853,19,32765
2.10541,0.135555,0.0311122,19,32765
2.07591,0.126802,0.0303357,18,32765
2.0863,0.120524,0.0302599,18,32765
2.09668,0.11415,0.0299284,19,32765
2.05711,0.105207,0.0289082,18,32765
2.05745,0.0983734,0.0284204,18,32765
2.04778,0.0912459,0.0278808,19,32765
2.01809,0.083414,0.0271785,19,32765
2.06832,0.0788078,0.0272541,19,32765
2.00861,0.0700087,0.0261324,19,32765
2.01883,0.0637132,0.0256658,19,32765
2.00904,0.0567861,0.0252374,19,32765
1.99923,0.0497987,0.0244984,19,32765
2.00939,0.0433862,0.0242226,19,32765
1.95953,0.0358801,0.0231741,18,32765
1.99964,0.0300873,0.0231099,19,32765
1.96974,0.0232599,0.0220358,19,32765
1.97981,0.0169725,0.0217258,19,32765
1.98986,0.0105985,0.0211772,19,32765
1.93989,0.00404984,0.0200172,18,32765
1.9399,-0.00227128,0.0194652,19,32765
1.94989,-0.00858791,0.0189038,19,32765
1.95986,-0.0148934,0.0183753,19,32765
1.93981,-0.020932,0.017327,19,32765
1.92974,-0.0269833,0.0162063,18,32765
4.09299,1.34552,0.11437,32,32765
4.11646,1.33833,0.111896,32,32765
4.13991,1.33102,0.109578,33,32765
4.14424,1.31772,0.10664,32,32765
4.11993,1.29535,0.103189,32,32765
4.15277,1.29097,0.10191,33,32765
4.20476,1.29221,0.100707,34,32765
4.18986,1.27275,0.097894,33,32765
4.22292,1.26722,0.095723,34,32765
4.2368,1.25579,0.0941517,34,32765
4.21224,1.23318,0.0913829,33,32765
4.24507,1.22787,0.0900771,34,32765
4.25863,1.21705,0.0879277,33,32765
4.28185,1.20864,0.0864073,34,32765
4.24731,1.18383,0.0838312,33,32765
4.27055,1.17493,0.0826449,34,32765
4.26486,1.15799,0.0801659,33,32765
4.29765,1.1517,0.0791755,34,32765
4.29179,1.13494,0.0775951,33,32765
4.23748,1.10572,0.0743223,25,32765
4.154,1.06924,0.0716771,14,32765
4.16724,1.05793,0.070178,14,32765
4.1804,1.04671,0.069077,15,32765
4.28093,1.05688,0.0690816,26,32765
4.38156,1.0664,0.0693495,34,32765
4.37537,1.04953,0.0678225,34,32765
4.39834,1.0395,0.0666595,34,32765
4.39205,1.02264,0.0650583,33,32765
4.42473,1.01452,0.0643243,33,32765
4.41837,0.997463,0.062719,31,32765
4.44123,0.986981,0.0618654,32,32765
4.45426,0.974411,0.0608978,32,32765
4.47702,0.963912,0.0597638,33,32765
4.4998,0.953049,0.0587444,33,32765
4.46386,0.929639,0.0578649,32,32765
4.53556,0.928613,0.0575564,34,32765
4.49947,0.905462,0.0551274,33,32765
4.53192,0.896179,0.0547206,34,32765
4.54474,0.882822,0.0535975,34,32765
4.51818,0.862125,0.0524535,31,32765
2.49642,0.467639,0.0283069,17,32765
2.4783,0.455702,0.0276545,19,32765
2.46015,0.443801,0.0267148,20,32765
2.43209,0.430301,0.026127,19,32765
2.44338,0.423809,0.0258013,21,32765
2.41522,0.410569,0.0252958,20,32765
2.41658,0.402551,0.0245341,20,32765
2.3982,0.391136,0.0232181,20,32765
2.36989,0.378293,0.0225663,19,32765
2.35141,0.367163,0.021826,19,32765
2.37241,0.362213,0.0218191,20,32765
2.32418,0.346778,0.020962,19,32765
2.29566,0.334573,0.0203159,19,32765
2.28686,0.325545,0.0201674,19,32765
2.26813,0.315146,0.0196132,20,32765
2.289,0.310163,0.0193749,20,32765
2.28012,0.30114,0.0192322,19,32765
2.25139,0.28946,0.0190052,20,32765
2.23251,0.279403,0.018774,20,32765
2.24336,0.273144,0.0180383,20,32765
2.2244,0.263339,0.0175669,20,32765
2.24514,0.258169,0.0174928,20,32765
2.21617,0.24739,0.0168646,20,32765
2.1971,0.237857,0.0164992,20,32765
2.18794,0.229458,0.0162197,20,32765
2.1887,0.222142,0.015889,21,32765
2.1994,0.215682,0.0154988,21,32765
2.16028,0.204588,0.0148925,20,32765
2.16095,0.197395,0.0146247,20,32765
2.14168,0.188435,0.0142771,20,32765
2.12237,0.179589,0.0136898,20,32765
2.09306,0.170047,0.0130225,19,32765
2.09362,0.163122,0.0128769,19,32765
2.08418,0.15539,0.0123339,19,32765
2.09466,0.149154,0.0120368,19,32765
2.06522,0.14019,0.0113644,19,32765
2.02576,0.130704,0.0107856,19,32765
2.03616,0.124637,0.0105108,19,32765
2.03656,0.117899,0.0102942,19,32765
2.03695,0.111132,0.00983133,20,32765
2.02732,0.103901,0.00933931,19,32765
1.99769,0.0957159,0.00872754,20,32765
1.99799,0.0892132,0.00833553,19,32765
1.99827,0.0827662,0.00804392,20,32765
1.98854,0.0759246,0.00742947,19,32765
1.97878,0.0691109,0.00706525,20,32765
1.96901,0.0622678,0.00644762,20,32765
1.9692,0.0557728,0.00615217,20,32765
1.95938,0.0489041,0.00551959,19,32765
1.95953,0.0423934,0.00513117,20,32765
1.92967,0.0354018,0.00461336,19,32765
1.92978,0.0290908,0.00409496,20,32765
1.92986,0.0228303,0.0033822,19,32765
1.91993,0.0164866,0.00295552,18,32765
1.92997,0.0102935,0.00233239,19,32765
1.92,0.00400874,0.00169889,20,32765
1.9,-0.00223765,0.00114056,19,32765
1.89998,-0.00839453,0.000495747,19,32765
1.88995,-0.0144016,-0.000110023,20,32765
1.87989,-0.0203376,-0.000943548,20,32765
1.86982,-0.0262099,-0.00193783,19,32765
4.09303,1.34928,0.0511508,29,32765
4.0594,1.32347,0.0510443,28,32765
4.13028,1.3318,0.0518813,29,32765
4.15365,1.32442,0.0521237,29,32765
4.12937,1.30172,0.0519707,29,32765
4.14312,1.29132,0.0518183,29,32765
4.1664,1.28376,0.0514965,29,32765
4.1705,1.27036,0.0517393,29,32765
4.18421,1.25962,0.0510474,29,32765
4.22672,1.2571,0.0511216,30,32765
4.20212,1.23451,0.0505682,29,32765
4.22544,1.22601,0.0504833,29,32765
4.24875,1.21742,0.0493421,30,32765
4.23351,1.19791,0.0490142,28,32765
4.24708,1.18662,0.0481398,29,32765
4.26057,1.17543,0.0482731,29,32765
4.30301,1.17193,0.047663,30,32765
4.33579,1.16568,0.0471405,29,32765
4.27194,1.13352,0.0457065,29,32765
4.28533,1.12196,0.0452179,29,32765
4.24062,1.09524,0.0441025,16,32765
4.20556,1.07098,0.0426869,13,32765
4.23828,1.06398,0.0427321,13,32765
4.31954,1.06878,0.0423291,18,32765
4.37167,1.06619,0.0419214,29,32765
4.35575,1.04699,0.041018,29,32765
4.37871,1.03694,0.0403179,30,32765
4.40159,1.02705,0.0393218,28,32765
4.41474,1.01463,0.0383033,29,32765
4.38886,0.993223,0.0374159,28,32765
4.42147,0.984977,0.0367838,29,32765
4.41501,0.967918,0.0352977,29,32765
4.44756,0.959433,0.0350447,30,32765
4.45079,0.944352,0.0341793,28,32765
4.50287,0.939687,0.0335081,29,32765
4.49624,0.922426,0.0317909,29,32765
4.52874,0.913204,0.0314369,29,32765
4.54155,0.900166,0.0305498,30,32765
4.53471,0.883157,0.0295424,29,32765
4.5475,0.869656,0.0288078,28,32765
2.58481,0.485188,0.0155912,16,32765
2.51761,0.463699,0.0146427,17,32765
2.48964,0.449915,0.0138512,19,32765
2.49111,0.441707,0.0136118,18,32765
2.46302,0.428225,0.0123347,19,32765
2.46443,0.420067,0.0118449,19,32765
2.43623,0.406883,0.011427,18,32765
2.44747,0.400236,0.0100155,17,32765
2.4093,0.385732,0.00919872,18,32765
2.43034,0.380725,0.00924948,18,32765
2.40194,0.36811,0.00832113,19,32765
2.3636,0.354194,0.00764228,18,32765
2.3351,0.341858,0.0071383,18,32765
2.35605,0.33672,0.0066217,19,32765
2.34729,0.327262,0.00604398,19,32765
2.32856,0.316642,0.00578741,18,32765
2.30979,0.306204,0.00540197,18,32765
2.3108,0.29847,0.00492788,19,32765
2.29198,0.287968,0.00502609,19,32765
2.31277,0.282791,0.00452951,19,32765
2.27399,0.27029,0.00418269,18,32765
2.27488,0.262684,0.00373338,19,32765
2.236,0.250584,0.00328185,19,32765
2.26665,0.246394,0.00288976,20,32765
2.24756,0.236762,0.002498,19,32765
2.22843,0.227359,0.00216703,19,32765
2.20928,0.217927,0.00171469,19,32765
2.21994,0.211544,0.00159726,19,32765
2.19076,0.201409,0.00131105,18,32765
2.20138,0.195024,0.000997986,18,32765
2.1522,0.18337,0.000646134,19,32765
2.16277,0.176972,0.000570557,18,32765
2.12347,0.166648,0.00032116,18,32765
2.13399,0.160332,0.000143851,18,32765
2.10458,0.15115,2.3176e-05,18,32765
2.135,0.146243,-0.00013564,18,32765
2.11551,0.137919,-0.000287755,19,32765
2.08601,0.129107,-0.000336449,18,32765
2.07643,0.121732,-0.0002221,19,32765
2.08681,0.115478,-0.000289396,19,32765
2.0672,0.107624,-0.000303809,19,32765
2.06755,0.100721,-0.000576867,19,32765
2.04789,0.0930426,-0.000432168,19,32765
2.04818,0.0863163,-0.000387574,19,32765
2.03846,0.0791963,-0.000327671,18,32765
2.04871,0.0728183,-0.000252216,19,32765
2.01895,0.0650412,-6.91162e-05,19,32765
2.01916,0.0583372,-0.00015908,18,32765
1.99935,0.0511603,-1.63132e-05,19,32765
2.0095,0.0448326,0.000141018,18,32765
1.98964,0.0379561,0.000362144,19,32765
1.97975,0.0313159,0.000571635,19,32765
1.98984,0.025016,0.000751634,19,32765
1.99991,0.0186456,0.00113542,19,32765
1.96996,0.0118883,0.00151031,18,32765
1.96999,0.00543984,0.00171621,19,32765
1.95,-0.00106512,0.00214975,19,32765
1.91998,-0.00731554,0.00260233,18,32765
1.90995,-0.0135214,0.00306224,18,32765
1.8899,-0.0194584,0.00365904,18,32765
1.90982,-0.0258108,0.00438145,18,32765
4.12082,1.36175,0.0106875,33,32765
4.11576,1.34511,0.0110337,32,32765
4.1201,1.33174,0.0110314,32,32765
4.1149,1.31524,0.0110067,32,32765
4.12875,1.30467,0.0112353,32,32765
4.15206,1.29723,0.0110118,32,32765
4.15625,1.28373,0.0104502,33,32765
4.19862,1.28201,0.0107884,34,32765
4.21237,1.27115,0.00999446,33,32765
4.19742,1.25138,0.00955621,32,32765
4.21118,1.24014,0.00936959,34,32765
4.22492,1.22879,0.00907277,33,32765
4.24823,1.22018,0.00774113,33,32765
4.24264,1.20336,0.00761649,33,32765
4.2466,1.18932,0.00662852,33,32765
4.28901,1.1861,0.00671074,34,32765
4.31219,1.17723,0.00568948,34,32765
4.26774,1.15012,0.00479379,33,32765
4.28116,1.13867,0.00410186,33,32765
4.2849,1.12451,0.00350772,33,32765
4.24989,1.10024,0.00286765,26,32765
4.18578,1.06847,0.00181169,15,32765
4.21849,1.06151,0.00157353,18,32765
4.20267,1.04233,0.00041101,16,32765
4.27414,1.04487,-0.000447891,24,32765
4.40398,1.06108,-0.00118823,34,32765
4.37834,1.0393,-0.0020655,32,32765
4.38175,1.02483,-0.00323745,32,32765
4.41438,1.01693,-0.0043664,33,32765
4.43727,1.00654,-0.00502832,33,32765
4.42112,0.987218,-0.00588964,33,32765
4.44396,0.976559,-0.00733158,32,32765
4.47654,0.967956,-0.00787232,34,32765
4.48958,0.954822,-0.00876423,33,32765
4.50254,0.941825,-0.00983185,33,32765
4.54489,0.934595,-0.0115813,34,32765
4.57742,0.925188,-0.0122258,34,32765
4.57065,0.90806,-0.0131627,35,32765
4.57365,0.89283,-0.0141139,34,32765
4.55701,0.873517,-0.0148552,32,32765
2.49619,0.469651,-0.00887901,17,32765
2.51744,0.464754,-0.00948335,19,32765
2.46979,0.447375,-0.00991389,20,32765
2.46141,0.437463,-0.0101118,20,32765
2.47271,0.430917,-0.0112731,20,32765
2.46427,0.421023,-0.0117188,20,32765
2.41635,0.404508,-0.0117587,20,32765
2.39796,0.39306,-0.0130918,20,32765
2.38939,0.383442,-0.0136885,20,32765
2.37091,0.372285,-0.0136001,20,32765
2.34248,0.359839,-0.0142261,20,32765
2.33377,0.350545,-0.0147018,19,32765
2.33495,0.342637,-0.0151105,19,32765
2.2965,0.32898,-0.0154176,19,32765
2.29762,0.321089,-0.0159565,20,32765
2.28878,0.311963,-0.0160903,20,32765
2.28981,0.304269,-0.0164242,20,32765
2.27099,0.294016,-0.0167485,20,32765
2.24223,0.282378,-0.0163922,20,32765
2.23323,0.273705,-0.0168417,20,32765
2.22421,0.264993,-0.0170305,20,32765
2.22508,0.257536,-0.0174705,20,32765
2.20605,0.247809,-0.0176962,20,32765
2.20686,0.240459,-0.018121,20,32765
2.18776,0.231004,-0.0183148,20,32765
2.19845,0.224828,-0.0187032,20,32765
2.17929,0.215475,-0.0189615,20,32765
2.18995,0.209178,-0.0191719,20,32765
2.14085,0.197284,-0.0189953,20,32765
2.13153,0.189281,-0.0192162,20,32765
2.14211,0.182941,-0.0196341,20,32765
2.12278,0.17411,-0.0195289,20,32765
2.11338,0.166248,-0.0196753,20,32765
2.10395,0.158449,-0.0197591,19,32765
2.10446,0.151499,-0.019878,20,32765
2.09497,0.143842,-0.0199403,19,32765
2.0655,0.134978,-0.0198054,19,32765
2.07591,0.128788,-0.0199539,19,32765
2.01643,0.118496,-0.019269,19,32765
2.01681,0.11187,-0.0193332,19,32765
1.99719,0.104227,-0.0191586,19,32765
2.03748,0.0994931,-0.0198111,19,32765
2.01781,0.0918958,-0.01948,19,32765
1.98813,0.0839868,-0.0191475,19,32765
1.97841,0.0770482,-0.0189952,19,32765
1.96866,0.0701421,-0.0188253,20,32765
1.97888,0.0639046,-0.0187452,20,32765
1.96909,0.0570291,-0.0187383,18,32765
1.95927,0.0502576,-0.018505,20,32765
1.96942,0.0440468,-0.0184452,20,32765
1.92956,0.0369018,-0.017855,20,32765
1.91968,0.0304423,-0.0175576,20,32765
1.89977,0.0239451,-0.0172057,19,32765
1.91984,0.0179465,-0.017022,20,32765
1.88989,0.0114372,-0.0163801,19,32765
1.89992,0.00526423,-0.0162682,19,32765
1.89993,-0.00103468,-0.0158288,19,32765
1.89992,-0.00725061,-0.0153483,19,32765
1.89989,-0.0134763,-0.0148773,20,32765
1.86985,-0.019292,-0.0140202,19,32765
1.82979,-0.0247822,-0.0130652,19,32765
4.06519,1.33865,0.0251692,27,32765
4.12656,1.34409,0.0224889,29,32765
4.14042,1.3338,0.0192257,29,32765
4.12565,1.31441,0.0170663,28,32765
4.149,1.30695,0.0143138,29,32765
4.15327,1.29333,0.0119828,28,32765
4.18616,1.28855,0.00923916,29,32765
4.17129,1.26881,0.00668572,28,32765
4.17541,1.25522,0.00506045,29,32765
4.19867,1.24723,0.00260588,29,32765
4.24104,1.245,0.000923211,30,32765
4.23544,1.22846,-0.00167066,29,32765
4.24908,1.21727,-0.00261111,29,32765
4.23388,1.19759,-0.00474812,29,32765
4.28605,1.19677,-0.00687364,30,32765
4.27074,1.17712,-0.00857721,29,32765
4.27457,1.16311,-0.0103827,30,32765
4.29767,1.15428,-0.0122172,30,32765
4.29175,1.13767,-0.0139026,30,32765
4.31486,1.12844,-0.0157684,29,32765
4.28953,1.10658,-0.0171184,21,32765
4.1963,1.06754,-0.0186049,13,32765
4.25803,1.06811,-0.019957,16,32765
4.26154,1.05402,-0.0214142,14,32765
4.40101,1.07306,-0.0237965,25,32765
4.38507,1.05386,-0.0246188,29,32765
4.36909,1.03461,-0.0263741,28,32765
4.44068,1.03596,-0.0280041,29,32765
4.41486,1.01442,-0.0291218,30,32765
4.41828,0.99939,-0.0308523,29,32765
4.4509,0.990973,-0.0322911,28,32765
4.42491,0.969538,-0.0332043,29,32765
4.47698,0.965318,-0.0348123,29,32765
4.4997,0.954634,-0.0364811,29,32765
4.49307,0.937566,-0.0377978,29,32765
4.54515,0.93256,-0.0387932,29,32765
4.51887,0.911235,-0.0398698,29,32765
4.53173,0.897865,-0.040659,30,32765
4.5838,0.892158,-0.0416574,31,32765
4.48856,0.857877,-0.0421817,25,32765
2.54546,0.477648,-0.0241868,16,32765
2.53718,0.467408,-0.0250894,17,32765
2.51905,0.455369,-0.0253644,18,32765
2.51071,0.445152,-0.0259717,18,32765
2.50235,0.434926,-0.0261781,18,32765
2.4545,0.418124,-0.0262678,19,32765
2.48545,0.41495,-0.0270621,18,32765
2.41774,0.395329,-0.027456,18,32765
2.44867,0.391964,-0.0279527,18,32765
2.40058,0.375909,-0.0281916,18,32765
2.42162,0.370717,-0.0289725,18,32765
2.37342,0.355087,-0.0284463,19,32765
2.36472,0.345501,-0.028555,18,32765
2.37576,0.338953,-0.0293609,19,32765
2.35708,0.3282,-0.0296773,18,32765
2.32843,0.316244,-0.0300043,18,32765
2.30964,0.3059,-0.030077,18,32765
2.2809,0.294255,-0.03004,19,32765
2.33152,0.292551,-0.0301127,18,32765
2.29278,0.279977,-0.0296824,19,32765
2.30364,0.27336,-0.0301336,19,32765
2.29461,0.264502,-0.0303377,19,32765
2.2756,0.254585,-0.0304066,19,32765
2.2665,0.245852,-0.0306792,19,32765
2.2673,0.238273,-0.0311357,19,32765
2.25813,0.229719,-0.0312896,19,32765
2.21908,0.218186,-0.0311653,18,32765
2.22974,0.211736,-0.0317396,19,32765
2.20056,0.201572,-0.0316279,18,32765
2.21118,0.195079,-0.0323133,18,32765
2.18192,0.18517,-0.0321617,18,32765
2.16259,0.176246,-0.0321172,18,32765
2.15319,0.168223,-0.032487,18,32765
2.11386,0.158002,-0.0322418,18,32765
2.16424,0.154412,-0.0333789,18,32765
2.08493,0.141844,-0.0326159,18,32765
2.11531,0.136889,-0.0333476,18,32765
2.10577,0.12925,-0.0338351,19,32765
2.10617,0.122402,-0.0341168,19,32765
2.07661,0.113783,-0.0340566,18,32765
2.08695,0.107479,-0.0345643,18,32765
2.06731,0.0996192,-0.0348856,19,32765
2.05763,0.0923209,-0.0350512,19,32765
2.03794,0.0847202,-0.0351208,19,32765
2.02821,0.0775608,-0.0353995,18,32765
2.01845,0.0705381,-0.0357901,19,32765
2.01867,0.0638567,-0.0361889,19,32765
2.02885,0.0575132,-0.0369149,19,32765
2.01902,0.050586,-0.0372497,19,32765
2.00917,0.0437244,-0.0376525,20,32765
1.97931,0.0366263,-0.0374154,19,32765
1.9894,0.030338,-0.0381354,19,32765
1.94949,0.0234031,-0.0381007,18,32765
1.96954,0.0172867,-0.0389989,19,32765
1.96957,0.0108461,-0.0396806,19,32765
1.94959,0.00439572,-0.0397696,18,32765
1.94958,-0.00198077,-0.0405363,19,32765
1.91956,-0.00809522,-0.0405234,18,32765
1.91951,-0.0141871,-0.0411666,19,32765
1.90943,-0.0204346,-0.0418902,18,32765
1.92933,-0.0269584,-0.0430869,18,32765
4.08324,1.34793,-0.0151531,32,32765
4.10659,1.3409,-0.0182448,32,32765
4.14896,1.33987,-0.0217384,33,32765
4.12467,1.31736,-0.023662,32,32765
4.17662,1.31892,-0.0267882,33,32765
4.17137,1.3022,-0.0290709,34,32765
4.20427,1.29734,-0.0321117,34,32765
4.17985,1.27458,-0.0344119,32,32765
4.20313,1.26669,-0.036208,33,32765
4.19766,1.25004,-0.0386054,33,32765
4.24002,1.24779,-0.0406665,33,32765
4.24402,1.23401,-0.0432661,34,32765
4.25767,1.22276,-0.044305,34,32765
4.26173,1.20847,-0.0464706,34,32765
4.27539,1.19676,-0.0486444,34,32765
4.289,1.18509,-0.0504984,34,32765
4.29285,1.17098,-0.052314,33,32765
4.29665,1.15687,-0.0541035,34,32765
4.31006,1.14536,-0.0559476,34,32765
4.33318,1.13604,-0.0580118,34,32765
4.3466,1.12409,-0.0596191,32,32765
4.23406,1.07982,-0.0599177,19,32765
4.19885,1.05588,-0.0604505,15,32765
4.21202,1.04436,-0.0620326,18,32765
4.32228,1.05648,-0.0652761,18,32765
4.34518,1.04686,-0.0664906,30,32765
4.42645,1.0508,-0.0695716,34,32765
4.43965,1.03829,-0.0709453,33,32765
4.44308,1.02344,-0.0722577,32,32765
4.45627,1.01049,-0.0741637,33,32765
4.44989,0.993206,-0.0752376,32,32765
4.44343,0.976014,-0.0762051,32,32765
4.51506,0.975945,-0.0786316,34,32765
4.53781,0.965108,-0.0805036,34,32765
4.55077,0.951966,-0.0820931,35,32765
4.53434,0.932652,-0.0823242,33,32765
4.52766,0.915275,-0.0834784,33,32765
4.56015,0.905738,-0.0847294,34,32765
4.55336,0.888432,-0.0851038,33,32765
4.60541,0.882396,-0.0874759,32,32765
2.51543,0.473184,-0.0480265,17,32765
2.50714,0.46302,-0.0488241,19,32765
2.48899,0.451053,-0.0489059,19,32765
2.4511,0.435665,-0.0488233,20,32765
2.48211,0.432481,-0.0497181,21,32765
2.41456,0.412342,-0.0489331,21,32765
2.44548,0.409293,-0.0500033,20,32765
2.43695,0.399463,-0.0509572,20,32765
2.39879,0.384937,-0.0502901,20,32765
2.37044,0.372115,-0.0504624,20,32765
2.4211,0.371563,-0.0520632,21,32765
2.36303,0.354415,-0.0508537,19,32765
2.34444,0.343393,-0.0506542,19,32765
2.33568,0.334067,-0.051116,19,32765
2.31697,0.323424,-0.0512351,20,32765
2.29822,0.312924,-0.0514898,19,32765
2.2596,0.300024,-0.0509236,19,32765
2.25068,0.291086,-0.0510466,21,32765
2.25169,0.283243,-0.0504867,20,32765
2.2427,0.27455,-0.0503453,20,32765
2.23368,0.265726,-0.0504361,20,32765
2.21469,0.255933,-0.0503107,20,32765
2.22547,0.249604,-0.050861,20,32765
2.21635,0.241019,-0.0510309,21,32765
2.18731,0.230448,-0.0507853,20,32765
2.15822,0.220112,-0.0503709,19,32765
2.17884,0.214774,-0.0512549,20,32765
2.15963,0.205601,-0.0512081,20,32765
2.17025,0.199303,-0.0517536,20,32765
2.1709,0.192016,-0.0522864,20,32765
2.14164,0.182218,-0.0518471,20,32765
2.14223,0.175036,-0.0520943,19,32765
2.10293,0.164721,-0.0516312,19,32765
2.11343,0.158381,-0.0522326,20,32765
2.10397,0.150504,-0.0523527,19,32765
2.04461,0.139466,-0.0513229,18,32765
2.08495,0.13528,-0.0525844,19,32765
2.04547,0.125882,-0.0522046,19,32765
2.06582,0.120377,-0.0529905,19,32765
2.01629,0.110775,-0.0521232,19,32765
2.00665,0.103624,-0.0521962,19,32765
2.01695,0.097459,-0.0530922,19,32765
1.97731,0.0889627,-0.0523622,19,32765
1.99755,0.0832744,-0.0532931,19,32765
1.98782,0.0762327,-0.0534687,20,32765
1.96807,0.0689765,-0.0534824,20,32765
1.96827,0.0624466,-0.0538714,20,32765
1.95846,0.055686,-0.0541259,19,32765
1.95862,0.0492258,-0.0546273,20,32765
1.94876,0.0425474,-0.0549183,20,32765
1.92889,0.0358149,-0.0546717,19,32765
1.93898,0.0296765,-0.0554726,20,32765
1.90906,0.0230094,-0.0553316,20,32765
1.90911,0.0168336,-0.0558234,20,32765
1.88914,0.0104655,-0.0558929,19,32765
1.89915,0.00433022,-0.0566677,20,32765
1.87914,-0.0018756,-0.0568103,20,32765
1.86911,-0.00786292,-0.0571028,19,32765
1.86906,-0.0138084,-0.0577291,20,32765
1.85898,-0.0199029,-0.0583336,20,32765
1.85888,-0.0259963,-0.059064,19,32765
4.08148,1.35113,-0.0772739,28,32765
4.10492,1.34389,-0.0774973,29,32765
4.16623,1.34936,-0.0786421,30,32765
4.15145,1.33002,-0.0781557,29,32765
4.11766,1.30433,-0.0776659,28,32765
4.17922,1.30852,-0.0791759,30,32765
4.19307,1.29766,-0.0795363,30,32765
4.18772,1.28102,-0.0800101,29,32765
4.19182,1.26752,-0.0802668,29,32765
4.21506,1.25961,-0.0814442,30,32765
4.22869,1.2488,-0.0821572,30,32765
4.26157,1.24324,-0.0835331,30,32765
4.27532,1.23168,-0.0844453,31,32765
4.26024,1.21168,-0.0839138,29,32765
4.2547,1.19444,-0.085124,29,32765
4.27793,1.18557,-0.085864,29,32765
4.27221,1.16863,-0.0862571,30,32765
4.305,1.16224,-0.0882032,30,32765
4.3088,1.14806,-0.0884601,30,32765
4.32227,1.13617,-0.0894492,29,32765
4.31635,1.11919,-0.0903387,30,32765
4.291,1.09726,-0.0905308,22,32765
4.24613,1.0708,-0.0905561,13,32765
4.32726,1.076,-0.0930026,17,32765
4.30167,1.05445,-0.0932775,15,32765
4.3732,1.05643,-0.0954033,23,32765
4.37673,1.0416,-0.0962789,29,32765
4.40942,1.03363,-0.097665,30,32765
4.43231,1.02334,-0.0993668,30,32765
4.426,1.00603,-0.100158,28,32765
4.43909,0.993361,-0.101041,29,32765
4.51073,0.993462,-0.103759,30,32765
4.49454,0.973755,-0.104346,29,32765
4.50757,0.960638,-0.105461,29,32765
4.501,0.943246,-0.106226,29,32765
4.50413,0.928119,-0.10693,28,32765
4.56599,0.924889,-0.109343,30,32765
4.55925,0.907539,-0.110233,30,32765
4.57201,0.894267,-0.112337,30,32765
4.53572,0.871246,-0.112215,28,32765
2.57385,0.485394,-0.0638928,15,32765
2.56563,0.474897,-0.0641737,17,32765
2.54754,0.462589,-0.064305,19,32765
2.49988,0.445136,-0.063673,18,32765
2.52106,0.44009,-0.0646094,19,32765
2.50281,0.428247,-0.0645114,19,32765
2.45492,0.411534,-0.0639319,18,32765
2.46616,0.404827,-0.064624,19,32765
2.47737,0.398072,-0.0655883,19,32765
2.40957,0.378741,-0.0642558,18,32765
2.4207,0.372157,-0.0650638,18,32765
2.41204,0.362486,-0.0651779,18,32765
2.42313,0.355756,-0.0660634,18,32765
2.34515,0.336189,-0.0644218,18,32765
2.32646,0.325448,-0.0645012,19,32765
2.35724,0.321753,-0.0655821,19,32765
2.33848,0.311173,-0.0652779,18,32765
2.31966,0.300796,-0.0653914,18,32765
2.31072,0.291837,-0.0654963,19,32765
2.29184,0.281631,-0.0653475,19,32765
2.28283,0.272773,-0.065525,19,32765
2.2738,0.263901,-0.0654419,19,32765
2.29454,0.258444,-0.0663598,20,32765
2.23577,0.244123,-0.0651719,18,32765
2.26639,0.239708,-0.0662898,19,32765
2.2274,0.228079,-0.0653121,18,32765
2.21819,0.219682,-0.0652861,19,32765
2.18905,0.209422,-0.0648016,18,32765
2.21959,0.204896,-0.0659998,18,32765
2.19038,0.194768,-0.0654767,19,32765
2.19102,0.187478,-0.0654819,18,32765
2.17171,0.17849,-0.0650818,18,32765
2.16231,0.170529,-0.0650579,18,32765
2.17282,0.164203,-0.0654912,18,32765
2.09359,0.15128,-0.0632471,18,32765
2.13396,0.147152,-0.0646052,18,32765
2.11449,0.138694,-0.0641193,17,32765
2.10495,0.131079,-0.0639693,18,32765
2.07544,0.122329,-0.06317,18,32765
2.05587,0.114314,-0.0627132,19,32765
2.0762,0.108585,-0.0632633,18,32765
2.08653,0.102219,-0.063641,18,32765
2.06688,0.0944771,-0.0629516,19,32765
2.0572,0.0872452,-0.0626869,18,32765
2.0375,0.0796841,-0.0621246,19,32765
2.04774,0.073324,-0.0622705,18,32765
2.00802,0.0652187,-0.0609805,19,32765
2.00822,0.0585485,-0.060879,19,32765
2.0184,0.052171,-0.0610412,19,32765
2.00858,0.0452132,-0.0606044,19,32765
1.97874,0.0380732,-0.0595909,19,32765
1.98885,0.0316935,-0.0596632,19,32765
1.95897,0.0247816,-0.058539,19,32765
1.96904,0.018525,-0.0585916,18,32765
1.94911,0.0118546,-0.0576851,18,32765
1.91916,0.00542206,-0.0566155,18,32765
1.94916,-0.000875766,-0.0570727,19,32765
1.93917,-0.00702219,-0.0563399,19,32765
1.93915,-0.0133616,-0.0559357,19,32765
1.91912,-0.019752,-0.0547532,19,32765
1.86909,-0.025415,-0.0526066,19,32765
4.08902,1.35724,-0.117957,32,32765
4.13148,1.35619,-0.118918,33,32765
4.13577,1.34305,-0.118989,33,32765
4.15906,1.33599,-0.119411,33,32765
4.17295,1.32535,-0.119917,34,32765
4.1678,1.30839,-0.120077,34,32765
4.1912,1.30051,-0.120809,34,32765
4.19542,1.28676,-0.121468,33,32765
4.20912,1.27611,-0.122005,34,32765
4.23238,1.26812,-0.123377,35,32765
4.23646,1.25438,-0.123908,33,32765
4.23096,1.23756,-0.124442,33,32765
4.24469,1.22607,-0.125446,34,32765
4.25846,1.21436,-0.12558,33,32765
4.26255,1.19978,-0.126985,33,32765
4.28579,1.19086,-0.127917,33,32765
4.2801,1.17385,-0.128219,33,32765
4.31289,1.16742,-0.130453,34,32765
4.32637,1.15576,-0.131005,35,32765
4.33986,1.14378,-0.132094,33,32765
4.35332,1.13173,-0.13349,35,32765
4.35708,1.11707,-0.134305,34,32765
4.27352,1.08052,-0.132675,21,32765
4.26737,1.06388,-0.133158,13,32765
4.10586,1.00908,-0.128875,13,32765
4.21607,1.02113,-0.132857,15,32765
4.36532,1.04159,-0.138325,28,32765
4.44665,1.04508,-0.141542,33,32765
4.44036,1.02787,-0.142507,33,32765
4.4633,1.01716,-0.144153,33,32765
4.44716,0.997766,-0.14419,33,32765
4.48951,0.99137,-0.146615,33,32765
4.52216,0.982296,-0.148615,34,32765
4.55475,0.97323,-0.150478,34,32765
4.55801,0.957689,-0.151487,35,32765
4.5514,0.940311,-0.151875,34,32765
4.5741,0.928954,-0.15355,34,32765
4.57717,0.91349,-0.154682,34,32765
4.61936,0.905894,-0.157895,36,32765
4.61257,0.888327,-0.158418,35,32765
4.45841,0.842998,-0.15347,24,32765
2.55487,0.474144,-0.088414,18,32765
2.49746,0.454683,-0.0869856,19,32765
2.49898,0.446143,-0.0875958,21,32765
2.48078,0.434194,-0.0873351,20,32765
2.47236,0.424149,-0.0873913,20,32765
2.44419,0.410812,-0.0870352,20,32765
2.46528,0.405748,-0.0881733,21,32765
2.43701,0.392621,-0.0878103,21,32765
2.42845,0.382717,-0.0879563,20,32765
2.36057,0.363873,-0.0859854,19,32765
2.39142,0.360338,-0.087442,20,32765
2.4025,0.353661,-0.0884173,20,32765
2.30475,0.331274,-0.0852862,19,32765
2.32564,0.326198,-0.0866418,19,32765
2.297,0.314366,-0.0857874,19,32765
2.29804,0.306606,-0.0860308,20,32765
2.2693,0.295052,-0.0855712,19,32765
2.3,0.29126,-0.0870754,20,32765
2.26128,0.278621,-0.0859827,20,32765
2.25226,0.269845,-0.0860604,20,32765
2.24323,0.261055,-0.085881,20,32765
2.2143,0.25008,-0.0850758,20,32765
2.22505,0.243611,-0.0859911,20,32765
2.22586,0.236061,-0.0862361,20,32765
2.20675,0.22658,-0.0856503,20,32765
2.19754,0.218232,-0.0855281,20,32765
2.1684,0.208016,-0.0847576,20,32765
2.16907,0.200784,-0.0850655,20,32765
2.14981,0.191689,-0.0846435,20,32765
2.15044,0.184517,-0.0846491,20,32765
2.10125,0.173181,-0.0828789,19,32765
2.11176,0.16701,-0.0835404,19,32765
2.10233,0.159324,-0.0832758,19,32765
2.10284,0.152379,-0.0834362,19,32765
2.10332,0.145454,-0.0835878,19,32765
2.04397,0.134455,-0.0813251,19,32765
2.00451,0.125186,-0.0798838,20,32765
2.04481,0.120876,-0.0815824,19,32765
2.01526,0.112387,-0.0805364,19,32765
2.01562,0.105731,-0.0804796,20,32765
1.97604,0.0970989,-0.0789559,19,32765
1.98633,0.0910727,-0.0792777,20,32765
1.97664,0.084089,-0.0789174,19,32765
1.98689,0.0779505,-0.0793613,20,32765
1.96717,0.070666,-0.0784116,19,32765
1.9674,0.0641104,-0.0783383,20,32765
1.94763,0.0569747,-0.0774447,19,32765
1.9578,0.0507825,-0.0777055,20,32765
1.96795,0.0444614,-0.0779703,20,32765
1.92813,0.0372434,-0.0762811,19,32765
1.92825,0.0308559,-0.0760595,20,32765
1.91836,0.0243798,-0.0754454,20,32765
1.90845,0.018051,-0.074814,20,32765
1.88853,0.0115656,-0.0737287,19,32765
1.87857,0.00537143,-0.0731604,19,32765
1.87859,-0.000795297,-0.0727486,19,32765
1.85861,-0.00669688,-0.0715529,19,32765
1.86859,-0.0128568,-0.0715481,19,32765
1.85856,-0.019126,-0.0705787,19,32765
1.83853,-0.0250121,-0.0691108,19,32765
4.11923,1.36273,-0.102444,29,32765
4.11404,1.34631,-0.105132,28,32765
4.17537,1.35145,-0.10946,30,32765
4.17962,1.338,-0.112503,29,32765
4.17435,1.32133,-0.115128,30,32765
4.15949,1.30176,-0.116701,29,32765
4.16368,1.28811,-0.119059,29,32765
4.187,1.28003,-0.122183,30,32765
4.22938,1.27787,-0.125675,30,32765
4.2526,1.26985,-0.128536,31,32765
4.19909,1.23911,-0.128914,29,32765
4.26063,1.2422,-0.132542,31,32765
4.23592,1.21944,-0.134272,29,32765
4.25922,1.21045,-0.136928,30,32765
4.29211,1.20412,-0.139649,30,32765
4.30569,1.19241,-0.141863,30,32765
4.29989,1.17558,-0.143438,29,32765
4.29402,1.15877,-0.145287,29,32765
4.29774,1.14471,-0.14697,29,32765
4.32075,1.13565,-0.149438,30,32765
4.31479,1.11866,-0.150894,28,32765
4.32809,1.10684,-0.153055,28,32765
4.30264,1.08503,-0.15373,17,32765
4.23831,1.05373,-0.152537,12,32765
4.32913,1.06088,-0.157396,12,32765
4.27431,1.03237,-0.156591,15,32765
4.36517,1.03888,-0.161578,27,32765
4.4367,1.04016,-0.165334,29,32765
4.44015,1.02507,-0.167085,28,32765
4.46303,1.01448,-0.169093,28,32765
4.5249,1.01242,-0.172769,31,32765
4.40133,0.969479,-0.168892,28,32765
4.51194,0.977845,-0.174964,30,32765
4.4663,0.952296,-0.173713,29,32765
4.54769,0.953489,-0.178522,30,32765
4.54108,0.936007,-0.179155,30,32765
4.59314,0.930571,-0.18228,32,32765
4.52764,0.901216,-0.180795,30,32765
4.57962,0.895624,-0.183939,31,32765
4.58254,0.88022,-0.185519,30,32765
4.47739,0.844652,-0.181957,17,32765
2.61342,0.484007,-0.106667,16,32765
2.57568,0.468081,-0.105683,18,32765
2.5477,0.454211,-0.104908,19,32765
2.5295,0.442247,-0.104548,18,32765
2.5014,0.428664,-0.104104,19,32765
2.49295,0.41859,-0.104312,18,32765
2.4845,0.408419,-0.104205,18,32765
2.48588,0.399868,-0.104527,19,32765
2.41812,0.380448,-0.10226,18,32765
2.42927,0.373716,-0.102958,18,32765
2.4305,0.365496,-0.103415,19,32765
2.40205,0.352806,-0.102864,18,32765
2.38344,0.341838,-0.102347,18,32765
2.39446,0.335128,-0.10329,18,32765
2.36585,0.323032,-0.102379,19,32765
2.35701,0.313764,-0.102277,18,32765
2.31841,0.300578,-0.101036,18,32765
2.32931,0.294038,-0.101749,19,32765
2.28069,0.280139,-0.0998577,18,32765
2.30143,0.274874,-0.101238,19,32765
2.2924,0.266023,-0.101064,19,32765
2.27341,0.256041,-0.100797,19,32765
2.26431,0.247288,-0.100655,19,32765
2.26512,0.239652,-0.100972,18,32765
2.25596,0.231068,-0.100765,18,32765
2.22688,0.220642,-0.099532,19,32765
2.17787,0.208336,-0.0979346,18,32765
2.20838,0.203784,-0.0996754,18,32765
2.19908,0.195421,-0.099699,18,32765
2.1599,0.184617,-0.0981465,18,32765
2.17046,0.178161,-0.0988858,18,32765
2.13118,0.167688,-0.0976593,18,32765
2.10184,0.158278,-0.0965741,18,32765
2.12225,0.15273,-0.0980661,17,32765
2.12274,0.145722,-0.0981291,18,32765
2.11321,0.138107,-0.0983166,19,32765
2.10367,0.130471,-0.0983005,19,32765
2.07417,0.121735,-0.097013,18,32765
2.04462,0.113041,-0.0961717,18,32765
2.06492,0.107236,-0.0975202,18,32765
2.05527,0.0999636,-0.0973297,19,32765
2.02563,0.0917577,-0.0964651,18,32765
2.03588,0.085545,-0.097331,18,32765
2.01617,0.0780174,-0.0967954,19,32765
2.00642,0.0709838,-0.0966804,18,32765
2.02658,0.0649306,-0.0981963,19,32765
1.98682,0.0569848,-0.0968539,19,32765
2.01694,0.0511814,-0.098706,19,32765
1.98712,0.0438315,-0.0976547,18,32765
1.95728,0.0367919,-0.0964283,19,32765
1.95736,0.0305326,-0.0970077,18,32765
1.95742,0.0241658,-0.0976153,18,32765
1.94746,0.0176554,-0.0978343,18,32765
1.95748,0.0111775,-0.0987378,19,32765
1.89756,0.00449549,-0.0961109,18,32765
1.91751,-0.00167736,-0.0977862,19,32765
1.88749,-0.00775357,-0.0969935,18,32765
1.91739,-0.0139775,-0.0990834,19,32765
1.90731,-0.0200246,-0.0994296,18,32765
1.85727,-0.0254906,-0.0973796,18,32765
4.10755,1.36254,-0.142889,32,32765
4.14982,1.3617,-0.147162,33,32765
4.17313,1.35438,-0.150708,34,32765
4.16785,1.33785,-0.153402,34,32765
4.16258,1.32118,-0.155928,33,32765
4.21447,1.32255,-0.159843,34,32765
4.18052,1.29683,-0.160766,33,32765
4.18475,1.28282,-0.163346,33,32765
4.23666,1.28355,-0.167594,34,32765
4.21201,1.26115,-0.168732,33,32765
4.25432,1.25882,-0.172412,34,32765
4.22956,1.2365,-0.173098,34,32765
4.23364,1.22209,-0.175725,33,32765
4.26654,1.21582,-0.178975,34,32765
4.29942,1.20945,-0.181984,34,32765
4.28412,1.18966,-0.183063,33,32765
4.30722,1.18079,-0.185785,34,32765
4.30136,1.16392,-0.187547,33,32765
4.32439,1.15495,-0.190084,33,32765
4.3281,1.14068,-0.191897,33,32765
4.36083,1.13368,-0.194994,33,32765
4.35481,1.11671,-0.196398,33,32765
4.35845,1.1021,-0.198126,29,32765
4.27483,1.06571,-0.195407,16,32765
4.18131,1.02745,-0.192637,15,32765
4.29146,1.03934,-0.198874,13,32765
4.28512,1.02261,-0.200178,18,32765
4.40519,1.03559,-0.206856,31,32765
4.41834,1.02282,-0.209058,32,32765
4.45094,1.0145,-0.211713,34,32765
4.49328,1.0081,-0.215019,34,32765
4.47705,0.988859,-0.215068,33,32765
4.48029,0.973648,-0.21701,32,32765
4.40536,0.941879,-0.213864,28,32765
4.34982,0.914506,-0.212712,23,32765
4.32352,0.893611,-0.212249,19,32765
4.32647,0.878953,-0.213375,16,32765
4.19226,0.836756,-0.207764,12,32765
4.36162,0.855339,-0.217149,12,32765
4.28594,0.825518,-0.214725,12,32765
2.63009,0.497532,-0.13216,11,32765
2.60226,0.48327,-0.131205,17,32765
2.53506,0.461972,-0.12835,18,32765
2.5169,0.449962,-0.127787,19,32765
2.4987,0.438071,-0.127235,20,32765
2.4706,0.42456,-0.126499,20,32765
2.47198,0.416223,-0.127113,20,32765
2.43397,0.401225,-0.125388,21,32765
2.44518,0.394417,-0.126213,21,32765
2.42676,0.382873,-0.125835,21,32765
2.4083,0.371526,-0.125091,20,32765
2.38977,0.360378,-0.124516,21,32765
2.4206,0.356528,-0.126776,20,32765
2.32293,0.334097,-0.121923,19,32765
2.36359,0.33174,-0.124511,19,32765
2.3152,0.317009,-0.122268,19,32765
2.31624,0.30921,-0.122591,19,32765
2.30735,0.299993,-0.122543,20,32765
2.31824,0.293474,-0.123349,19,32765
2.26965,0.279578,-0.120987,19,32765
2.29038,0.274337,-0.122554,20,32765
2.24167,0.260882,-0.120159,20,32765
2.25243,0.25441,-0.121293,19,32765
2.23341,0.244619,-0.120519,20,32765
2.24414,0.238122,-0.121369,20,32765
2.21511,0.227546,-0.119991,20,32765
2.20591,0.219204,-0.119551,20,32765
2.16685,0.207893,-0.118018,20,32765
2.17746,0.201526,-0.118954,19,32765
2.17811,0.194133,-0.119422,19,32765
2.12899,0.18252,-0.116945,19,32765
2.12958,0.175332,-0.117227,19,32765
2.11022,0.166543,-0.116714,19,32765
2.07093,0.156428,-0.114792,18,32765
2.06145,0.148812,-0.1148,18,32765
2.07189,0.142674,-0.115417,19,32765
2.05239,0.134554,-0.114937,19,32765
2.0229,0.125862,-0.113694,19,32765
2.04324,0.120306,-0.114923,19,32765
2.0137,0.111695,-0.113791,20,32765
2.00407,0.104421,-0.113626,20,32765
1.99441,0.0973309,-0.113333,20,32765
1.9947,0.0906674,-0.113878,20,32765
1.98499,0.0836998,-0.11369,20,32765
1.97525,0.0767097,-0.113529,21,32765
1.95552,0.0694399,-0.112737,21,32765
1.94573,0.0625798,-0.112694,21,32765
1.93592,0.0557473,-0.112694,21,32765
1.93607,0.049336,-0.11307,21,32765
1.91624,0.0424568,-0.112305,21,32765
1.91636,0.0361958,-0.112545,20,32765
1.90645,0.0298957,-0.112524,19,32765
1.91648,0.0238033,-0.113708,20,32765
1.90653,0.0174111,-0.113818,19,32765
1.89657,0.0109401,-0.113611,20,32765
1.91653,0.00463618,-0.115207,20,32765
1.90652,-0.00158763,-0.115267,19,32765
1.89648,-0.00772571,-0.115402,19,32765
1.89641,-0.0137747,-0.115946,20,32765
1.88632,-0.0197694,-0.116189,20,32765
1.85627,-0.0254573,-0.114897,19,32765
4.12259,1.37254,-0.207044,29,32765
4.0987,1.34945,-0.205104,28,32765
4.16973,1.35723,-0.208267,30,32765
4.14569,1.33414,-0.207145,29,32765
4.1596,1.32349,-0.20733,30,32765
4.16388,1.30987,-0.208001,29,32765
4.21579,1.31116,-0.210576,30,32765
4.20099,1.29134,-0.210008,29,32765
4.22435,1.28316,-0.211692,30,32765
4.1999,1.26036,-0.210789,30,32765
4.22319,1.2521,-0.212114,30,32765
4.2368,1.24112,-0.213497,30,32765
4.26966,1.23535,-0.215379,30,32765
4.27368,1.22121,-0.216462,30,32765
4.27775,1.20675,-0.216971,30,32765
4.31063,1.2003,-0.219467,30,32765
4.32425,1.18839,-0.220649,30,32765
4.33785,1.17633,-0.222101,32,32765
4.32242,1.15664,-0.221906,31,32765
4.35521,1.14977,-0.224327,30,32765
4.33964,1.13014,-0.224494,30,32765
4.353,1.11827,-0.225482,29,32765
4.36635,1.10617,-0.226937,30,32765
4.27305,1.06737,-0.223274,17,32765
4.29598,1.05772,-0.22515,13,32765
4.30916,1.04561,-0.226906,13,32765
4.29319,1.02645,-0.226541,13,32765
4.38401,1.03274,-0.23242,22,32765
4.45552,1.03375,-0.236883,30,32765
4.42,1.00969,-0.23608,28,32765
4.46232,1.00351,-0.238943,26,32765
4.38765,0.971033,-0.235756,20,32765
4.41033,0.96054,-0.238286,14,32765
4.28657,0.918458,-0.23199,12,32765
0,0,-0,0,32765
0,0,-0,0,32765
0,0,-0,0,32765
4.52366,0.904782,-0.249445,11,32765
4.42868,0.870144,-0.245007,12,32765
4.37273,0.843663,-0.24304,12,32765
4.4736,0.847526,-0.249435,13,32765
2.64066,0.49114,-0.147651,14,32765
2.60295,0.475086,-0.146399,17,32765
2.57502,0.461073,-0.145265,17,32765
2.51754,0.441833,-0.142762,19,32765
2.55836,0.439968,-0.145631,18,32765
2.51061,0.422879,-0.143295,19,32765
2.512,0.41429,-0.143867,18,32765
2.47393,0.399457,-0.142117,18,32765
2.47523,0.391052,-0.142945,19,32765
2.43702,0.376613,-0.141358,18,32765
2.44815,0.369752,-0.142283,17,32765
2.41974,0.356942,-0.141181,18,32765
2.41104,0.347255,-0.141056,18,32765
2.42206,0.340448,-0.142175,18,32765
2.40337,0.329655,-0.141557,18,32765
2.36486,0.31631,-0.139607,19,32765
2.37578,0.309547,-0.140838,18,32765
2.36689,0.300244,-0.140697,18,32765
2.31833,0.286175,-0.138096,18,32765
2.31923,0.278445,-0.138665,18,32765
2.31021,0.2697,-0.138217,18,32765
2.28131,0.258673,-0.136762,18,32765
2.29206,0.252142,-0.137815,18,32765
2.2234,0.236876,-0.134041,18,32765
2.28376,0.235436,-0.137809,19,32765
2.2448,0.223817,-0.135524,19,32765
2.23558,0.215238,-0.135452,18,32765
2.18658,0.203177,-0.132677,18,32765
2.20711,0.197571,-0.134331,18,32765
2.22765,0.191824,-0.135576,18,32765
2.17853,0.180167,-0.132799,18,32765
2.16918,0.171995,-0.132205,18,32765
2.17968,0.165531,-0.133055,18,32765
2.1105,0.153262,-0.129231,18,32765
2.14086,0.148434,-0.131023,18,32765
2.1015,0.13871,-0.128629,17,32765
2.092,0.131046,-0.127982,18,32765
2.0924,0.124079,-0.128261,19,32765
2.07287,0.115959,-0.127062,18,32765
2.08321,0.109693,-0.127635,19,32765
2.03371,0.100378,-0.124644,18,32765
2.07393,0.0954596,-0.126851,18,32765
2.04432,0.0873693,-0.124958,19,32765
2.04459,0.0805787,-0.125117,20,32765
2.01493,0.072751,-0.123169,19,32765
2.0052,0.0657482,-0.122324,20,32765
1.99543,0.0587349,-0.121631,20,32765
1.97567,0.0515891,-0.120253,20,32765
1.96586,0.0447918,-0.119587,20,32765
1.97598,0.038557,-0.120116,20,32765
1.99608,0.0324195,-0.120856,19,32765
1.97622,0.0255261,-0.11955,19,32765
1.95636,0.0188928,-0.117889,19,32765
1.92648,0.0122985,-0.115881,18,32765
1.92652,0.00593709,-0.115612,19,32765
1.93655,-0.000453081,-0.115705,19,32765
1.92658,-0.00693877,-0.114581,19,32765
1.92658,-0.0133878,-0.114112,18,32765
1.92656,-0.0197269,-0.113512,19,32765
1.8866,-0.0253098,-0.110457,18,32765
4.11938,1.37543,-0.24785,33,32765
4.13345,1.36482,-0.247907,33,32765
4.12857,1.3477,-0.247184,33,32765
4.15204,1.34003,-0.248626,33,32765
4.15646,1.3263,-0.248338,33,32765
4.17979,1.31866,-0.250152,34,32765
4.20312,1.31097,-0.25149,33,32765
4.20742,1.29703,-0.251878,34,32765
4.22123,1.28589,-0.253181,34,32765
4.19682,1.26304,-0.252,34,32765
4.24882,1.26331,-0.25524,33,32765
4.22414,1.24096,-0.254418,33,32765
4.26659,1.23799,-0.257162,34,32765
4.26101,1.22107,-0.257667,33,32765
4.2747,1.20934,-0.258759,33,32765
4.30756,1.20288,-0.261539,34,32765
4.31157,1.18829,-0.262232,33,32765
4.34442,1.18148,-0.264953,35,32765
4.32903,1.16172,-0.264575,35,32765
4.33286,1.14713,-0.265508,35,32765
4.34628,1.1351,-0.267265,34,32765
4.31132,1.11073,-0.265376,30,32765
4.26658,1.08399,-0.263336,26,32765
4.28947,1.07454,-0.265907,24,32765
4.14767,1.02413,-0.25774,13,32765
4.14133,1.00776,-0.258339,15,32765
4.15437,0.996097,-0.259583,17,32765
4.21589,0.995977,-0.264442,12,32765
4.24834,0.988501,-0.267089,11,32765
4.35863,0.998526,-0.275063,12,32765
4.1088,0.926657,-0.259823,12,32765
4.18983,0.92991,-0.265693,12,32765
4.2416,0.926443,-0.27021,13,32765
4.25443,0.914188,-0.271387,15,32765
4.3258,0.9141,-0.277087,16,32765
4.32881,0.899297,-0.278512,19,32765
4.31223,0.880523,-0.278278,20,32765
4.43259,0.889122,-0.287173,20,32765
4.37679,0.862429,-0.28432,22,32765
4.36983,0.84554,-0.284972,21,32765
4.38241,0.832651,-0.286539,22,32765
4.32626,0.806977,-0.283525,18,32765
2.5816,0.472557,-0.170023,16,32765
2.51439,0.451525,-0.16601,18,32765
2.4864,0.437638,-0.164879,20,32765
2.50752,0.432482,-0.166809,20,32765
2.48928,0.420512,-0.165963,21,32765
2.46114,0.407089,-0.164556,20,32765
2.45262,0.397176,-0.164402,20,32765
2.41448,0.382576,-0.16257,20,32765
2.41571,0.374419,-0.163256,21,32765
2.41696,0.366119,-0.163605,20,32765
2.4083,0.356305,-0.163554,20,32765
2.38972,0.345206,-0.162662,20,32765
2.40073,0.338454,-0.163871,20,32765
2.36227,0.324985,-0.161708,19,32765
2.35344,0.315725,-0.16141,19,32765
2.31489,0.302518,-0.159329,19,32765
2.30597,0.293399,-0.159083,19,32765
2.28712,0.283177,-0.158056,19,32765
2.28802,0.275532,-0.158619,19,32765
2.27899,0.266867,-0.158075,19,32765
2.2501,0.255915,-0.156334,19,32765
2.26083,0.249472,-0.157476,19,32765
2.21205,0.236395,-0.154423,19,32765
2.20291,0.227806,-0.153902,18,32765
2.20366,0.220401,-0.154013,20,32765
2.21429,0.213857,-0.15523,19,32765
2.19511,0.204615,-0.154074,19,32765
2.16595,0.194504,-0.152423,19,32765
2.10696,0.182013,-0.148261,19,32765
2.13737,0.177334,-0.150604,19,32765
2.13796,0.170071,-0.150617,19,32765
2.1385,0.162937,-0.150857,19,32765
2.08926,0.152222,-0.147773,19,32765
2.10965,0.146759,-0.149145,19,32765
2.0504,0.135795,-0.144967,19,32765
2.03094,0.127657,-0.143524,19,32765
2.02138,0.120284,-0.14309,19,32765
2.02177,0.113499,-0.143112,20,32765
1.99225,0.105279,-0.140961,20,32765
1.99258,0.0987069,-0.141023,20,32765
1.98295,0.0916115,-0.140092,20,32765
1.97328,0.0846542,-0.139326,20,32765
1.9835,0.078477,-0.140185,21,32765
1.96382,0.0711916,-0.138662,20,32765
1.98401,0.0653248,-0.139837,21,32765
1.95431,0.0577746,-0.137646,20,32765
1.9545,0.0512696,-0.137487,20,32765
1.92475,0.0440683,-0.135325,20,32765
1.95481,0.0383438,-0.137352,19,32765
2.14446,0.0350302,-0.150158,13,32765
2.40392,0.0312548,-0.168199,13,32765
2.26439,0.0220406,-0.157903,13,32765
2.31435,0.0149318,-0.161136,14,32765
2.2745,0.00714432,-0.158041,14,32765
2.28453,-0.000419017,-0.158137,15,32765
2.28456,-0.00813284,-0.157511,16,32765
2.26461,-0.0156623,-0.155585,16,32765
2.14488,-0.0219104,-0.146692,15,32765
2.00519,-0.026869,-0.136393,15,32765
4.14045,1.37787,-0.234701,30,32765
4.14466,1.36458,-0.237943,29,32765
4.1584,1.35411,-0.241886,29,32765
4.18165,1.34666,-0.245646,30,32765
4.21441,1.342,-0.25039,31,32765
4.19968,1.32185,-0.252033,31,32765
4.1943,1.30509,-0.254162,30,32765
4.19846,1.29114,-0.256697,30,32765
4.24074,1.28898,-0.261276,29,32765
4.22566,1.26938,-0.262444,30,32765
4.23926,1.25818,-0.265687,30,32765
4.24327,1.24418,-0.26763,29,32765
4.28566,1.24089,-0.27239,30,32765
4.28004,1.22385,-0.273996,31,32765
4.28395,1.20966,-0.275892,30,32765
4.28779,1.19542,-0.278327,31,32765
4.28198,1.17862,-0.279279,31,32765
4.3147,1.17198,-0.283244,30,32765
4.32819,1.15995,-0.285247,28,32765
4.2837,1.13263,-0.283924,22,32765
4.31637,1.12569,-0.287587,17,32765
4.30067,1.10628,-0.28791,13,32765
0,0,-0,0,32765
0,0,-0,0,32765
4.28216,1.05587,-0.290913,11,32765
0,0,-0,0,32765
4.43448,1.06197,-0.304163,12,32765
4.2826,1.0102,-0.294817,12,32765
4.23732,0.984315,-0.293049,13,32765
4.25033,0.97193,-0.29488,14,32765
4.35085,0.979438,-0.302836,15,32765
4.3735,0.969037,-0.305835,17,32765
4.39619,0.958484,-0.308061,18,32765
4.37979,0.939514,-0.308047,17,32765
4.40242,0.928707,-0.310358,18,32765
4.3957,0.911725,-0.310727,18,32765
4.27161,0.871004,-0.302664,17,32765
4.38206,0.87799,-0.311581,17,32765
4.34578,0.855339,-0.310096,17,32765
4.3388,0.838824,-0.30997,18,32765
4.29255,0.81483,-0.30734,16,32765
2.55945,0.476977,-0.183825,19,32765
2.6297,0.480827,-0.189449,16,32765
2.53311,0.454264,-0.182684,17,32765
2.6132,0.459416,-0.189055,17,32765
2.55573,0.440417,-0.185092,18,32765
2.52767,0.426897,-0.18318,19,32765
2.49953,0.413482,-0.181666,18,32765
2.47134,0.400189,-0.180076,18,32765
2.51208,0.397862,-0.183421,18,32765
2.48386,0.384576,-0.181445,18,32765
2.49501,0.377408,-0.182746,19,32765
2.43706,0.360086,-0.178761,18,32765
2.458,0.354655,-0.180471,19,32765
2.45914,0.346375,-0.180945,18,32765
2.40099,0.329891,-0.176949,18,32765
2.44161,0.327078,-0.180208,18,32765
2.34377,0.305904,-0.173407,18,32765
2.35467,0.299216,-0.174399,18,32765
2.34574,0.290023,-0.174093,17,32765
2.3467,0.282077,-0.174191,18,32765
2.3278,0.271841,-0.173103,18,32765
2.27912,0.258359,-0.169831,18,32765
2.29978,0.252815,-0.171689,18,32765
2.28077,0.24295,-0.170446,17,32765
2.23195,0.230096,-0.167212,18,32765
2.27238,0.226573,-0.170499,18,32765
2.20362,0.21218,-0.165657,17,32765
2.24401,0.208498,-0.168967,18,32765
2.21486,0.198305,-0.167287,17,32765
2.21551,0.190824,-0.167394,18,32765
2.20615,0.182535,-0.167261,18,32765
2.16698,0.171872,-0.16456,18,32765
2.10786,0.160037,-0.160399,17,32765
2.14812,0.155776,-0.163994,18,32765
2.10882,0.145791,-0.161314,18,32765
2.08937,0.137469,-0.160092,18,32765
2.10968,0.131787,-0.162117,19,32765
2.09017,0.123654,-0.160956,19,32765
2.09052,0.116739,-0.161523,19,32765
2.04109,0.107188,-0.158014,19,32765
2.06134,0.101441,-0.159678,18,32765
2.05166,0.0940568,-0.159533,19,32765
2.06187,0.0876581,-0.160934,18,32765
2.0422,0.0800456,-0.159717,20,32765
2.03245,0.0728172,-0.159533,20,32765
2.04261,0.0663704,-0.160688,19,32765
2.12249,0.0617879,-0.167656,16,32765
2.24224,0.0578383,-0.177519,13,32765
2.38189,0.0534762,-0.189351,14,32765
2.30228,0.0440271,-0.18344,14,32765
2.42197,0.0383511,-0.193657,14,32765
2.36221,0.029599,-0.189744,14,32765
2.36223,0.0219758,-0.190549,14,32765
2.30243,0.0139745,-0.186283,15,32765
2.18281,0.00611702,-0.177176,15,32765
2.16281,-0.000999147,-0.176464,14,32765
2.06306,-0.00778874,-0.169209,15,32765
2.09287,-0.0147538,-0.172316,15,32765
2.08276,-0.0214479,-0.172444,14,32765
2.12245,-0.0287328,-0.176897,14,32765
4.09909,1.36811,-0.273152,33,32765
4.15064,1.37056,-0.279558,34,32765
4.17385,1.36315,-0.284249,33,32765
4.17811,1.34948,-0.286906,33,32765
4.18232,1.33571,-0.289956,34,32765
4.19612,1.32463,-0.293389,34,32765
4.20027,1.3108,-0.296097,34,32765
4.23303,1.30561,-0.300671,34,32765
4.24669,1.2946,-0.3036,35,32765
4.24118,1.27781,-0.305275,35,32765
4.23566,1.26083,-0.307238,34,32765
4.20139,1.23554,-0.306391,30,32765
4.13834,1.20178,-0.303772,25,32765
4.14218,1.18793,-0.305919,21,32765
4.0116,1.13612,-0.297784,16,32765
4.06323,1.13617,-0.303656,13,32765
4.17261,1.15192,-0.313092,12,32765
4.01275,1.09319,-0.302768,12,32765
4.09339,1.10028,-0.309876,12,32765
4.2319,1.12226,-0.321918,12,32765
4.12942,1.08014,-0.315523,12,32765
4.23912,1.09369,-0.325223,13,32765
4.12665,1.04999,-0.318066,15,32765
4.13975,1.03849,-0.319946,16,32765
4.24954,1.05095,-0.330137,20,32765
4.19482,1.02241,-0.327177,19,32765
4.29505,1.03165,-0.336422,21,32765
4.24993,1.00549,-0.333921,21,32765
4.25321,0.990964,-0.335504,21,32765
4.21765,0.967345,-0.333594,19,32765
4.19164,0.946426,-0.332454,20,32765
4.2239,0.938697,-0.336359,21,32765
4.13934,0.905192,-0.330199,20,32765
4.14226,0.891233,-0.33148,19,32765
4.15496,0.879144,-0.333149,20,32765
4.18713,0.871082,-0.336504,20,32765
4.12161,0.842953,-0.331898,20,32765
4.09505,0.822963,-0.330754,20,32765
4.1173,0.81282,-0.333564,19,32765
4.11019,0.797033,-0.333316,18,32765
4.13239,0.786806,-0.335742,19,32765
2.54758,0.476206,-0.207538,18,32765
2.53933,0.465717,-0.207411,23,32765
2.60955,0.469398,-0.213331,18,32765
2.52274,0.444868,-0.206796,18,32765
2.51439,0.434618,-0.206289,19,32765
2.48633,0.421202,-0.204093,20,32765
2.51719,0.417683,-0.207143,21,32765
2.45952,0.399502,-0.202842,20,32765
2.4707,0.392516,-0.204123,20,32765
2.43264,0.37781,-0.201049,20,32765
2.42404,0.367811,-0.2008,20,32765
2.43513,0.360919,-0.201966,21,32765
2.40673,0.348341,-0.199771,19,32765
2.38812,0.337424,-0.198595,20,32765
2.3596,0.325222,-0.196492,20,32765
2.34091,0.314576,-0.195181,19,32765
2.37156,0.310511,-0.198153,20,32765
2.32316,0.296149,-0.194282,18,32765
2.334,0.289491,-0.195535,19,32765
2.28549,0.275599,-0.191488,19,32765
2.28638,0.267863,-0.191865,19,32765
2.29714,0.261243,-0.19311,20,32765
2.25836,0.249068,-0.190155,19,32765
2.22945,0.238258,-0.187886,19,32765
2.22029,0.229647,-0.18752,19,32765
2.22103,0.222185,-0.187829,20,32765
2.19198,0.211762,-0.185681,19,32765
2.18273,0.203484,-0.185158,19,32765
2.15358,0.19347,-0.183182,18,32765
2.17407,0.187893,-0.184975,19,32765
2.16471,0.179722,-0.184737,19,32765
2.12555,0.169172,-0.181655,19,32765
2.11615,0.161231,-0.181177,19,32765
2.05701,0.149699,-0.176618,19,32765
2.06741,0.143443,-0.177821,19,32765
2.05791,0.135892,-0.177262,19,32765
2.03843,0.127807,-0.176033,20,32765
2.03881,0.121068,-0.176393,20,32765
1.99936,0.112075,-0.173493,20,32765
2.02954,0.106997,-0.176418,20,32765
2.02987,0.10029,-0.176539,19,32765
2.02019,0.0929929,-0.176291,16,32765
2.03039,0.0866827,-0.177777,16,32765
2.05054,0.0807215,-0.17986,17,32765
2.13039,0.0766701,-0.187468,17,32765
1.96135,0.0640292,-0.172935,18,32765
2.16064,0.0632092,-0.191201,15,32765
2.34999,0.0609354,-0.208381,14,32765
2.36007,0.0532851,-0.210043,14,32765
2.3602,0.0454127,-0.210481,15,32765
2.14118,0.0341389,-0.191551,15,32765
2.09141,0.0264166,-0.187865,16,32765
2.02171,0.0189949,-0.182293,15,32765
2.06155,0.0126857,-0.186384,14,32765
2.07149,0.0059615,-0.187825,14,32765
2.19093,-0.000865048,-0.19958,13,32765
2.01158,-0.00747647,-0.184105,14,32765
2.08119,-0.0145672,-0.191136,13,32765
2.06113,-0.021139,-0.190247,13,32765
2.09082,-0.0282346,-0.19414,15,32765
4.10283,1.37377,-0.339334,30,32765
4.12627,1.3666,-0.340502,30,32765
4.15908,1.3625,-0.343157,30,32765
4.15412,1.34567,-0.341886,30,32765
4.17754,1.33792,-0.343678,29,32765
4.19143,1.32699,-0.345182,27,32765
4.14819,1.29829,-0.34136,21,32765
4.1238,1.27585,-0.339718,17,32765
4.08027,1.24775,-0.33598,13,32765
4.06525,1.22855,-0.334642,12,32765
0,0,-0,0,32765
0,0,-0,0,32765
0,0,-0,0,32765
4.21541,1.2121,-0.348015,12,32765
4.02762,1.14349,-0.33274,12,32765
3.94502,1.10561,-0.326428,11,32765
4.06395,1.12423,-0.336637,12,32765
4.29847,1.17351,-0.356278,13,32765
4.13865,1.11509,-0.343772,14,32765
4.23869,1.12673,-0.35214,15,32765
4.2038,1.10227,-0.350169,16,32765
4.25578,1.10036,-0.354455,16,32765
4.19184,1.06849,-0.349896,16,32765
4.17602,1.04935,-0.349425,17,32765
4.25688,1.05447,-0.356477,17,32765
4.23126,1.03308,-0.355046,18,32765
4.25404,1.02347,-0.357422,16,32765
4.18954,0.992931,-0.352475,17,32765
4.17346,0.973976,-0.351541,18,32765
4.18641,0.961797,-0.3536,17,32765
4.14102,0.936355,-0.350454,18,32765
4.18299,0.931039,-0.354582,18,32765
4.15686,0.910501,-0.352764,18,32765
4.15986,0.896295,-0.353756,17,32765
4.15302,0.880065,-0.354213,17,32765
4.18522,0.871888,-0.357545,18,32765
4.14908,0.84951,-0.354941,18,32765
4.14212,0.833157,-0.355382,17,32765
4.12536,0.814991,-0.35441,18,32765
4.12804,0.800935,-0.355201,18,32765
4.16982,0.794323,-0.359548,18,32765
4.07448,0.761911,-0.351703,15,32765
2.68527,0.492773,-0.232547,19,32765
2.69667,0.485444,-0.234148,14,32765
2.55108,0.450383,-0.221706,16,32765
2.58198,0.44676,-0.225082,17,32765
2.5638,0.434559,-0.223985,17,32765
2.53575,0.420743,-0.222182,19,32765
2.50764,0.407198,-0.220059,18,32765
2.49914,0.397016,-0.219767,19,32765
2.51024,0.390007,-0.221555,19,32765
2.50171,0.379939,-0.220691,19,32765
2.43394,0.361058,-0.215574,17,32765
2.46471,0.356956,-0.218607,17,32765
2.47571,0.349949,-0.220207,18,32765
2.43735,0.336174,-0.21723,18,32765
2.44829,0.329352,-0.21864,17,32765
2.40985,0.315897,-0.215526,18,32765
2.41086,0.30769,-0.216021,17,32765
2.38221,0.29571,-0.213848,17,32765
2.35349,0.283962,-0.211822,17,32765
2.39397,0.280667,-0.215715,17,32765
2.34538,0.266975,-0.211658,17,32765
2.32641,0.256961,-0.210427,18,32765
2.30742,0.247043,-0.208995,17,32765
2.28839,0.237225,-0.207642,17,32765
2.25941,0.226477,-0.205362,18,32765
2.27995,0.220717,-0.207635,18,32765
2.23108,0.208387,-0.203416,17,32765
2.2119,0.199098,-0.201923,18,32765
2.21252,0.191641,-0.202311,18,32765
2.21314,0.1843,-0.202352,18,32765
2.18392,0.174483,-0.200084,17,32765
2.17455,0.166449,-0.199359,18,32765
2.10554,0.15406,-0.193329,18,32765
2.12589,0.148441,-0.195295,19,32765
2.1363,0.14202,-0.196352,19,32765
2.10693,0.132953,-0.193833,19,32765
2.08747,0.124752,-0.192082,19,32765
2.08787,0.117768,-0.192205,19,32765
2.06833,0.109753,-0.19068,19,32765
2.08859,0.103882,-0.192325,19,32765
2.22817,0.103356,-0.205394,14,32765
2.27825,0.0980821,-0.209848,15,32765
2.28851,0.0908879,-0.210846,15,32765
2.33855,0.0849989,-0.215543,15,32765
2.32889,0.0769002,-0.214399,14,32765
2.23955,0.0665206,-0.206183,16,32765
2.36918,0.0626253,-0.217826,13,32765
2.39925,0.0554815,-0.220551,14,32765
2.36955,0.0468564,-0.217771,14,32765
2.24029,0.0367629,-0.205539,15,32765
2.08108,0.0272273,-0.190903,15,32765
2.08119,0.0203961,-0.190637,14,32765
2.11114,0.0138241,-0.193145,13,32765
2.15104,0.0070219,-0.196431,14,32765
2.16105,-9.65065e-05,-0.196915,13,32765
2.17103,-0.00737193,-0.197432,14,32765
0,-0,-0,0,32765
2.05157,-0.0204442,-0.185092,13,32765
2.05156,-0.0271548,-0.184331,14,32765
3.84337,1.29092,-0.356296,14,32765
3.94216,1.3097,-0.364676,15,32765
3.95584,1.29997,-0.365851,12,32765
4.02649,1.30839,-0.371507,12,32765
4.10668,1.31933,-0.378731,11,32765
4.24393,1.34779,-0.391712,12,32765
3.97272,1.24724,-0.36639,12,32765
3.97674,1.23418,-0.367075,13,32765
4.04742,1.24155,-0.373409,13,32765
3.97521,1.20507,-0.366611,14,32765
4.06511,1.21729,-0.375117,16,32765
4.12644,1.22063,-0.380737,18,32765
4.0731,1.18989,-0.376312,18,32765
4.09623,1.18149,-0.378605,20,32765
4.15762,1.18406,-0.384477,20,32765
4.15195,1.16721,-0.384455,21,32765
4.1558,1.15321,-0.385153,21,32765
4.02514,1.1023,-0.37321,20,32765
4.0864,1.10443,-0.379587,20,32765
4.04196,1.07777,-0.375481,20,32765
4.11291,1.08178,-0.382945,20,32765
4.04908,1.05016,-0.376928,21,32765
4.06223,1.03867,-0.378863,20,32765
4.056,1.02235,-0.379075,21,32765
4.03037,1.00146,-0.376921,20,32765
4.07232,0.997362,-0.381501,21,32765
4.00784,0.967237,-0.375868,19,32765
4.03042,0.958192,-0.37841,19,32765
4.05303,0.948817,-0.38091,20,32765
3.99795,0.921365,-0.376631,20,32765
3.9719,0.900917,-0.374809,19,32765
3.97485,0.887474,-0.375607,19,32765
3.99722,0.878273,-0.378077,20,32765
3.99039,0.862471,-0.378112,19,32765
3.96397,0.842636,-0.376575,19,32765
3.98627,0.833047,-0.379225,20,32765
3.95979,0.813301,-0.377143,19,32765
4.02103,0.811346,-0.383958,20,32765
3.98468,0.789681,-0.380912,20,32765
3.96774,0.772263,-0.379808,19,32765
3.96049,0.756832,-0.379806,19,32765
3.89448,0.730558,-0.373812,18,32765
3.96534,0.729988,-0.381713,20,32765
3.89911,0.704136,-0.376206,17,32765
2.62708,0.465279,-0.253665,16,32765
2.56973,0.446061,-0.248802,17,32765
2.49268,0.423858,-0.241803,18,32765
2.52353,0.420061,-0.245429,19,32765
2.4758,0.403322,-0.241109,20,32765
2.48695,0.396357,-0.242636,20,32765
2.41936,0.377106,-0.236814,20,32765
2.43048,0.37032,-0.237782,20,32765
2.39227,0.356035,-0.234881,21,32765
2.43285,0.353495,-0.239157,21,32765
2.39455,0.33959,-0.235987,20,32765
2.37592,0.328781,-0.234565,20,32765
2.34737,0.316822,-0.232155,19,32765
2.37799,0.312757,-0.235489,20,32765
2.30989,0.295789,-0.229124,19,32765
2.34048,0.291506,-0.232538,20,32765
2.28213,0.276282,-0.227268,19,32765
2.33244,0.27438,-0.232512,19,32765
2.30365,0.263119,-0.22995,18,32765
2.31435,0.256506,-0.231491,18,32765
2.26569,0.243413,-0.226897,18,32765
2.25656,0.234739,-0.226342,18,32765
2.2474,0.226062,-0.225765,18,32765
2.22831,0.216479,-0.224237,18,32765
2.19928,0.206148,-0.221539,18,32765
2.19002,0.197836,-0.220853,19,32765
2.15099,0.186986,-0.217233,19,32765
2.17142,0.181487,-0.219277,20,32765
2.13231,0.170988,-0.215716,19,32765
2.11301,0.162343,-0.213889,19,32765
2.08374,0.153041,-0.211216,19,32765
2.08422,0.146089,-0.211355,20,32765
2.04498,0.136477,-0.207469,19,32765
2.0454,0.12958,-0.207683,19,32765
2.04582,0.122753,-0.20776,18,32765
2.076,0.117578,-0.210908,18,32765
2.05648,0.109581,-0.209194,18,32765
2.10654,0.105223,-0.214058,18,32765
2.11679,0.09862,-0.215303,17,32765
2.2364,0.0967143,-0.227305,15,32765
2.28641,0.0912272,-0.232437,15,32765
2.3364,0.0853315,-0.237605,15,32765
2.31681,0.0768873,-0.235357,15,32765
2.25738,0.067406,-0.229327,15,32765
2.23772,0.0594827,-0.227052,16,32765
2.07877,0.0483606,-0.210889,15,32765
2.10877,0.0419743,-0.213885,14,32765
2.12882,0.0351913,-0.215583,15,32765
2.13888,0.0282229,-0.21657,14,32765
2.0594,0.0203944,-0.208249,14,32765
2.06942,0.0137454,-0.209031,14,32765
2.0297,0.00679809,-0.204674,13,32765
2.06955,6.4344e-05,-0.208279,14,32765
2.05962,-0.00685665,-0.206908,13,32765
0,-0,-0,0,32765
1.99003,-0.0197351,-0.198483,14,32765
2.09948,-0.0277072,-0.208621,13,32765
4.14818,1.38919,-0.367217,27,32765
4.07681,1.35041,-0.36347,18,32765
3.97685,1.30275,-0.357098,12,32765
0,0,-0,0,32765
0,0,-0,0,32765
4.27391,1.35321,-0.390562,11,32765
4.11656,1.28834,-0.378143,12,32765
4.13013,1.27761,-0.38124,12,32765
4.14365,1.26687,-0.384292,13,32765
4.1571,1.25615,-0.387566,14,32765
4.1801,1.24817,-0.391407,16,32765
4.19361,1.23713,-0.394041,17,32765
4.22618,1.23147,-0.399136,17,32765
4.14401,1.19249,-0.392489,17,32765
4.11903,1.1704,-0.392078,17,32765
4.09405,1.14817,-0.391572,17,32765
4.06901,1.12628,-0.390187,18,32765
4.08225,1.11508,-0.392875,18,32765
4.05695,1.0936,-0.391898,18,32765
4.10851,1.09292,-0.398235,18,32765
4.02532,1.05643,-0.391345,17,32765
4.1347,1.07038,-0.403349,19,32765
4.06096,1.03669,-0.397426,17,32765
4.03537,1.01553,-0.396111,18,32765
4.08694,1.01383,-0.402516,19,32765
4.02259,0.983144,-0.397232,17,32765
3.92897,0.94618,-0.389229,16,32765
4.03857,0.958077,-0.401132,17,32765
4.03196,0.942165,-0.401516,17,32765
4.02523,0.926513,-0.40201,18,32765
3.99905,0.906445,-0.400444,17,32765
3.90477,0.871448,-0.392143,17,32765
3.91735,0.860274,-0.393996,16,32765
4.01745,0.867803,-0.404864,17,32765
3.98137,0.845656,-0.4021,17,32765
3.90622,0.81569,-0.395207,17,32765
3.93806,0.808537,-0.399452,18,32765
3.89186,0.785482,-0.395648,17,32765
3.91391,0.776086,-0.398917,17,32765
3.86759,0.753363,-0.394751,17,32765
3.87005,0.740092,-0.395708,16,32765
3.90178,0.73232,-0.399921,17,32765
3.87485,0.713516,-0.397539,18,32765
3.88693,0.701968,-0.399895,16,32765
3.86962,0.685364,-0.398539,14,32765
2.62695,0.456012,-0.271238,15,32765
2.5892,0.440505,-0.267593,16,32765
2.59062,0.431727,-0.26819,17,32765
2.54289,0.414907,-0.263922,19,32765
2.54425,0.406239,-0.264271,17,32765
2.47677,0.386711,-0.257782,18,32765
2.49769,0.381139,-0.260497,19,32765
2.48912,0.371022,-0.259884,20,32765
2.4411,0.355243,-0.255422,19,32765
2.40286,0.341346,-0.251708,19,32765
2.40397,0.333069,-0.252218,19,32765
2.42472,0.32759,-0.25496,19,32765
2.42582,0.31935,-0.254999,19,32765
2.37748,0.304716,-0.25063,18,32765
2.34884,0.293022,-0.24795,18,32765
2.36953,0.287402,-0.250415,19,32765
2.37043,0.279438,-0.250921,18,32765
2.33178,0.266958,-0.247259,18,32765
2.37215,0.2634,-0.252037,17,32765
2.30378,0.247896,-0.245023,17,32765
2.27489,0.236883,-0.242424,18,32765
2.26573,0.228203,-0.241883,17,32765
2.27634,0.221493,-0.243343,17,32765
2.27703,0.213767,-0.243759,18,32765
2.25788,0.204353,-0.24208,17,32765
2.23868,0.194893,-0.240715,18,32765
2.20956,0.184802,-0.237852,18,32765
2.21013,0.177285,-0.238362,19,32765
2.14128,0.164431,-0.231304,18,32765
2.14178,0.15718,-0.231647,18,32765
2.12243,0.148511,-0.229895,18,32765
2.11295,0.140733,-0.229234,19,32765
2.10342,0.132993,-0.228734,18,32765
2.19314,0.131243,-0.238743,15,32765
2.29276,0.129577,-0.250111,15,32765
2.28322,0.121274,-0.249418,15,32765
2.3332,0.116131,-0.255281,14,32765
2.32358,0.107907,-0.25482,15,32765
2.30401,0.0992429,-0.253153,15,32765
2.30426,0.0915665,-0.25382,14,32765
2.3343,0.0848963,-0.257541,15,32765
2.28485,0.0753941,-0.252572,15,32765
2.13601,0.0634356,-0.236524,14,32765
2.2355,0.0588831,-0.248101,13,32765
2.20581,0.0507703,-0.245442,13,32765
0,0,-0,0,32765
2.14636,0.0350633,-0.239783,13,32765
2.19609,0.0285241,-0.245892,13,32765
0,0,-0,0,32765
2.09673,0.0134026,-0.235875,12,32765
2.08676,0.00641747,-0.235388,13,32765
2.18603,-0.000458202,-0.247566,12,32765
2.14623,-0.00747856,-0.243415,13,32765
2.07655,-0.0140624,-0.236296,14,32765
2.01678,-0.0202313,-0.230373,16,32765
1.99677,-0.0266612,-0.228708,16,32765
3.79419,1.27466,-0.373849,12,32765
3.78867,1.25894,-0.37566,12,32765
3.95335,1.29916,-0.394477,14,32765
4.10883,1.33536,-0.412236,18,32765
3.99928,1.28511,-0.403259,18,32765
4.02233,1.2776,-0.407641,19,32765
4.05485,1.27307,-0.412829,21,32765
4.00181,1.24186,-0.409187,22,32765
4.04374,1.24026,-0.415199,22,32765
4.05709,1.22984,-0.418513,22,32765
4.03231,1.20788,-0.41756,22,32765
3.96934,1.17471,-0.412301,20,32765
3.99212,1.16699,-0.416556,20,32765
3.98632,1.15078,-0.416987,21,32765
3.92296,1.11825,-0.412189,20,32765
3.93614,1.10741,-0.415342,20,32765
3.92058,1.08868,-0.41464,20,32765
3.94327,1.08058,-0.418379,21,32765
3.88909,1.05171,-0.413997,20,32765
3.90201,1.04132,-0.41663,20,32765
3.9438,1.03836,-0.422212,20,32765
3.93746,1.0226,-0.422809,21,32765
3.94074,1.00924,-0.424364,20,32765
3.87651,0.978693,-0.418561,19,32765
3.89895,0.970314,-0.422236,20,32765
3.81522,0.935471,-0.41414,19,32765
3.85688,0.931821,-0.419854,19,32765
3.92761,0.934769,-0.428543,21,32765
3.81444,0.894224,-0.417153,19,32765
3.83663,0.885966,-0.420664,20,32765
3.85883,0.877502,-0.424084,19,32765
3.80337,0.85158,-0.419075,20,32765
3.78674,0.834301,-0.417788,20,32765
3.80891,0.825442,-0.420968,19,32765
3.8019,0.810176,-0.421002,19,32765
3.79484,0.795025,-0.420872,19,32765
3.83631,0.790229,-0.426447,19,32765
3.78036,0.765484,-0.421062,20,32765
3.78282,0.752561,-0.422307,19,32765
3.76574,0.735944,-0.42092,19,32765
3.75838,0.721113,-0.420761,20,32765
3.75094,0.706341,-0.420838,20,32765
3.76306,0.69523,-0.422544,20,32765
3.7555,0.680489,-0.422755,19,32765
3.67943,0.653852,-0.414576,18,32765
2.60448,0.453623,-0.294122,18,32765
2.56676,0.438152,-0.2901,17,32765
2.49955,0.417952,-0.282927,18,32765
2.5303,0.414244,-0.287064,18,32765
2.46297,0.394591,-0.279614,19,32765
2.46425,0.386061,-0.280266,19,32765
2.45567,0.376003,-0.279809,19,32765
2.44709,0.366004,-0.279096,20,32765
2.41877,0.353202,-0.276403,20,32765
2.40024,0.342149,-0.274562,20,32765
2.39151,0.33249,-0.273946,20,32765
2.36301,0.320362,-0.271222,21,32765
2.34438,0.309706,-0.269001,20,32765
2.29607,0.295314,-0.264137,21,32765
2.32658,0.291268,-0.267974,20,32765
2.29793,0.279705,-0.264938,20,32765
2.27907,0.269626,-0.263152,20,32765
2.31938,0.266492,-0.268227,19,32765
2.28072,0.254163,-0.264226,19,32765
2.27166,0.245329,-0.263416,18,32765
2.25266,0.235429,-0.261677,18,32765
2.24351,0.226801,-0.261037,17,32765
2.22444,0.21725,-0.259134,18,32765
2.20534,0.207815,-0.257234,18,32765
2.19609,0.199514,-0.256509,18,32765
2.15709,0.188511,-0.252619,19,32765
2.14779,0.180332,-0.251784,20,32765
2.15823,0.173802,-0.253443,20,32765
2.10925,0.162616,-0.248049,19,32765
2.08994,0.153993,-0.246055,20,32765
2.04087,0.143388,-0.240603,20,32765
2.13048,0.142491,-0.251531,18,32765
2.25972,0.14348,-0.26736,14,32765
2.28989,0.137624,-0.271191,17,32765
2.34976,0.133384,-0.278814,16,32765
2.28074,0.121689,-0.270969,15,32765
2.36042,0.118029,-0.28084,15,32765
2.33097,0.108766,-0.277928,16,32765
2.29158,0.0991927,-0.273706,16,32765
2.24221,0.0895554,-0.268431,15,32765
2.12338,0.0776358,-0.254578,15,32765
2.18312,0.0724389,-0.262204,15,32765
2.11382,0.0631463,-0.254281,15,32765
2.17351,0.05761,-0.262004,14,32765
2.09421,0.0485293,-0.253049,14,32765
0,0,-0,0,32765
2.12415,0.0349936,-0.257613,14,32765
2.09441,0.0274732,-0.254535,14,32765
0,0,-0,0,32765
2.015,0.0131032,-0.24595,15,32765
1.99511,0.00633828,-0.24413,17,32765
2.00494,-0.000234435,-0.246234,15,32765
2.05451,-0.00698726,-0.252664,14,32765
2.11393,-0.0141578,-0.260771,13,32765
2.14353,-0.0213619,-0.265359,13,32765
2.05406,-0.02731,-0.254924,14,32765
3.91001,1.31782,-0.444631,17,32765
3.92385,1.30792,-0.445382,18,32765
3.9659,1.30732,-0.450083,18,32765
3.99852,1.30347,-0.45354,17,32765
4.01223,1.29325,-0.45507,18,32765
3.97865,1.26755,-0.451271,18,32765
3.93543,1.2392,-0.446423,17,32765
3.90154,1.214,-0.443062,17,32765
3.97211,1.22121,-0.450937,18,32765
3.9666,1.205,-0.450562,18,32765
3.90388,1.17162,-0.443887,17,32765
3.96486,1.17542,-0.451522,17,32765
3.97828,1.16476,-0.453392,18,32765
3.97253,1.1485,-0.453405,19,32765
3.89982,1.11328,-0.44541,17,32765
3.87479,1.09191,-0.442973,17,32765
3.92625,1.09209,-0.449339,17,32765
3.91058,1.0737,-0.448246,16,32765
3.87567,1.05008,-0.445127,17,32765
3.93669,1.05249,-0.452513,17,32765
3.8537,1.01615,-0.443305,17,32765
3.86663,1.00546,-0.445651,17,32765
3.89879,0.999672,-0.450128,17,32765
3.86354,0.976578,-0.446609,19,32765
3.82815,0.954041,-0.442668,18,32765
3.81193,0.936239,-0.441787,17,32765
3.85355,0.932825,-0.447327,18,32765
3.84686,0.917537,-0.447447,19,32765
3.85957,0.906668,-0.449206,19,32765
3.8045,0.879795,-0.443454,17,32765
3.81713,0.868515,-0.445868,18,32765
3.77151,0.844437,-0.441312,18,32765
3.79367,0.835702,-0.44473,18,32765
3.76727,0.816412,-0.442195,17,32765
3.83793,0.818121,-0.45112,17,32765
3.74334,0.784605,-0.440774,17,32765
3.78482,0.779828,-0.446202,17,32765
3.76783,0.762928,-0.445337,18,32765
3.80929,0.75788,-0.450554,18,32765
3.80199,0.742921,-0.450494,18,32765
3.73612,0.716669,-0.44347,17,32765
3.73846,0.703886,-0.444294,17,32765
3.73091,0.689306,-0.44449,17,32765
3.69405,0.669524,-0.440596,17,32765
3.71578,0.660447,-0.443627,18,32765
3.69836,0.644167,-0.442256,18,32765
3.59275,0.613134,-0.430288,15,32765
2.64461,0.441998,-0.317269,16,32765
2.55784,0.41845,-0.307332,16,32765
2.56901,0.41128,-0.308928,18,32765
2.52128,0.394702,-0.303728,17,32765
2.54217,0.389144,-0.306656,18,32765
2.47471,0.370036,-0.298837,18,32765
2.49554,0.36436,-0.301883,18,32765
2.48689,0.354385,-0.301168,18,32765
2.43885,0.338987,-0.295838,18,32765
2.4301,0.329432,-0.294928,18,32765
2.39176,0.316051,-0.290671,19,32765
2.36322,0.304172,-0.287525,19,32765
2.34447,0.293758,-0.285577,19,32765
2.35528,0.28695,-0.287077,19,32765
2.33648,0.276571,-0.285094,18,32765
2.36696,0.272032,-0.289003,19,32765
2.32836,0.259622,-0.284479,18,32765
2.27985,0.24646,-0.27862,18,32765
2.30037,0.240713,-0.281542,17,32765
2.31105,0.233849,-0.282812,17,32765
2.28213,0.223038,-0.279677,16,32765
2.25324,0.212398,-0.276021,16,32765
2.30335,0.209275,-0.282317,17,32765
2.26448,0.197977,-0.277587,18,32765
2.18598,0.183642,-0.268107,18,32765
2.21624,0.178654,-0.271925,18,32765
2.20692,0.170391,-0.270849,19,32765
2.14806,0.158583,-0.263814,18,32765
2.10897,0.148539,-0.258964,18,32765
2.12927,0.142744,-0.2614,19,32765
2.33776,0.148848,-0.286881,14,32765
2.2887,0.137977,-0.280938,15,32765
2.35849,0.134403,-0.289576,14,32765
2.29947,0.123349,-0.282182,14,32765
2.28994,0.115215,-0.281086,14,32765
2.34982,0.110357,-0.288178,15,32765
2.30059,0.100324,-0.28215,15,32765
2.30095,0.0925976,-0.281915,14,32765
0,0,-0,0,32765
0,0,-0,0,32765
0,0,-0,0,32765
0,0,-0,0,32765
2.17329,0.0509021,-0.265205,13,32765
0,0,-0,0,32765
2.10413,0.0352409,-0.256483,13,32765
2.16382,0.0291262,-0.263545,13,32765
2.1937,0.0222992,-0.266987,12,32765
2.1442,0.0147412,-0.260362,13,32765
2.045,0.00717267,-0.248002,15,32765
2.01529,0.000386912,-0.243921,16,32765
2.12452,-0.00659564,-0.256845,15,32765
2.05508,-0.0132535,-0.247766,15,32765
2.04515,-0.0200653,-0.246113,15,32765
2.07495,-0.0273675,-0.24888,14,32765
3.78223,1.27903,-0.468172,19,32765
3.84304,1.28528,-0.47485,19,32765
3.77182,1.24751,-0.465941,19,32765
3.7759,1.23502,-0.466173,19,32765
3.83663,1.24078,-0.473608,20,32765
3.8124,1.21864,-0.470586,20,32765
3.75014,1.1848,-0.462916,19,32765
3.82041,1.19272,-0.472025,19,32765
3.78644,1.16802,-0.467657,20,32765
3.79976,1.15817,-0.469507,19,32765
3.78453,1.13959,-0.468025,20,32765
3.84533,1.14379,-0.476189,21,32765
3.72525,1.09432,-0.461605,20,32765
3.71928,1.07888,-0.461457,20,32765
3.80873,1.09091,-0.472818,20,32765
3.7359,1.05629,-0.464149,19,32765
3.77761,1.05426,-0.469765,20,32765
3.7427,1.03105,-0.466063,20,32765
3.74602,1.01835,-0.467299,20,32765
3.72056,0.998044,-0.46445,20,32765
3.74309,0.990294,-0.467551,20,32765
3.73671,0.97494,-0.467555,20,32765
3.71104,0.954727,-0.465048,21,32765
3.68532,0.934659,-0.462321,20,32765
3.70763,0.927111,-0.465236,20,32765
3.72989,0.919174,-0.468976,21,32765
3.70389,0.899618,-0.466368,20,32765
3.65849,0.875552,-0.461479,19,32765
3.67105,0.865294,-0.463303,21,32765
3.66426,0.850229,-0.463054,20,32765
3.73483,0.852667,-0.472866,21,32765
3.62143,0.813585,-0.459228,20,32765
3.66285,0.809625,-0.465251,19,32765
3.71398,0.807601,-0.472273,21,32765
3.63896,0.778351,-0.463309,20,32765
3.69974,0.778113,-0.471787,21,32765
3.65369,0.755384,-0.466418,19,32765
3.59774,0.730985,-0.460341,20,32765
3.62933,0.724554,-0.464662,20,32765
3.6414,0.713989,-0.466957,20,32765
3.60475,0.693854,-0.462989,19,32765
3.65575,0.690693,-0.470054,20,32765
3.63841,0.674547,-0.468872,20,32765
3.63084,0.660354,-0.468365,20,32765
3.57438,0.637528,-0.461486,20,32765
3.58622,0.626819,-0.463683,20,32765
3.53935,0.606139,-0.458257,20,32765
3.52173,0.590662,-0.456671,16,32765
2.59379,0.425828,-0.336809,16,32765
2.49724,0.401206,-0.324508,19,32765
2.50833,0.39407,-0.326474,20,32765
2.46057,0.377996,-0.320645,18,32765
2.452,0.367954,-0.319834,20,32765
2.44336,0.358025,-0.319216,19,32765
2.45434,0.35101,-0.320967,21,32765
2.36706,0.330203,-0.310016,21,32765
2.38778,0.324874,-0.312868,21,32765
2.36913,0.314208,-0.310808,20,32765
2.35045,0.303643,-0.308671,19,32765
2.37108,0.298192,-0.311708,19,32765
2.31299,0.282848,-0.304243,19,32765
2.33359,0.277264,-0.307253,19,32765
2.30493,0.265903,-0.303657,19,32765
2.25651,0.252566,-0.297453,20,32765
2.23761,0.242819,-0.295021,21,32765
2.23837,0.235129,-0.295518,21,32765
2.24902,0.228457,-0.29688,20,32765
2.22999,0.218797,-0.294757,19,32765
2.23073,0.211108,-0.294735,18,32765
2.21166,0.201748,-0.29236,18,32765
2.16293,0.189864,-0.285947,20,32765
2.15366,0.181667,-0.284855,19,32765
2.16412,0.175174,-0.286337,19,32765
2.12515,0.164765,-0.281241,20,32765
2.096,0.155397,-0.277563,20,32765
2.07673,0.146899,-0.274958,20,32765
2.15635,0.145193,-0.285439,18,32765
2.21619,0.141737,-0.293246,15,32765
2.3156,0.140234,-0.306475,15,32765
2.27644,0.13033,-0.301357,16,32765
2.38577,0.128587,-0.315674,15,32765
2.33667,0.118139,-0.309248,15,32765
2.30737,0.108907,-0.305111,15,32765
2.2879,0.100287,-0.302544,16,32765
2.19911,0.0889745,-0.290533,14,32765
0,0,-0,0,32765
0,0,-0,0,32765
0,0,-0,0,32765
0,0,-0,0,32765
2.11121,0.0498012,-0.277869,14,32765
0,0,-0,0,32765
2.14127,0.0361798,-0.281534,13,32765
2.1414,0.029121,-0.28134,16,32765
2.09194,0.0215345,-0.274652,15,32765
2.17139,0.0151872,-0.284473,15,32765
2.20122,0.00796181,-0.28804,13,32765
2.05256,0.000599182,-0.268101,12,32765
0,-0,-0,0,32765
2.13198,-0.0135775,-0.277465,11,32765
2.13198,-0.0207662,-0.27699,12,32765
2.10226,-0.0275995,-0.272298,14,32765
3.93545,1.3271,-0.472735,18,32765
3.89221,1.29853,-0.470585,18,32765
3.83947,1.26719,-0.466483,17,32765
3.90937,1.27598,-0.477791,17,32765
3.84702,1.24174,-0.472646,17,32765
3.79402,1.21082,-0.468388,16,32765
3.76927,1.18935,-0.467389,16,32765
3.8108,1.18868,-0.474556,18,32765
3.82391,1.17891,-0.478337,18,32765
3.83703,1.16915,-0.481523,17,32765
3.80266,1.14471,-0.47898,18,32765
3.83478,1.1403,-0.484868,18,32765
3.78127,1.1103,-0.479727,17,32765
3.76576,1.09166,-0.479402,17,32765
3.78831,1.0843,-0.483619,19,32765
3.82034,1.07943,-0.48975,17,32765
3.73772,1.04244,-0.480502,17,32765
3.76008,1.03512,-0.484983,17,32765
3.70591,1.00681,-0.479004,17,32765
3.70901,0.994439,-0.480843,18,32765
3.75055,0.991968,-0.48733,18,32765
3.75359,0.979412,-0.48928,18,32765
3.66055,0.942269,-0.478125,17,32765
3.702,0.93967,-0.48444,17,32765
3.69529,0.924836,-0.484892,17,32765
3.66936,0.904854,-0.482863,17,32765
3.64335,0.885142,-0.480545,17,32765
3.66553,0.87722,-0.484114,17,32765
3.72627,0.878261,-0.493103,17,32765
3.65175,0.847667,-0.484307,17,32765
3.66417,0.837313,-0.486701,18,32765
3.64746,0.820445,-0.485611,19,32765
3.64043,0.805879,-0.48521,17,32765
3.62366,0.789086,-0.483797,18,32765
3.66495,0.78498,-0.490231,17,32765
3.5996,0.757801,-0.482404,18,32765
3.62151,0.749344,-0.485877,18,32765
3.59476,0.730948,-0.483151,19,32765
3.59713,0.718534,-0.484102,19,32765
3.56056,0.698555,-0.479616,18,32765
3.63094,0.699481,-0.489761,18,32765
3.66237,0.692642,-0.494882,17,32765
3.56714,0.662125,-0.482377,18,32765
3.56929,0.649902,-0.483121,17,32765
3.61041,0.644549,-0.489361,17,32765
3.61252,0.632082,-0.4901,18,32765
3.57549,0.612917,-0.485617,16,32765
3.62632,0.609041,-0.492941,18,32765
2.69923,0.443862,-0.367045,13,32765
2.63219,0.423573,-0.358163,16,32765
2.56508,0.403494,-0.34926,17,32765
2.56641,0.394498,-0.349763,17,32765
2.5285,0.379749,-0.34479,18,32765
2.50029,0.366852,-0.341256,17,32765
2.4328,0.348527,-0.332258,20,32765
2.33581,0.32644,-0.319102,27,32765
2.31723,0.315622,-0.316886,23,32765
2.43616,0.323181,-0.333271,17,32765
2.40771,0.310948,-0.329781,19,32765
2.43821,0.306457,-0.334121,18,32765
2.3605,0.288571,-0.323659,17,32765
2.3516,0.279374,-0.322559,17,32765
2.34262,0.27029,-0.321702,17,32765
2.30411,0.257841,-0.316535,19,32765
2.29507,0.248881,-0.315606,18,32765
2.27615,0.238889,-0.3133,19,32765
2.26708,0.230043,-0.312162,19,32765
2.25797,0.22135,-0.310937,18,32765
2.2685,0.214579,-0.312832,17,32765
2.20997,0.201544,-0.304984,18,32765
2.20069,0.193185,-0.304181,19,32765
2.23088,0.188222,-0.308788,19,32765
2.18212,0.176734,-0.302003,18,32765
2.19253,0.170076,-0.303772,19,32765
2.1634,0.160447,-0.300087,20,32765
2.15402,0.152399,-0.298964,20,32765
2.25329,0.151728,-0.313155,17,32765
2.32295,0.1486,-0.323013,14,32765
2.35302,0.142621,-0.327668,14,32765
2.32376,0.133074,-0.323895,15,32765
2.38346,0.128495,-0.332726,14,32765
2.33434,0.117919,-0.326404,15,32765
2.305,0.10865,-0.322571,15,32765
0,0,-0,0,32765
0,0,-0,0,32765
0,0,-0,0,32765
0,0,-0,0,32765
2.13784,0.064773,-0.301739,13,32765
2.22707,0.0600435,-0.314726,13,32765
2.1678,0.0512679,-0.306783,14,32765
2.14805,0.0434907,-0.304813,15,32765
2.21741,0.0373858,-0.315078,14,32765
0,0,-0,0,32765
0,0,-0,0,32765
0,0,-0,0,32765
0,0,-0,0,32765
0,0,-0,0,32765
0,-0,-0,0,32765
0,-0,-0,0,32765
0,-0,-0,0,32765
2.21649,-0.0288663,-0.322367,13,32765
3.79809,1.28513,-0.494525,20,32765
3.70772,1.24119,-0.485628,20,32765
3.69256,1.22285,-0.485797,20,32765
3.66793,1.20126,-0.485165,19,32765
3.75645,1.21664,-0.499259,21,32765
3.68455,1.17991,-0.49186,22,32765
3.61245,1.14376,-0.484174,19,32765
3.7011,1.15842,-0.497985,20,32765
3.60987,1.11674,-0.487708,19,32765
3.63226,1.11055,-0.492163,20,32765
3.59776,1.08674,-0.489132,19,32765
3.66765,1.09435,-0.500366,20,32765
3.62358,1.06766,-0.495879,20,32765
3.63651,1.05782,-0.499205,19,32765
3.66845,1.05361,-0.504862,20,32765
3.58588,1.01668,-0.495388,20,32765
3.63682,1.01781,-0.503703,19,32765
3.57309,0.987042,-0.496375,19,32765
3.56666,0.972335,-0.496423,21,32765
3.58878,0.965538,-0.500868,20,32765
3.63017,0.963459,-0.507682,20,32765
3.61394,0.946249,-0.506884,20,32765
3.55931,0.919394,-0.500141,20,32765
3.58143,0.912229,-0.504094,20,32765
3.56503,0.895345,-0.503044,20,32765
3.51018,0.868624,-0.496595,20,32765
3.54184,0.86349,-0.502122,21,32765
3.62172,0.86977,-0.514055,21,32765
3.52811,0.834472,-0.50166,21,32765
3.53074,0.822456,-0.50304,20,32765
3.51409,0.805844,-0.501361,20,32765
3.50697,0.791624,-0.501408,20,32765
3.5192,0.781792,-0.50365,21,32765
3.54107,0.77383,-0.507562,21,32765
3.55321,0.763744,-0.510172,20,32765
3.53633,0.747125,-0.508624,21,32765
3.48061,0.722753,-0.501104,21,32765
3.50232,0.714692,-0.50505,20,32765
3.51435,0.704507,-0.507381,21,32765
3.47779,0.68476,-0.502507,19,32765
3.43138,0.663411,-0.49641,20,32765
3.51128,0.666459,-0.508796,20,32765
3.4745,0.647258,-0.5038,20,32765
3.52529,0.644214,-0.511594,20,32765
3.49813,0.626771,-0.508286,21,32765
3.47092,0.60952,-0.504751,20,32765
3.49241,0.600863,-0.508386,21,32765
3.4748,0.585734,-0.506209,21,32765
3.46696,0.572204,-0.505211,21,32765
3.36135,0.542906,-0.490105,17,32765
2.61037,0.412139,-0.380827,18,32765
2.53347,0.390884,-0.369915,18,32765
2.52497,0.380635,-0.368855,19,32765
2.53597,0.373482,-0.370768,19,32765
2.4588,0.353579,-0.35969,19,32765
2.46977,0.346468,-0.36138,20,32765
2.43167,0.33247,-0.356134,19,32765
2.43278,0.323967,-0.356407,19,32765
2.41418,0.312984,-0.354077,20,32765
2.3661,0.298545,-0.347175,20,32765
2.34741,0.288088,-0.344609,18,32765
2.32869,0.277738,-0.341972,19,32765
2.33938,0.270982,-0.343908,19,32765
2.34026,0.262928,-0.344153,19,32765
2.27223,0.247392,-0.334452,19,32765
2.27302,0.239524,-0.334855,19,32765
2.24427,0.228657,-0.330723,19,32765
2.22532,0.219048,-0.327953,20,32765
2.21613,0.210497,-0.327028,20,32765
2.20693,0.202112,-0.325888,20,32765
2.18781,0.192871,-0.323534,21,32765
2.18838,0.185431,-0.32404,20,32765
2.15941,0.175656,-0.319708,20,32765
2.15007,0.16752,-0.318644,21,32765
2.19003,0.16315,-0.324917,20,32765
2.24973,0.159897,-0.333956,20,32765
2.24033,0.151556,-0.332967,19,32765
2.2704,0.145926,-0.337606,16,32765
2.32017,0.14131,-0.34547,16,32765
2.36007,0.135822,-0.351715,17,32765
2.28142,0.123617,-0.34048,15,32765
2.31138,0.117367,-0.345477,15,32765
2.18329,0.103466,-0.326584,14,32765
0,0,-0,0,32765
0,0,-0,0,32765
0,0,-0,0,32765
0,0,-0,0,32765
2.17442,0.0663265,-0.327858,14,32765
2.11526,0.0574416,-0.319311,17,32765
2.11538,0.0504202,-0.31975,16,32765
2.20438,0.0450184,-0.334051,13,32765
2.09571,0.0356813,-0.317982,15,32765
0,0,-0,0,32765
0,0,-0,0,32765
0,0,-0,0,32765
0,0,-0,0,32765
0,0,-0,0,32765
0,-0,-0,0,32765
2.1545,-0.0135273,-0.33216,14,32765
2.15429,-0.0207526,-0.333163,14,32765
2.19359,-0.0283929,-0.340198,15,32765
3.5844,1.21609,-0.515368,18,32765
3.62568,1.21685,-0.522779,18,32765
3.6859,1.22377,-0.531932,18,32765
3.65207,1.19911,-0.528095,18,32765
3.63706,1.18075,-0.52649,17,32765
3.59367,1.15332,-0.521022,16,32765
3.63511,1.15316,-0.527925,18,32765
3.62936,1.13797,-0.527622,17,32765
3.60461,1.11703,-0.524522,17,32765
3.57977,1.09628,-0.521325,18,32765
3.57387,1.08124,-0.520841,16,32765
3.56793,1.06616,-0.520391,18,32765
3.5714,1.05394,-0.52143,17,32765
3.57488,1.04172,-0.522171,17,32765
3.52112,1.01323,-0.514869,18,32765
3.58161,1.01742,-0.523926,18,32765
3.53721,0.991849,-0.518124,18,32765
3.65497,1.01152,-0.535627,18,32765
3.53407,0.965191,-0.518386,17,32765
3.56587,0.960961,-0.523491,18,32765
3.53074,0.938437,-0.518971,18,32765
3.59125,0.941401,-0.52839,18,32765
3.5848,0.926498,-0.527642,18,32765
3.54948,0.904439,-0.522661,19,32765
3.4948,0.87794,-0.514996,17,32765
3.52647,0.873178,-0.520058,17,32765
3.56773,0.870634,-0.526664,18,32765
3.54169,0.851578,-0.523084,18,32765
3.50593,0.830313,-0.518304,18,32765
3.5472,0.827112,-0.525,17,32765
3.56926,0.818997,-0.528788,19,32765
3.51409,0.793199,-0.521146,19,32765
3.48778,0.774375,-0.517537,17,32765
3.55799,0.777017,-0.528558,19,32765
3.50247,0.752325,-0.520665,17,32765
3.46616,0.73212,-0.515858,17,32765
3.47822,0.722203,-0.518196,18,32765
3.51929,0.718202,-0.525067,18,32765
3.49254,0.700217,-0.521406,18,32765
3.53361,0.695821,-0.528237,17,32765
3.45816,0.66849,-0.517533,18,32765
3.42145,0.649034,-0.512681,17,32765
3.50136,0.651612,-0.525225,18,32765
3.4548,0.63054,-0.518889,18,32765
3.48602,0.623877,-0.524261,19,32765
3.47829,0.610101,-0.523589,17,32765
3.45097,0.593021,-0.520343,17,32765
3.51138,0.591079,-0.529931,18,32765
3.44491,0.567728,-0.520762,18,32765
3.40767,0.549732,-0.515469,17,32765
2.69627,0.425426,-0.408346,14,32765
2.59011,0.399479,-0.392761,16,32765
2.56204,0.385952,-0.389117,16,32765
2.52414,0.371185,-0.383834,17,32765
2.49598,0.358252,-0.379795,17,32765
2.52649,0.353702,-0.384895,18,32765
2.459,0.335577,-0.375261,17,32765
2.43067,0.323256,-0.371132,17,32765
2.41207,0.312417,-0.368687,18,32765
2.39343,0.301774,-0.366081,18,32765
2.39435,0.293648,-0.3667,18,32765
2.40511,0.28665,-0.368484,18,32765
2.30777,0.267165,-0.354007,18,32765
2.33807,0.262541,-0.359,18,32765
2.30941,0.251373,-0.354905,18,32765
2.32985,0.245488,-0.358401,18,32765
2.32078,0.236466,-0.357282,18,32765
2.29201,0.225593,-0.353102,18,32765
2.26319,0.215026,-0.348888,18,32765
2.2442,0.205585,-0.345963,18,32765
2.25468,0.198792,-0.347868,19,32765
2.21584,0.187765,-0.342493,18,32765
2.23615,0.181874,-0.345609,19,32765
2.18746,0.170466,-0.338174,19,32765
2.20773,0.164514,-0.341261,20,32765
2.25753,0.160568,-0.34912,19,32765
2.27774,0.154199,-0.35247,18,32765
2.36696,0.15221,-0.366545,15,32765
2.36747,0.144197,-0.366464,14,32765
2.32847,0.13391,-0.36039,14,32765
2.37821,0.128807,-0.368255,14,32765
2.30953,0.117241,-0.357658,14,32765
0,0,-0,0,32765
0,0,-0,0,32765
0,0,-0,0,32765
0,0,-0,0,32765
0,0,-0,0,32765
2.21268,0.067704,-0.342122,13,32765
2.1141,0.057631,-0.326916,16,32765
2.18348,0.0521951,-0.337339,14,32765
2.14416,0.0440256,-0.330975,13,32765
2.18384,0.0374752,-0.336931,14,32765
2.18399,0.0301896,-0.33672,14,32765
0,0,-0,0,32765
0,0,-0,0,32765
0,0,-0,0,32765
0,0,-0,0,32765
0,-0,-0,0,32765
2.21422,-0.0132933,-0.338633,13,32765
2.17474,-0.0202691,-0.331778,13,32765
2.23411,-0.0281831,-0.339954,13,32765
3.52214,1.19924,-0.542167,20,32765
3.52579,1.18756,-0.54413,20,32765
3.48257,1.1604,-0.537868,20,32765
3.55197,1.17041,-0.549569,20,32765
3.54631,1.1554,-0.549209,21,32765
3.50291,1.12822,-0.543246,19,32765
3.5065,1.11634,-0.544633,21,32765
3.46291,1.08967,-0.538336,19,32765
3.51362,1.09273,-0.546671,20,32765
3.4793,1.06933,-0.541704,20,32765
3.41654,1.03734,-0.532259,21,32765
3.44836,1.03412,-0.537586,21,32765
3.4707,1.02789,-0.541554,20,32765
3.45511,1.01043,-0.539315,21,32765
3.43935,0.99325,-0.537362,21,32765
3.48066,0.992293,-0.543991,22,32765
3.49337,0.983074,-0.546632,21,32765
3.43943,0.955287,-0.538399,21,32765
3.43298,0.940953,-0.537823,22,32765
3.43602,0.9293,-0.538697,20,32765
3.4295,0.914813,-0.538266,21,32765
3.46116,0.910571,-0.543712,21,32765
3.41635,0.886148,-0.536836,21,32765
3.41927,0.874407,-0.537477,20,32765
3.44127,0.867619,-0.54129,21,32765
3.39612,0.843945,-0.534541,20,32765
3.44683,0.844177,-0.543001,20,32765
3.46879,0.837075,-0.546694,20,32765
3.42343,0.813719,-0.54001,20,32765
3.38759,0.79277,-0.534901,19,32765
3.41914,0.787409,-0.540358,20,32765
3.40251,0.770817,-0.53822,20,32765
3.39546,0.756635,-0.537367,20,32765
3.39793,0.744781,-0.538311,20,32765
3.3907,0.73099,-0.537486,20,32765
3.34472,0.709067,-0.530745,19,32765
3.37603,0.703568,-0.536221,20,32765
3.38794,0.693951,-0.538816,19,32765
3.37084,0.67832,-0.536395,20,32765
3.3827,0.668577,-0.538932,20,32765
3.31698,0.643586,-0.528994,20,32765
3.30936,0.630115,-0.528381,20,32765
3.30169,0.616753,-0.527675,20,32765
3.3717,0.617683,-0.539477,20,32765
3.3056,0.593816,-0.529533,21,32765
3.25888,0.573775,-0.52249,20,32765
3.28988,0.567484,-0.528271,19,32765
3.26247,0.55127,-0.5243,20,32765
3.29341,0.544836,-0.530082,20,32765
3.29515,0.533621,-0.530672,19,32765
3.3066,0.523736,-0.533099,19,32765
3.25947,0.504662,-0.526107,19,32765
2.62642,0.397191,-0.424545,15,32765
2.50071,0.369177,-0.404681,18,32765
2.5019,0.360513,-0.405108,17,32765
2.46393,0.346306,-0.399395,19,32765
2.46499,0.337731,-0.400207,19,32765
2.45629,0.327968,-0.398981,20,32765
2.42794,0.315736,-0.394766,20,32765
2.40934,0.305008,-0.391977,20,32765
2.40047,0.295597,-0.391005,20,32765
2.37201,0.283865,-0.386496,19,32765
2.33364,0.271276,-0.380679,19,32765
2.31487,0.261017,-0.37795,19,32765
2.30586,0.252041,-0.376779,19,32765
2.29683,0.243035,-0.375645,19,32765
2.30741,0.236108,-0.377643,19,32765
2.27868,0.22525,-0.373182,19,32765
2.24991,0.214697,-0.368688,19,32765
2.26043,0.207985,-0.370409,19,32765
2.19225,0.194151,-0.359513,20,32765
2.20262,0.187489,-0.361823,19,32765
2.21307,0.180822,-0.363511,20,32765
2.15461,0.168687,-0.353993,21,32765
2.22405,0.166513,-0.365349,20,32765
2.26393,0.161797,-0.372059,20,32765
2.24473,0.152709,-0.369121,20,32765
2.27473,0.14701,-0.374307,16,32765
2.28508,0.139888,-0.37585,15,32765
2.30523,0.133265,-0.379124,16,32765
2.33519,0.127155,-0.384212,15,32765
2.20748,0.112678,-0.363232,14,32765
0,0,-0,0,32765
0,0,-0,0,32765
0,0,-0,0,32765
0,0,-0,0,32765
0,0,-0,0,32765
2.11071,0.0650444,-0.34678,16,32765
2.12077,0.0582542,-0.348468,14,32765
2.18019,0.0525477,-0.357923,13,32765
2.1804,0.0451785,-0.357661,14,32765
2.09176,0.0362657,-0.342957,14,32765
2.14124,0.0299565,-0.350839,14,32765
0,0,-0,0,32765
0,0,-0,0,32765
0,0,-0,0,32765
0,0,-0,0,32765
0,-0,-0,0,32765
0,-0,-0,0,32765
2.26035,-0.0208496,-0.366689,13,32765
0,-0,-0,0,32765
3.05813,2.25605,0.676529,26,32765
3.00209,2.19965,0.661373,23,32765
3.04923,2.21897,0.668768,24,32765
3.08887,2.23185,0.674255,24,32765
3.0886,2.21592,0.670696,24,32765
3.06423,2.18279,0.662071,24,32765
3.08782,2.18402,0.664074,23,32765
3.13573,2.20207,0.670984,25,32765
3.13542,2.18592,0.667343,25,32765
3.11053,2.15317,0.658828,24,32765
3.1341,2.1543,0.660285,25,32765
3.14949,2.14981,0.660223,26,32765
3.13222,2.12307,0.653743,24,32765
3.1804,2.14034,0.660398,26,32765
3.14673,2.10264,0.650094,24,32765
3.17032,2.10323,0.651972,25,32765
3.15285,2.07659,0.645131,23,32765
3.19288,2.08808,0.649884,24,32765
3.21651,2.08835,0.651915,26,32765
3.16555,2.04054,0.638682,24,32765
3.20582,2.05135,0.643618,24,32765
3.26273,2.07259,0.652205,27,32765
3.24473,2.0462,0.645684,25,32765
3.24331,2.03045,0.642357,25,32765
3.25019,2.01999,0.640545,26,32765
3.26545,2.01451,0.64086,26,32765
3.31441,2.02949,0.647675,27,32765
3.30441,2.00838,0.643167,27,32765
3.31147,1.99737,0.641157,27,32765
3.3436,2.00176,0.644809,29,32765
3.3335,1.98073,0.63982,28,32765
3.35725,1.97981,0.641622,30,32765
3.3639,1.96895,0.64027,29,32765
3.35347,1.94807,0.63576,28,32765
3.32583,1.91746,0.627943,20,32765
3.29804,1.88704,0.620065,15,32765
3.27878,1.86156,0.6137,14,32765
0,0,0,0,32765
3.28276,1.83518,0.609667,14,32765
3.30618,1.83406,0.611791,21,32765
3.39895,1.87085,0.626097,26,32765
3.4227,1.869,0.628089,27,32765
3.42909,1.85751,0.627263,29,32765
3.46165,1.86002,0.630599,31,32765
3.49406,1.86263,0.634245,30,32765
3.50892,1.85598,0.634985,32,32765
3.52384,1.84926,0.635356,30,32765
3.50373,1.8242,0.629411,29,32765
3.51875,1.81708,0.629832,29,32765
3.49856,1.79188,0.624203,29,32765
3.5489,1.80241,0.630499,28,32765
3.51992,1.77262,0.62296,29,32765
3.49063,1.74314,0.616006,28,32765
3.54093,1.75324,0.622858,28,32765
3.58235,1.75899,0.627941,29,32765
3.55282,1.72989,0.620449,28,32765
3.59427,1.73533,0.625624,28,32765
3.60011,1.72353,0.624725,29,32765
3.59709,1.70739,0.621832,29,32765
3.58498,1.68717,0.617662,28,32765
3.61758,1.68787,0.621121,29,32765
3.6054,1.66756,0.617042,27,32765
3.64698,1.67219,0.622008,28,32765
3.63471,1.6519,0.617813,27,32765
3.64936,1.64394,0.618199,30,32765
3.66401,1.6359,0.618432,28,32765
3.65157,1.61567,0.614197,27,32765
3.66607,1.60765,0.61474,29,32765
3.6626,1.59151,0.611599,28,32765
3.68616,1.58712,0.613889,28,32765
3.67342,1.56716,0.609581,27,32765
3.68786,1.55886,0.61002,26,32765
3.74793,1.5696,0.617613,30,32765
3.74426,1.55338,0.614448,28,32765
3.74034,1.53729,0.612118,30,32765
3.71815,1.51384,0.606012,28,32765
3.77824,1.52393,0.613949,31,32765
3.77417,1.50803,0.611201,28,32765
3.77016,1.49205,0.608019,27,32765
3.78439,1.48349,0.608101,27,32765
3.78943,1.47107,0.606852,28,32765
3.80367,1.46217,0.607057,27,32765
3.8456,1.464,0.611255,27,32765
3.82285,1.44094,0.605339,27,32765
3.86473,1.44244,0.610044,29,32765
3.86962,1.42989,0.608545,30,32765
3.92101,1.43421,0.614129,30,32765
3.91646,1.41821,0.611667,29,32765
3.90273,1.39873,0.606924,28,32765
3.95398,1.40294,0.61269,30,32765
3.94007,1.38369,0.607985,29,32765
3.9541,1.37435,0.607546,30,32765
3.93064,1.3521,0.601546,29,32765
3.97273,1.35218,0.605486,31,32765
4.00532,1.3492,0.608273,31,32765
3.96295,1.32077,0.599154,29,32765
4.00492,1.32081,0.603074,30,32765
3.98105,1.29934,0.59657,30,32765
3.99484,1.28996,0.595692,29,32765
3.99912,1.27761,0.593605,29,32765
4.06011,1.28316,0.599171,31,32765
3.06189,2.2614,0.640708,27,32765
3.0694,2.25152,0.639546,26,32765
3.07691,2.24164,0.638179,27,32765
3.07671,2.22555,0.635032,28,32765
3.09243,2.22114,0.634862,28,32765
3.11621,2.22228,0.636447,28,32765
3.07555,2.17775,0.625146,28,32765
3.12348,2.19588,0.631597,28,32765
3.16358,2.20797,0.636191,30,32765
3.08195,2.13571,0.616672,26,32765
3.15425,2.17051,0.627666,28,32765
3.13711,2.14368,0.621046,28,32765
3.16878,2.15017,0.624506,29,32765
3.18435,2.1453,0.624255,29,32765
3.21627,2.15141,0.627212,30,32765
3.20716,2.12994,0.622486,30,32765
3.23095,2.1303,0.623859,30,32765
3.19684,2.09289,0.613913,28,32765
3.25362,2.11468,0.622087,29,32765
3.22756,2.0827,0.614223,29,32765
3.2597,2.08802,0.617177,29,32765
3.26679,2.07733,0.615757,30,32765
3.24042,2.0456,0.607945,28,32765
3.26409,2.04557,0.6094,31,32765
3.2794,2.04024,0.609133,30,32765
3.29473,2.03466,0.609342,31,32765
3.31854,2.03409,0.611026,31,32765
3.33386,2.02833,0.611345,32,32765
3.32406,2.00699,0.60623,30,32765
3.33083,1.99612,0.604979,30,32765
3.32068,1.97508,0.600182,30,32765
3.35294,1.97924,0.603333,31,32765
3.38516,1.98336,0.606566,33,32765
3.36621,1.9574,0.600708,32,32765
3.38135,1.95139,0.600864,32,32765
3.32791,1.90598,0.58878,22,32765
3.33445,1.895,0.58722,19,32765
3.31499,1.86945,0.581768,18,32765
3.29551,1.84407,0.575702,18,32765
3.33626,1.85251,0.580643,20,32765
3.42053,1.88451,0.592502,26,32765
3.4617,1.89208,0.597293,32,32765
3.47687,1.88515,0.597951,33,32765
3.47472,1.86878,0.595023,33,32765
3.48974,1.86205,0.595407,32,32765
3.47839,1.84152,0.591595,33,32765
3.48452,1.83029,0.590398,31,32765
3.53448,1.84186,0.596588,34,32765
3.50563,1.81193,0.589518,32,32765
3.5558,1.82282,0.595973,33,32765
3.55339,1.8063,0.592949,33,32765
3.55971,1.79424,0.591653,34,32765
3.557,1.77783,0.589461,33,32765
3.56316,1.76577,0.588509,32,32765
3.61354,1.77583,0.594673,34,32765
3.6107,1.75957,0.591915,34,32765
3.59885,1.73901,0.587968,33,32765
3.59577,1.7229,0.585613,32,32765
3.59274,1.70674,0.582815,31,32765
3.5806,1.6865,0.578831,32,32765
3.65806,1.70815,0.589232,33,32765
3.64592,1.68767,0.585329,32,32765
3.66064,1.6798,0.585591,33,32765
3.66638,1.66762,0.584449,33,32765
3.67207,1.65547,0.583299,32,32765
3.66869,1.63927,0.580569,32,32765
3.71054,1.64303,0.585081,33,32765
3.67982,1.61492,0.578392,32,32765
3.73082,1.6224,0.58386,33,32765
3.74542,1.61386,0.584531,34,32765
3.71454,1.58588,0.577557,33,32765
3.73817,1.58129,0.579303,33,32765
3.73447,1.56511,0.576451,32,32765
3.74904,1.55649,0.576195,32,32765
3.76344,1.5479,0.576763,33,32765
3.80543,1.55048,0.580722,33,32765
3.80143,1.53436,0.578297,35,32765
3.80658,1.52204,0.577027,32,32765
3.79338,1.50228,0.572534,33,32765
3.81687,1.49725,0.573899,33,32765
3.82195,1.48471,0.572639,32,32765
3.85474,1.4828,0.5755,33,32765
3.8505,1.46683,0.572422,34,32765
3.85551,1.45421,0.570901,33,32765
3.87892,1.44867,0.572483,33,32765
3.87454,1.43262,0.569611,32,32765
3.91667,1.43353,0.573364,33,32765
3.90279,1.41415,0.569636,32,32765
3.93565,1.4114,0.571862,33,32765
3.93097,1.39563,0.569039,34,32765
3.9357,1.38299,0.567225,33,32765
3.96845,1.38016,0.56938,33,32765
3.98244,1.37073,0.569009,34,32765
3.96834,1.35147,0.564544,34,32765
4.04791,1.36433,0.573707,36,32765
4.03373,1.34512,0.569013,35,32765
4.02875,1.32942,0.565917,34,32765
4.05197,1.32322,0.566264,36,32765
4.03754,1.30447,0.561317,35,32765
4.06073,1.29801,0.56182,35,32765
4.0273,1.27348,0.553782,34,32765
3.07594,2.26848,0.607856,24,32765
3.05936,2.24104,0.603051,25,32765
3.06667,2.23114,0.602652,25,32765
3.09011,2.23268,0.604916,25,32765
3.04135,2.18215,0.5937,24,32765
3.10501,2.21218,0.603959,23,32765
3.10423,2.19637,0.601854,25,32765
3.13564,2.2034,0.605961,25,32765
3.11851,2.17646,0.600349,25,32765
3.14198,2.17758,0.602501,24,32765
3.16551,2.17855,0.604636,25,32765
3.14832,2.1514,0.599295,25,32765
3.16372,2.14664,0.599736,26,32765
3.13822,2.11409,0.592571,26,32765
3.17824,2.12565,0.597765,25,32765
3.18544,2.11517,0.596575,26,32765
3.21716,2.12122,0.600264,26,32765
3.23254,2.1161,0.60077,27,32765
3.20644,2.08404,0.593629,25,32765
3.24677,2.09485,0.598497,26,32765
3.26223,2.08944,0.598771,27,32765
3.22746,2.05234,0.5902,25,32765
3.2511,2.05233,0.591924,27,32765
3.26636,2.047,0.592185,27,32765
3.30684,2.05715,0.597091,28,32765
3.27182,2.02016,0.588414,26,32765
3.30396,2.0248,0.591961,26,32765
3.27711,1.9933,0.584558,26,32765
3.25847,1.96728,0.578507,24,32765
3.34146,2.00232,0.590723,27,32765
3.3481,1.99146,0.589833,28,32765
3.33778,1.97041,0.585782,28,32765
3.37872,1.97928,0.590163,30,32765
3.40253,1.978,0.592221,29,32765
3.39227,1.95673,0.587607,29,32765
3.34738,1.91617,0.57735,16,32765
3.4225,1.94449,0.588057,15,32765
3.3429,1.88472,0.572061,15,32765
3.34928,1.87378,0.570673,16,32765
3.39909,1.88646,0.576488,15,32765
3.44025,1.89412,0.581307,25,32765
3.47271,1.89706,0.584334,29,32765
3.48794,1.89017,0.584483,29,32765
3.46822,1.86472,0.578493,30,32765
3.49211,1.86245,0.580025,30,32765
3.53351,1.86934,0.584338,30,32765
3.49603,1.83482,0.575614,29,32765
3.51978,1.83248,0.577294,30,32765
3.49952,1.80749,0.571605,28,32765
3.53219,1.80946,0.574099,28,32765
3.52069,1.78878,0.570194,28,32765
3.56221,1.79475,0.574829,29,32765
3.51531,1.75615,0.565171,27,32765
3.58349,1.77513,0.573696,29,32765
3.56307,1.74991,0.56785,27,32765
3.59576,1.75103,0.570927,31,32765
3.5928,1.73494,0.568009,28,32765
3.58068,1.71471,0.564447,28,32765
3.61329,1.71581,0.567208,30,32765
3.6101,1.69973,0.56481,30,32765
3.5979,1.67952,0.560782,28,32765
3.61255,1.67185,0.561081,27,32765
3.61829,1.65993,0.559471,29,32765
3.65094,1.6603,0.562635,28,32765
3.71078,1.67265,0.569602,30,32765
3.68931,1.64829,0.564407,30,32765
3.69482,1.63617,0.563624,29,32765
3.70037,1.62392,0.562648,30,32765
3.72399,1.61971,0.564307,29,32765
3.72051,1.60337,0.561348,30,32765
3.71675,1.58719,0.559452,29,32765
3.69474,1.56347,0.554039,28,32765
3.72735,1.56278,0.557674,28,32765
3.75995,1.56217,0.560828,30,32765
3.72865,1.53469,0.553893,29,32765
3.78871,1.54509,0.561529,30,32765
3.76621,1.52171,0.55687,29,32765
3.76207,1.50574,0.554698,28,32765
3.7947,1.50447,0.557896,28,32765
3.79047,1.48847,0.55578,28,32765
3.82312,1.48682,0.559242,31,32765
3.87422,1.49225,0.565437,29,32765
3.81441,1.45482,0.555121,29,32765
3.84696,1.453,0.55872,28,32765
3.87963,1.45076,0.562305,31,32765
3.83791,1.42104,0.554978,29,32765
3.88904,1.42576,0.561245,28,32765
3.9124,1.41982,0.563253,29,32765
3.93575,1.4138,0.565188,29,32765
3.88438,1.38098,0.556867,27,32765
3.9169,1.37824,0.560715,28,32765
3.97737,1.38552,0.568677,30,32765
3.90679,1.3471,0.55783,28,32765
3.96728,1.35403,0.565879,30,32765
3.97166,1.34125,0.565564,29,32765
3.9102,1.30632,0.556309,27,32765
3.99914,1.32168,0.567914,30,32765
4.03156,1.31808,0.572373,30,32765
4.02619,1.30235,0.571441,29,32765
4.00189,1.28056,0.567998,29,32765
4.02467,1.27402,0.571403,29,32765
3.07097,2.26791,0.570382,27,32765
3.0783,2.25798,0.570287,28,32765
3.10965,2.26547,0.574313,29,32765
3.07714,2.2263,0.566059,28,32765
3.1006,2.22764,0.568755,28,32765
3.10811,2.21733,0.568046,28,32765
3.10735,2.20148,0.566032,27,32765
3.09836,2.18006,0.562514,28,32765
3.13789,2.19284,0.567454,28,32765
3.15331,2.18826,0.567949,29,32765
3.1443,2.16675,0.564048,28,32765
3.15971,2.16196,0.564828,29,32765
3.17516,2.15715,0.56517,30,32765
3.21528,2.16875,0.570005,31,32765
3.21441,2.15257,0.567543,30,32765
3.18052,2.11455,0.559096,29,32765
3.21226,2.12064,0.562505,29,32765
3.24419,2.12637,0.565805,30,32765
3.24299,2.1104,0.563354,30,32765
3.23356,2.08889,0.559209,29,32765
3.23234,2.07283,0.556525,29,32765
3.26426,2.07827,0.559882,30,32765
3.23781,2.04642,0.552832,29,32765
3.26144,2.04639,0.554429,29,32765
3.32716,2.07228,0.563229,32,32765
3.33425,2.06117,0.562107,32,32765
3.31594,2.03455,0.556853,30,32765
3.30598,2.01324,0.552644,31,32765
3.32975,2.01268,0.553904,30,32765
3.31958,1.99154,0.549785,30,32765
3.32618,1.98073,0.548899,30,32765
3.36695,1.98994,0.553448,31,32765
3.39091,1.98872,0.554647,33,32765
3.36342,1.95751,0.548145,31,32765
3.40452,1.96604,0.552079,31,32765
3.41116,1.9549,0.550698,31,32765
3.36596,1.91454,0.541257,26,32765
3.36379,1.89863,0.538643,17,32765
3.36157,1.88276,0.535867,20,32765
3.31621,1.84252,0.526099,16,32765
3.33123,1.83613,0.526457,19,32765
3.46781,1.89648,0.545656,30,32765
3.48305,1.88959,0.545713,33,32765
3.47202,1.8688,0.541364,32,32765
3.47846,1.85719,0.539993,32,32765
3.51112,1.85951,0.542585,34,32765
3.5174,1.84803,0.541082,33,32765
3.51486,1.83188,0.538528,33,32765
3.55618,1.83871,0.54252,34,32765
3.53606,1.81338,0.536673,32,32765
3.57756,1.8196,0.540967,34,32765
3.54843,1.78969,0.534546,32,32765
3.59897,1.79982,0.540085,34,32765
3.59632,1.78333,0.537308,34,32765
3.5759,1.75802,0.531736,33,32765
3.59973,1.75477,0.533208,33,32765
3.60569,1.74295,0.531696,32,32765
3.6204,1.73549,0.532259,33,32765
3.63519,1.72796,0.532102,34,32765
3.641,1.716,0.531099,33,32765
3.64679,1.70404,0.529856,34,32765
3.63455,1.6837,0.52614,33,32765
3.65834,1.67996,0.527115,33,32765
3.67304,1.67199,0.527396,34,32765
3.68779,1.6639,0.52733,34,32765
3.68436,1.64766,0.525001,33,32765
3.68987,1.63554,0.524218,32,32765
3.73173,1.63924,0.528385,35,32765
3.70995,1.61513,0.523433,32,32765
3.74287,1.61451,0.525688,35,32765
3.7665,1.60993,0.527715,35,32765
3.7628,1.59374,0.525113,34,32765
3.76811,1.58131,0.524638,33,32765
3.77332,1.56914,0.523687,33,32765
3.76034,1.54913,0.519655,32,32765
3.81133,1.55569,0.525459,34,32765
3.78883,1.5322,0.521076,33,32765
3.81235,1.52719,0.52278,32,32765
3.79897,1.50747,0.519382,32,32765
3.84091,1.50957,0.523652,33,32765
3.85517,1.50056,0.524311,34,32765
3.86009,1.48805,0.523753,33,32765
3.85581,1.47183,0.521617,34,32765
3.88845,1.46987,0.52493,33,32765
3.87474,1.45011,0.521971,33,32765
3.86088,1.43069,0.518862,33,32765
3.94936,1.44901,0.529655,33,32765
3.88888,1.41238,0.520237,32,32765
3.90289,1.40308,0.520743,33,32765
3.95426,1.40689,0.52668,34,32765
3.97755,1.40063,0.529,35,32765
3.97257,1.38487,0.527688,34,32765
3.98633,1.37553,0.528786,34,32765
3.98125,1.35976,0.527564,34,32765
3.98565,1.34692,0.527247,34,32765
4.02765,1.34649,0.532328,35,32765
4.00378,1.32411,0.528165,34,32765
4.05511,1.32666,0.534831,35,32765
4.05922,1.31388,0.535239,35,32765
4.02548,1.28893,0.530835,34,32765
4.0767,1.29128,0.5378,36,32765
3.07306,2.26116,0.585731,25,32765
3.05695,2.23375,0.578197,24,32765
3.06472,2.22378,0.575471,24,32765
3.11268,2.24249,0.580366,25,32765
3.08027,2.20354,0.57029,24,32765
3.07995,2.18766,0.566059,24,32765
3.14394,2.21759,0.574489,26,32765
3.13531,2.19607,0.569221,25,32765
3.17519,2.20861,0.572996,26,32765
3.13391,2.16445,0.562356,26,32765
3.13332,2.14848,0.558512,26,32765
3.15717,2.14918,0.559407,26,32765
3.19731,2.16108,0.562992,27,32765
3.14732,2.11187,0.550712,24,32765
3.16272,2.10716,0.550161,25,32765
3.20295,2.11864,0.553974,26,32765
3.19363,2.09735,0.54907,26,32765
3.15099,2.05449,0.538796,26,32765
3.22447,2.08726,0.548234,26,32765
3.1899,2.04997,0.53949,26,32765
3.19692,2.03955,0.537462,27,32765
3.27923,2.07669,0.548099,28,32765
3.29466,2.07117,0.548041,28,32765
3.27654,2.0446,0.542156,27,32765
3.28339,2.0339,0.540915,27,32765
3.29029,2.02322,0.539073,27,32765
3.33103,2.03309,0.542577,26,32765
3.30394,2.00175,0.535743,27,32765
3.37007,2.02676,0.543877,27,32765
3.35985,2.00571,0.539472,29,32765
3.36671,1.99461,0.537889,29,32765
3.35652,1.97329,0.533657,29,32765
3.38908,1.97698,0.536017,27,32765
3.36167,1.94565,0.529186,27,32765
3.41116,1.95939,0.534496,28,32765
3.34879,1.90916,0.522298,22,32765
3.32924,1.8837,0.517103,16,32765
3.35277,1.88266,0.518564,16,32765
3.41976,1.90542,0.52646,15,32765
0,0,0,0,32765
3.44137,1.88754,0.525121,23,32765
3.44777,1.87622,0.523735,27,32765
3.48026,1.87901,0.526479,29,32765
3.42555,1.8346,0.516026,28,32765
3.52805,1.87457,0.528886,30,32765
3.49055,1.83978,0.521208,28,32765
3.47041,1.81454,0.515947,28,32765
3.49409,1.81231,0.517483,27,32765
3.52665,1.81446,0.52004,29,32765
3.56809,1.82084,0.524308,30,32765
3.53894,1.79103,0.51781,29,32765
3.51856,1.76578,0.51253,28,32765
3.56018,1.77164,0.516265,27,32765
3.57517,1.76403,0.5165,28,32765
3.56338,1.74337,0.512792,28,32765
3.57825,1.73587,0.51282,29,32765
3.56636,1.71531,0.508786,28,32765
3.64377,1.73756,0.518418,31,32765
3.60485,1.70431,0.510684,29,32765
3.6286,1.70089,0.511696,29,32765
3.65228,1.69737,0.513178,29,32765
3.64001,1.677,0.509476,29,32765
3.58252,1.63613,0.499551,28,32765
3.66041,1.65697,0.508321,30,32765
3.66606,1.64481,0.50708,29,32765
3.74422,1.66493,0.51551,32,32765
3.72273,1.64032,0.510555,30,32765
3.71918,1.62401,0.508327,31,32765
3.68834,1.59581,0.502005,29,32765
3.70295,1.58739,0.501943,30,32765
3.72664,1.58296,0.502829,29,32765
3.73192,1.57073,0.50195,29,32765
3.75554,1.56619,0.502971,29,32765
3.73331,1.54253,0.497859,28,32765
3.77522,1.54544,0.501413,31,32765
3.75294,1.52164,0.496415,29,32765
3.80424,1.52766,0.500942,29,32765
3.80025,1.5114,0.498161,28,32765
3.79614,1.49525,0.495625,28,32765
3.86587,1.50824,0.502637,31,32765
3.83383,1.48143,0.496687,28,32765
3.83883,1.46911,0.494694,28,32765
3.8344,1.45326,0.492235,28,32765
3.85786,1.44784,0.493116,30,32765
3.82547,1.4216,0.486747,29,32765
3.9514,1.45374,0.500671,31,32765
3.90972,1.42373,0.493175,29,32765
3.92385,1.41441,0.492785,29,32765
3.90993,1.39503,0.488557,29,32765
3.92399,1.38571,0.488047,29,32765
3.90052,1.36322,0.482889,27,32765
3.92391,1.35699,0.483643,28,32765
3.95663,1.35408,0.485433,30,32765
3.99879,1.35425,0.48801,29,32765
3.98441,1.33545,0.483652,29,32765
3.99818,1.32621,0.483082,30,32765
3.98372,1.30738,0.478715,29,32765
4.03529,1.31018,0.482495,31,32765
4.01131,1.28833,0.476666,30,32765
4.0534,1.28799,0.478999,31,32765
4.01972,1.26383,0.471337,29,32765
3.0519,2.24882,0.545534,27,32765
3.06767,2.2448,0.543964,28,32765
3.08347,2.24059,0.542636,30,32765
3.09939,2.23612,0.541437,29,32765
3.1152,2.23172,0.540211,29,32765
3.09882,2.20421,0.533263,29,32765
3.14673,2.22272,0.53826,29,32765
3.1543,2.21252,0.53593,28,32765
3.12924,2.17973,0.52834,28,32765
3.15299,2.18071,0.529224,28,32765
3.1851,2.18706,0.530901,30,32765
3.1436,2.14295,0.520727,29,32765
3.15091,2.13272,0.518545,29,32765
3.19123,2.14435,0.52174,30,32765
3.19026,2.12848,0.518387,30,32765
3.21405,2.12896,0.51914,31,32765
3.22959,2.12391,0.518402,31,32765
3.23679,2.11336,0.516613,31,32765
3.26061,2.11357,0.517334,31,32765
3.28444,2.11364,0.518243,31,32765
3.28331,2.09755,0.514843,30,32765
3.25704,2.06546,0.507622,29,32765
3.29761,2.07586,0.511383,31,32765
3.3131,2.07023,0.510962,31,32765
3.31162,2.05417,0.508412,30,32765
3.31013,2.03817,0.505264,30,32765
3.3171,2.02732,0.503246,30,32765
3.33235,2.02167,0.50319,31,32765
3.34762,2.01595,0.502998,30,32765
3.3714,2.01529,0.503878,32,32765
3.36975,1.99906,0.50102,31,32765
3.35956,1.97769,0.496971,31,32765
3.37502,1.97137,0.496528,31,32765
3.40764,1.97485,0.498871,32,32765
3.43146,1.97363,0.499935,32,32765
3.40354,1.9429,0.493471,31,32765
3.40135,1.927,0.491028,26,32765
3.34719,1.88196,0.481086,18,32765
3.3449,1.86611,0.478414,20,32765
3.30776,1.83107,0.471157,18,32765
3.29667,1.81048,0.467176,17,32765
3.43352,1.87084,0.484284,29,32765
3.47475,1.87841,0.487978,33,32765
3.4812,1.86675,0.48674,33,32765
3.53132,1.87866,0.491231,34,32765
3.52012,1.85769,0.487667,33,32765
3.5176,1.8415,0.485099,33,32765
3.54139,1.83912,0.486432,33,32765
3.53877,1.82294,0.483863,32,32765
3.57142,1.82478,0.486548,34,32765
3.55996,1.80387,0.482823,33,32765
3.56621,1.79187,0.481407,33,32765
3.59018,1.78873,0.482359,34,32765
3.58743,1.77221,0.480108,34,32765
3.60241,1.76457,0.480147,34,32765
3.60842,1.75259,0.478881,34,32765
3.62341,1.74481,0.478566,33,32765
3.61137,1.72414,0.475637,32,32765
3.62622,1.71642,0.475443,34,32765
3.65002,1.71293,0.476257,34,32765
3.67376,1.70934,0.477546,35,32765
3.65249,1.6847,0.472855,33,32765
3.67625,1.68087,0.474062,35,32765
3.68199,1.66864,0.472757,34,32765
3.68768,1.65639,0.471508,34,32765
3.72057,1.65628,0.473406,35,32765
3.72628,1.64373,0.472193,35,32765
3.72274,1.62738,0.470057,34,32765
3.73745,1.61886,0.469836,34,32765
3.73388,1.60243,0.467377,34,32765
3.76677,1.60177,0.4692,34,32765
3.77213,1.58939,0.468311,35,32765
3.75914,1.5694,0.464596,34,32765
3.79198,1.56847,0.46654,34,32765
3.78804,1.55236,0.464066,34,32765
3.80258,1.54341,0.463836,34,32765
3.82633,1.53817,0.464516,34,32765
3.83159,1.52548,0.462933,34,32765
3.82752,1.50919,0.460479,33,32765
3.86032,1.50766,0.462388,34,32765
3.83751,1.4844,0.457919,33,32765
3.87035,1.48271,0.459227,34,32765
3.86595,1.46672,0.456851,32,32765
3.88016,1.45771,0.456436,33,32765
3.87571,1.44174,0.453704,34,32765
3.93652,1.44973,0.458781,34,32765
3.92279,1.42993,0.455008,34,32765
3.9463,1.42392,0.455598,34,32765
3.93238,1.40444,0.451546,34,32765
3.96522,1.40166,0.453074,34,32765
3.95115,1.38227,0.449246,34,32765
3.98401,1.37913,0.450854,34,32765
3.96979,1.35991,0.44704,34,32765
3.99316,1.35365,0.447126,34,32765
4.04474,1.35697,0.450305,36,32765
4.01138,1.33186,0.444387,33,32765
4.0347,1.32538,0.444363,35,32765
4.03907,1.31265,0.442468,34,32765
4.07187,1.30901,0.4431,35,32765
4.08561,1.29944,0.44195,36,32765
4.07089,1.28112,0.436672,35,32765
3.05842,2.25008,0.502094,23,32765
3.08206,2.25143,0.504426,23,32765
3.12964,2.27037,0.510631,25,32765
3.05651,2.20245,0.496969,23,32765
3.05545,2.18709,0.494924,24,32765
3.10312,2.20585,0.500484,25,32765
3.10236,2.18991,0.498527,27,32765
3.1016,2.17397,0.496355,25,32765
3.17396,2.20911,0.505747,28,32765
3.13231,2.16498,0.497086,27,32765
3.1395,2.15475,0.496194,25,32765
3.19579,2.17809,0.502852,28,32765
3.18667,2.15649,0.499074,25,32765
3.1528,2.11828,0.491575,26,32765
3.19295,2.12985,0.495712,26,32765
3.20855,2.12462,0.495623,25,32765
3.23227,2.12492,0.497149,27,32765
3.23099,2.10901,0.494848,26,32765
3.19636,2.07152,0.487496,25,32765
3.16981,2.03976,0.48136,25,32765
3.2686,2.08812,0.494074,27,32765
3.26723,2.07211,0.491496,27,32765
3.27418,2.06141,0.490241,27,32765
3.28109,2.05071,0.488891,26,32765
3.33006,2.06617,0.494093,27,32765
3.32867,2.04988,0.491483,27,32765
3.31878,2.02841,0.487499,28,32765
3.35969,2.03783,0.491273,28,32765
3.35812,2.02161,0.488448,27,32765
3.34784,2.00043,0.484899,27,32765
3.34595,1.98448,0.482588,26,32765
3.37823,1.98876,0.484659,29,32765
3.41066,1.99262,0.487077,28,32765
3.366,1.95135,0.478178,27,32765
3.37273,1.94,0.476966,27,32765
3.42248,1.95334,0.481709,28,32765
3.36001,1.90295,0.470306,22,32765
3.30581,1.85788,0.46074,15,32765
3.3207,1.85195,0.460566,15,32765
3.4052,1.88431,0.469505,15,32765
0,0,0,0,32765
3.39181,1.84738,0.463612,23,32765
3.47672,1.87861,0.472883,28,32765
3.48311,1.86704,0.471693,28,32765
3.50698,1.86489,0.472527,29,32765
3.48699,1.83939,0.467356,28,32765
3.54598,1.85558,0.472998,30,32765
3.49941,1.81634,0.464684,29,32765
3.53213,1.81826,0.466911,29,32765
3.52069,1.79739,0.463178,27,32765
3.58007,1.81249,0.468561,31,32765
3.57743,1.7961,0.465755,28,32765
3.56575,1.77545,0.461851,30,32765
3.59843,1.77689,0.464275,28,32765
3.56881,1.74745,0.458284,29,32765
3.57481,1.73554,0.456732,29,32765
3.58078,1.72352,0.455508,29,32765
3.61357,1.72447,0.457408,30,32765
3.59244,1.69989,0.452492,28,32765
3.5801,1.67975,0.449115,28,32765
3.63078,1.689,0.45347,30,32765
3.63647,1.67704,0.452203,29,32765
3.63315,1.66086,0.449622,28,32765
3.67495,1.66526,0.453033,28,32765
3.68069,1.65289,0.451747,30,32765
3.65913,1.62838,0.447267,29,32765
3.71919,1.6403,0.452932,30,32765
3.69738,1.61624,0.448049,30,32765
3.72098,1.61213,0.449193,30,32765
3.72641,1.59984,0.448103,31,32765
3.71356,1.57959,0.444926,30,32765
3.7556,1.58262,0.448098,30,32765
3.73344,1.55857,0.444041,28,32765
3.74781,1.55019,0.444056,29,32765
3.76216,1.54178,0.444037,29,32765
3.82247,1.55205,0.44987,30,32765
3.78152,1.52102,0.443368,29,32765
3.78654,1.50877,0.44237,29,32765
3.80073,1.50014,0.442808,28,32765
3.83349,1.49862,0.445066,30,32765
3.83842,1.48611,0.444514,27,32765
3.85257,1.47731,0.444707,29,32765
3.86677,1.46822,0.44498,29,32765
3.91809,1.4732,0.449817,31,32765
3.90433,1.45348,0.446886,28,32765
3.8625,1.42344,0.441075,29,32765
3.92321,1.43138,0.446727,30,32765
3.91858,1.41524,0.444944,28,32765
3.91377,1.39924,0.443748,28,32765
3.94644,1.39644,0.446819,30,32765
4.01673,1.40662,0.453546,32,32765
3.91793,1.35782,0.441624,28,32765
4.00695,1.3743,0.450861,31,32765
3.96423,1.34561,0.445318,29,32765
3.99677,1.34244,0.448698,31,32765
4.04826,1.34534,0.453634,30,32765
4.03365,1.32626,0.45121,30,32765
4.02824,1.31062,0.45071,30,32765
4.06066,1.30728,0.454028,31,32765
4.00787,1.27629,0.448322,28,32765
4.03094,1.26915,0.450824,29,32765
3.06825,2.26114,0.467601,28,32765
3.09996,2.26833,0.470961,28,32765
3.07537,2.23475,0.465751,30,32765
3.12281,2.25398,0.471248,29,32765
3.10578,2.22681,0.466852,29,32765
3.11318,2.21666,0.465878,28,32765
3.12867,2.21212,0.466427,29,32765
3.16048,2.21887,0.469163,29,32765
3.18418,2.21984,0.470567,31,32765
3.1507,2.18122,0.463662,29,32765
3.15794,2.17091,0.462763,29,32765
3.17332,2.16626,0.462872,29,32765
3.18881,2.16139,0.462865,28,32765
3.21259,2.16189,0.464161,30,32765
3.19512,2.13469,0.459591,30,32765
3.21074,2.12944,0.459407,30,32765
3.23449,2.12974,0.460742,30,32765
3.27479,2.14095,0.464426,31,32765
3.24857,2.10865,0.458701,30,32765
3.26385,2.10354,0.458786,30,32765
3.2709,2.09283,0.457563,31,32765
3.26954,2.07677,0.455076,31,32765
3.2681,2.06076,0.452655,30,32765
3.29185,2.06059,0.453626,30,32765
3.29027,2.04459,0.45141,30,32765
3.32261,2.04926,0.453524,31,32765
3.3466,2.04851,0.454329,31,32765
3.35364,2.03723,0.453129,31,32765
3.36057,2.02613,0.451541,31,32765
3.36734,2.0151,0.450457,31,32765
3.35694,1.99397,0.447094,31,32765
3.38927,1.99823,0.448878,31,32765
3.38745,1.982,0.446488,32,32765
3.37709,1.96067,0.442664,31,32765
3.39245,1.95422,0.44257,31,32765
3.40777,1.9478,0.442356,31,32765
3.43167,1.94638,0.442862,31,32765
3.43819,1.9351,0.441713,25,32765
3.38393,1.88995,0.432517,18,32765
3.32082,1.84028,0.421806,18,32765
3.37929,1.85797,0.427507,17,32765
3.34202,1.82287,0.420641,17,32765
3.46188,1.87326,0.433468,30,32765
3.48576,1.87112,0.434465,32,32765
3.51843,1.87364,0.436196,34,32765
3.50723,1.85269,0.432383,32,32765
3.51347,1.84117,0.430973,32,32765
3.52856,1.83404,0.430769,33,32765
3.53484,1.82221,0.429482,33,32765
3.55881,1.81939,0.430215,34,32765
3.58284,1.81641,0.430753,34,32765
3.56242,1.79104,0.425913,33,32765
3.59521,1.79258,0.427492,34,32765
3.58339,1.7719,0.424347,33,32765
3.58944,1.75996,0.422944,34,32765
3.61337,1.75665,0.423478,34,32765
3.62837,1.7488,0.423284,34,32765
3.66126,1.74959,0.424881,35,32765
3.66715,1.73758,0.423338,35,32765
3.66393,1.72139,0.421158,35,32765
3.66969,1.70938,0.419856,34,32765
3.65739,1.68893,0.416517,33,32765
3.69028,1.68921,0.41812,34,32765
3.70502,1.68111,0.418072,34,32765
3.70174,1.66453,0.415754,35,32765
3.74381,1.66825,0.41866,34,32765
3.74034,1.65177,0.416643,36,32765
3.73677,1.63558,0.414051,35,32765
3.74219,1.62341,0.412981,34,32765
3.7568,1.61496,0.412888,35,32765
3.74399,1.59457,0.409889,33,32765
3.74943,1.58203,0.408679,34,32765
3.78234,1.58098,0.410886,34,32765
3.79679,1.57243,0.410792,35,32765
3.7928,1.55629,0.40868,34,32765
3.80712,1.54774,0.408992,33,32765
3.79381,1.52785,0.405925,33,32765
3.81734,1.52292,0.406893,34,32765
3.83159,1.51417,0.407232,34,32765
3.87368,1.51617,0.41018,34,32765
3.88795,1.5071,0.410601,33,32765
3.92075,1.50526,0.412644,34,32765
3.89785,1.48178,0.408904,35,32765
3.90268,1.46915,0.408394,33,32765
3.92619,1.46335,0.409544,34,32765
3.88436,1.43317,0.404198,34,32765
3.93581,1.43764,0.408313,33,32765
3.97798,1.43835,0.411461,35,32765
3.94514,1.41207,0.407452,34,32765
3.98727,1.41249,0.411207,34,32765
3.96374,1.38962,0.407611,35,32765
3.97764,1.38005,0.408306,34,32765
4.00091,1.37375,0.409942,34,32765
4.02413,1.36744,0.411615,36,32765
4.04733,1.3609,0.413752,35,32765
4.03281,1.34164,0.411468,35,32765
4.04655,1.33192,0.412121,34,32765
4.06009,1.32237,0.413643,35,32765
4.06416,1.30977,0.413786,36,32765
4.11565,1.31196,0.419269,37,32765
4.1009,1.29249,0.417725,36,32765
3.07841,2.26077,0.484544,26,32765
3.03841,2.21532,0.473843,25,32765
3.05435,2.21087,0.472261,26,32765
3.09417,2.22405,0.474671,27,32765
3.06936,2.19103,0.467343,24,32765
3.10921,2.20413,0.469299,25,32765
3.07617,2.16537,0.460901,23,32765
3.10796,2.17238,0.462318,25,32765
3.12346,2.16795,0.461441,25,32765
3.13088,2.15776,0.458887,26,32765
3.15456,2.15871,0.459545,26,32765
3.22766,2.19304,0.466584,27,32765
3.18579,2.14909,0.457238,25,32765
3.20145,2.14407,0.45617,26,32765
3.1923,2.12241,0.451885,25,32765
3.19961,2.1118,0.449909,25,32765
3.27328,2.14473,0.457572,27,32765
3.24724,2.11243,0.450668,27,32765
3.27099,2.11269,0.451167,28,32765
3.21116,2.0593,0.439687,25,32765
3.2599,2.07561,0.443856,27,32765
3.29206,2.08094,0.445398,28,32765
3.29067,2.06494,0.442253,27,32765
3.28917,2.04899,0.439283,27,32765
3.33838,2.06431,0.443075,29,32765
3.3115,2.03243,0.437365,28,32765
3.31844,2.02145,0.435681,26,32765
3.29981,1.99508,0.430462,27,32765
3.34912,2.00983,0.434583,28,32765
3.34742,1.99366,0.431861,28,32765
3.34568,1.97758,0.428658,27,32765
3.3524,1.96652,0.42695,28,32765
3.36771,1.96041,0.426326,27,32765
3.3484,1.93453,0.421779,26,32765
3.38946,1.94327,0.424474,28,32765
3.40464,1.93707,0.42404,28,32765
3.36792,1.90143,0.416918,23,32765
3.31368,1.85625,0.407765,16,32765
3.33726,1.855,0.408954,14,32765
3.33486,1.83924,0.405953,16,32765
3.34099,1.8283,0.40502,14,32765
3.3733,1.83163,0.406909,19,32765
3.45829,1.86293,0.415022,28,32765
3.49091,1.86557,0.41663,29,32765
3.49726,1.85389,0.415531,28,32765
3.46836,1.82377,0.409774,28,32765
3.52746,1.83979,0.41495,29,32765
3.51614,1.81881,0.411197,29,32765
3.55776,1.82513,0.41429,30,32765
3.52855,1.79517,0.408805,29,32765
3.55246,1.79233,0.409392,30,32765
3.52306,1.76252,0.40395,28,32765
3.57355,1.77297,0.407958,29,32765
3.58845,1.76552,0.407859,30,32765
3.58549,1.74927,0.405518,30,32765
3.60931,1.74614,0.405898,31,32765
3.61532,1.73402,0.404387,28,32765
3.62115,1.72207,0.403295,30,32765
3.672,1.73122,0.407056,32,32765
3.65985,1.7106,0.40366,28,32765
3.65658,1.69429,0.40157,30,32765
3.68946,1.69471,0.40276,31,32765
3.69517,1.68249,0.401663,31,32765
3.67364,1.65802,0.397312,31,32765
3.72475,1.66609,0.400454,31,32765
3.73037,1.65375,0.39933,32,32765
3.70871,1.62921,0.395008,29,32765
3.74161,1.62879,0.396764,31,32765
3.72887,1.6085,0.393241,30,32765
3.70688,1.58432,0.389156,29,32765
3.76731,1.59524,0.393249,30,32765
3.78194,1.58649,0.392939,31,32765
3.77821,1.57004,0.390151,30,32765
3.77424,1.55385,0.388147,30,32765
3.76102,1.534,0.384708,28,32765
3.78462,1.5292,0.38494,29,32765
3.80815,1.52431,0.385843,29,32765
3.78549,1.50083,0.381613,29,32765
3.80906,1.49574,0.382024,28,32765
3.88832,1.51223,0.387612,31,32765
3.87481,1.49236,0.384238,29,32765
3.87048,1.4762,0.381913,29,32765
3.85676,1.45662,0.378461,28,32765
3.91758,1.46502,0.382441,30,32765
3.92255,1.45212,0.380749,30,32765
3.89945,1.42885,0.376242,30,32765
3.87621,1.40582,0.371791,29,32765
3.97462,1.42701,0.379011,31,32765
3.92308,1.39406,0.372109,29,32765
3.9559,1.39142,0.372708,30,32765
3.91345,1.36233,0.366842,28,32765
3.98389,1.37249,0.371188,30,32765
3.98839,1.35991,0.369175,31,32765
3.99274,1.34759,0.367313,31,32765
3.99713,1.33501,0.365496,30,32765
4.06778,1.34405,0.369762,32,32765
4.03447,1.31843,0.363851,31,32765
4.09571,1.32403,0.36674,32,32765
4.05243,1.29652,0.360184,30,32765
4.04704,1.28126,0.357055,30,32765
4.06072,1.2717,0.355253,30,32765
3.07205,2.26007,0.447468,28,32765
3.0721,2.24383,0.443116,28,32765
3.08813,2.23925,0.441407,28,32765
3.11193,2.24074,0.441128,29,32765
3.11947,2.23071,0.438703,29,32765
3.15945,2.24367,0.440235,31,32765
3.13464,2.21038,0.433386,30,32765
3.12589,2.18872,0.428894,28,32765
3.19039,2.21826,0.434578,31,32765
3.17343,2.19089,0.428653,30,32765
3.20543,2.19733,0.430198,31,32765
3.18007,2.16445,0.423322,29,32765
3.2122,2.17065,0.42436,30,32765
3.17839,2.1323,0.416684,28,32765
3.21883,2.14373,0.419061,30,32765
3.20133,2.11656,0.413849,28,32765
3.25011,2.13319,0.417558,31,32765
3.24899,2.11718,0.414229,30,32765
3.25607,2.10663,0.412422,30,32765
3.27984,2.10692,0.412214,31,32765
3.28683,2.09631,0.410642,31,32765
3.29387,2.08561,0.408759,31,32765
3.30932,2.08015,0.407779,32,32765
3.30786,2.06411,0.404889,31,32765
3.35714,2.0794,0.408201,33,32765
3.34724,2.05781,0.404907,32,32765
3.35425,2.04668,0.403202,32,32765
3.36973,2.04075,0.402305,32,32765
3.37659,2.02967,0.400865,32,32765
3.39203,2.02358,0.400237,32,32765
3.38181,2.00224,0.396094,32,32765
3.40577,2.00113,0.396363,32,32765
3.4126,1.98981,0.394622,32,32765
3.38477,1.95874,0.389346,31,32765
3.40866,1.95747,0.389674,31,32765
3.47577,1.98076,0.395032,34,32765
3.45649,1.9546,0.390295,33,32765
3.43711,1.92851,0.385646,28,32765
3.38268,1.88329,0.377869,18,32765
3.31067,1.82884,0.367202,16,32765
3.30803,1.81317,0.365311,17,32765
3.2791,1.78333,0.360206,16,32765
3.46033,1.867,0.378039,28,32765
3.51054,1.87904,0.381271,33,32765
3.52572,1.87194,0.381114,32,32765
3.52328,1.85558,0.378556,33,32765
3.54723,1.85301,0.379376,34,32765
3.55362,1.84108,0.377678,34,32765
3.56877,1.83364,0.377573,34,32765
3.58392,1.82617,0.377124,34,32765
3.58128,1.80968,0.374709,33,32765
3.60533,1.80647,0.375188,35,32765
3.61141,1.79452,0.374082,34,32765
3.60853,1.77812,0.372034,34,32765
3.63244,1.77488,0.37253,35,32765
3.62947,1.75857,0.369959,34,32765
3.61756,1.73773,0.366618,34,32765
3.65038,1.7386,0.368245,34,32765
3.65628,1.72642,0.367006,35,32765
3.6892,1.72692,0.368304,36,32765
3.66792,1.70209,0.364503,33,32765
3.66464,1.68582,0.36183,34,32765
3.71563,1.69432,0.365192,35,32765
3.69411,1.66974,0.361114,34,32765
3.7362,1.67369,0.362893,35,32765
3.75094,1.66532,0.362644,36,32765
3.73842,1.64468,0.35947,34,32765
3.76226,1.64018,0.360061,36,32765
3.73125,1.61188,0.354975,34,32765
3.78253,1.619,0.358106,36,32765
3.76973,1.59858,0.354697,35,32765
3.77518,1.58594,0.35343,34,32765
3.81742,1.58863,0.355015,34,32765
3.79509,1.56468,0.351387,34,32765
3.80033,1.55226,0.349824,33,32765
3.83324,1.55105,0.350695,34,32765
3.8476,1.54229,0.350554,35,32765
3.82499,1.51864,0.34659,34,32765
3.85789,1.51705,0.347632,34,32765
3.89083,1.51533,0.348288,34,32765
3.86801,1.49183,0.344272,35,32765
3.8916,1.48633,0.344514,34,32765
3.8779,1.46665,0.341241,34,32765
3.90145,1.46102,0.34138,34,32765
3.89704,1.44468,0.338882,32,32765
3.96747,1.45578,0.342751,35,32765
3.96303,1.43929,0.340158,34,32765
3.93966,1.4164,0.335999,33,32765
3.94439,1.40355,0.334451,33,32765
3.99605,1.40746,0.336339,35,32765
3.99127,1.39131,0.334078,34,32765
4.02414,1.38824,0.334595,36,32765
4.00038,1.36585,0.330224,34,32765
4.02363,1.35985,0.329905,34,32765
4.04696,1.35347,0.329613,36,32765
4.0325,1.33418,0.326304,35,32765
4.04651,1.32413,0.32459,36,32765
4.04138,1.30822,0.321624,36,32765
4.07398,1.30515,0.321563,36,32765
4.0971,1.29884,0.320749,37,32765
4.07277,1.27718,0.315867,35,32765
3.10914,2.28477,0.409256,26,32765
3.08469,2.25092,0.404531,25,32765
3.10022,2.24662,0.404776,25,32765
3.09967,2.23054,0.402956,25,32765
3.13132,2.23768,0.405573,25,32765
3.13075,2.22151,0.403607,25,32765
3.13813,2.21129,0.40242,25,32765
3.12085,2.18416,0.398273,25,32765
3.13626,2.17964,0.398325,25,32765
3.14352,2.16935,0.397265,26,32765
3.14262,2.15324,0.395459,26,32765
3.19106,2.17078,0.399062,25,32765
3.19003,2.15474,0.397109,26,32765
3.22205,2.16084,0.398902,26,32765
3.2209,2.14494,0.396416,26,32765
3.21969,2.1289,0.394692,26,32765
3.23515,2.12379,0.394219,27,32765
3.22572,2.10214,0.390738,26,32765
3.28302,2.12373,0.39553,27,32765
3.24841,2.08588,0.389055,27,32765
3.23022,2.05912,0.384939,26,32765
3.28755,2.08048,0.38945,27,32765
3.26914,2.054,0.384969,28,32765
3.29279,2.05398,0.38563,28,32765
3.32495,2.05909,0.386975,28,32765
3.3065,2.03232,0.383003,28,32765
3.35588,2.04719,0.386798,28,32765
3.37131,2.04124,0.386286,28,32765
3.36972,2.02486,0.383985,27,32765
3.40218,2.02905,0.38541,29,32765
3.39187,2.00773,0.381864,29,32765
3.34723,1.96619,0.374396,27,32765
3.40535,1.9853,0.379192,28,32765
3.39484,1.96408,0.375543,29,32765
3.43592,1.97276,0.378236,30,32765
3.40806,1.94157,0.372912,28,32765
3.45806,1.95464,0.375868,29,32765
3.38666,1.89917,0.365617,21,32765
3.41925,1.90235,0.366994,16,32765
3.32978,1.83809,0.355489,15,32765
3.34471,1.83191,0.354902,14,32765
3.4034,1.84943,0.3586,14,32765
3.43587,1.8525,0.359802,24,32765
3.49482,1.86932,0.363757,28,32765
3.50113,1.85774,0.362348,30,32765
3.52506,1.85536,0.362807,31,32765
3.53135,1.84365,0.361256,29,32765
3.54648,1.83642,0.360807,30,32765
3.57938,1.83816,0.361685,31,32765
3.55007,1.80818,0.357019,28,32765
3.59187,1.81415,0.359111,30,32765
3.58024,1.79318,0.356071,29,32765
3.58636,1.78126,0.354313,31,32765
3.62817,1.78693,0.356197,31,32765
3.5804,1.74888,0.349454,30,32765
3.63126,1.75849,0.35234,30,32765
3.63734,1.74619,0.350866,29,32765
3.65224,1.73837,0.350421,31,32765
3.63109,1.7135,0.346473,29,32765
3.63672,1.70178,0.345172,30,32765
3.66957,1.70235,0.34622,29,32765
3.68434,1.69438,0.345828,31,32765
3.68096,1.67814,0.343528,30,32765
3.69575,1.66992,0.343037,31,32765
3.67405,1.64556,0.339269,29,32765
3.69785,1.64135,0.339832,31,32765
3.7126,1.63297,0.339022,30,32765
3.75462,1.6366,0.341286,30,32765
3.72351,1.6084,0.336778,30,32765
3.75633,1.60801,0.338095,32,32765
3.78929,1.60722,0.339174,31,32765
3.76714,1.58307,0.335462,30,32765
3.78153,1.57466,0.335511,30,32765
3.82366,1.5774,0.337507,31,32765
3.80116,1.55367,0.334218,30,32765
3.84335,1.55606,0.336118,31,32765
3.8393,1.53967,0.334251,30,32765
3.84439,1.52714,0.33316,31,32765
3.84947,1.51451,0.332151,29,32765
3.81727,1.48752,0.328329,29,32765
3.878,1.4965,0.332373,30,32765
3.85508,1.47303,0.328857,30,32765
3.80399,1.43922,0.32359,28,32765
3.92075,1.46879,0.332199,31,32765
3.97224,1.47357,0.335221,32,32765
3.88347,1.42628,0.327005,28,32765
3.91627,1.42389,0.328299,29,32765
3.94901,1.42135,0.330507,30,32765
3.98191,1.41832,0.332215,31,32765
3.97707,1.40222,0.331096,31,32765
3.93458,1.37288,0.326559,29,32765
3.99565,1.37949,0.330707,30,32765
3.99067,1.36341,0.329447,30,32765
3.99502,1.35064,0.329422,30,32765
4.04652,1.35387,0.3333,30,32765
4.02249,1.33148,0.330467,31,32765
4.00779,1.31236,0.328967,29,32765
4.01193,1.29964,0.329029,31,32765
4.11091,1.31746,0.337036,34,32765
4.07693,1.29266,0.334378,33,32765
4.08089,1.27987,0.335276,34,32765
3.10989,2.28994,0.373028,29,32765
3.10957,2.27363,0.371554,29,32765
3.08492,2.23999,0.366907,28,32765
3.14087,2.26468,0.371873,29,32765
3.1079,2.22535,0.366563,29,32765
3.12352,2.22075,0.366599,28,32765
3.1309,2.21053,0.365411,29,32765
3.15437,2.21194,0.366277,29,32765
3.1372,2.18454,0.362447,29,32765
3.20999,2.21952,0.368912,31,32765
3.17644,2.18061,0.363424,29,32765
3.18384,2.17004,0.361866,29,32765
3.19931,2.16515,0.36187,29,32765
3.19832,2.14903,0.359659,29,32765
3.22196,2.14975,0.360052,29,32765
3.23738,2.14467,0.360265,30,32765
3.23625,2.12854,0.357848,29,32765
3.23517,2.11228,0.355467,30,32765
3.26746,2.11764,0.356953,31,32765
3.26631,2.10131,0.354587,30,32765
3.26495,2.08516,0.352556,30,32765
3.31398,2.10112,0.355585,32,32765
3.30405,2.0798,0.352269,31,32765
3.32779,2.07966,0.352726,32,32765
3.35158,2.07942,0.352879,32,32765
3.29927,2.03161,0.345623,29,32765
3.34866,2.04654,0.34895,32,32765
3.35557,2.03543,0.347463,31,32765
3.37103,2.02935,0.347017,32,32765
3.36931,2.0131,0.344659,31,32765
3.38464,2.00709,0.343926,31,32765
3.40007,2.00085,0.343086,32,32765
3.42392,1.99973,0.343846,33,32765
3.41345,1.97841,0.340373,32,32765
3.4546,1.98704,0.342683,34,32765
3.45272,1.97053,0.340281,33,32765
3.45082,1.95403,0.337654,32,32765
3.4315,1.92774,0.333309,32,32765
3.4555,1.92593,0.333545,24,32765
3.31375,1.83247,0.318032,17,32765
3.39854,1.86468,0.324021,17,32765
3.43985,1.87253,0.325469,17,32765
3.37595,1.82339,0.317305,18,32765
3.47874,1.86398,0.324823,30,32765
3.54664,1.88518,0.329136,35,32765
3.5354,1.86405,0.326135,34,32765
3.55056,1.8569,0.325386,34,32765
3.56573,1.84959,0.324834,34,32765
3.58982,1.84671,0.324618,36,32765
3.57829,1.82569,0.321919,34,32765
3.57568,1.80908,0.319646,34,32765
3.61748,1.81494,0.32155,34,32765
3.62367,1.80287,0.319771,34,32765
3.61193,1.78196,0.31656,34,32765
3.6268,1.77456,0.315843,34,32765
3.60601,1.74922,0.312029,33,32765
3.62103,1.7413,0.311336,33,32765
3.66292,1.74639,0.313109,34,32765
3.66882,1.73421,0.311735,34,32765
3.7016,1.73504,0.312707,36,32765
3.70744,1.7228,0.311168,35,32765
3.68606,1.698,0.307644,34,32765
3.72803,1.70243,0.309197,35,32765
3.69749,1.67348,0.304847,35,32765
3.73947,1.67764,0.30658,36,32765
3.74516,1.6651,0.305448,34,32765
3.73262,1.64447,0.302304,34,32765
3.78383,1.65204,0.304921,36,32765
3.76191,1.62764,0.301511,34,32765
3.75814,1.61141,0.29961,34,32765
3.77276,1.60281,0.29895,35,32765
3.79655,1.59801,0.299145,34,32765
3.8202,1.59332,0.299815,34,32765
3.81632,1.5769,0.297824,34,32765
3.82149,1.56448,0.296968,36,32765
3.82676,1.55182,0.295627,35,32765
3.8412,1.54289,0.295281,34,32765
3.84631,1.53032,0.294188,34,32765
3.8514,1.51766,0.293177,35,32765
3.85636,1.50512,0.292548,33,32765
3.87066,1.49601,0.292503,34,32765
3.90361,1.49391,0.293472,34,32765
3.89921,1.47754,0.292257,34,32765
3.92276,1.47182,0.292745,36,32765
3.99299,1.48355,0.296685,36,32765
3.95101,1.45331,0.292876,35,32765
3.94642,1.43705,0.291102,36,32765
3.98861,1.43778,0.293717,36,32765
3.97461,1.41786,0.291688,36,32765
3.97917,1.40507,0.29135,36,32765
4.02143,1.40529,0.293467,36,32765
4.00721,1.38554,0.291549,36,32765
3.99281,1.36617,0.289696,35,32765
4.01607,1.35976,0.291039,35,32765
4.04872,1.35659,0.293077,36,32765
4.0531,1.34357,0.292574,35,32765
4.04792,1.32742,0.291945,33,32765
4.07109,1.3207,0.293374,35,32765
4.07521,1.30788,0.2936,35,32765
4.08873,1.29824,0.29474,36,32765
4.1308,1.29734,0.29839,37,32765
3.06465,2.24808,0.38265,24,32765
3.11276,2.26711,0.384502,27,32765
3.11255,2.25098,0.380408,26,32765
3.07165,2.20603,0.372034,26,32765
3.11973,2.22488,0.373791,26,32765
3.11113,2.203,0.369488,24,32765
3.16754,2.22711,0.372531,27,32765
3.1833,2.22237,0.371099,27,32765
3.19075,2.21209,0.368478,26,32765
3.18186,2.19032,0.364239,25,32765
3.17288,2.16861,0.359942,25,32765
3.18852,2.16368,0.358801,26,32765
3.18762,2.14761,0.355573,26,32765
3.17,2.12064,0.350541,25,32765
3.21031,2.13235,0.351925,26,32765
3.23406,2.13292,0.351582,26,32765
3.25795,2.13317,0.351293,28,32765
3.25686,2.11699,0.348131,28,32765
3.25564,2.10086,0.345382,26,32765
3.24608,2.07924,0.341472,25,32765
3.28667,2.09003,0.343056,27,32765
3.25997,2.05801,0.337771,26,32765
3.32601,2.08436,0.341651,27,32765
3.33289,2.07363,0.339858,29,32765
3.34834,2.06795,0.338706,29,32765
3.32127,2.03623,0.333254,27,32765
3.32812,2.02524,0.3318,27,32765
3.35205,2.0245,0.33179,28,32765
3.37593,2.02378,0.331505,29,32765
3.39136,2.01768,0.330497,28,32765
3.34666,1.97613,0.323657,28,32765
3.38776,1.98518,0.325184,28,32765
3.38591,1.96883,0.322781,28,32765
3.41844,1.97261,0.323491,30,32765
3.42517,1.9612,0.321753,29,32765
3.40578,1.9351,0.317702,26,32765
3.48177,1.96298,0.322613,29,32765
3.44494,1.92701,0.317169,27,32765
3.38167,1.87699,0.309252,17,32765
3.32689,1.83212,0.302037,15,32765
3.35056,1.83064,0.302271,15,32765
3.47939,1.88613,0.311866,15,32765
3.4156,1.83669,0.303941,17,32765
3.51849,1.8771,0.310976,28,32765
3.54248,1.87469,0.311017,31,32765
3.56644,1.87228,0.310982,30,32765
3.51967,1.83292,0.304512,30,32765
3.52589,1.82117,0.303076,29,32765
3.53194,1.80956,0.302099,29,32765
3.57365,1.81579,0.303884,31,32765
3.56207,1.79481,0.300539,30,32765
3.60394,1.80052,0.302319,30,32765
3.60127,1.7837,0.300262,31,32765
3.64311,1.78925,0.302065,31,32765
3.60439,1.75519,0.296802,30,32765
3.58337,1.73022,0.293062,29,32765
3.60713,1.72706,0.293274,30,32765
3.64901,1.73209,0.295135,32,32765
3.66382,1.72438,0.294182,30,32765
3.66064,1.7079,0.291996,31,32765
3.65731,1.69158,0.290262,30,32765
3.65396,1.67528,0.28797,30,32765
3.67784,1.67126,0.287901,31,32765
3.72888,1.67966,0.290147,32,32765
3.73463,1.66712,0.28853,31,32765
3.7129,1.64259,0.284946,29,32765
3.70936,1.6261,0.282892,30,32765
3.72413,1.61748,0.282024,31,32765
3.75708,1.61691,0.28271,31,32765
3.76261,1.60426,0.281204,30,32765
3.78632,1.59976,0.281003,31,32765
3.79161,1.58738,0.279834,30,32765
3.8154,1.58252,0.279257,31,32765
3.80216,1.56248,0.276826,30,32765
3.82591,1.55743,0.276391,30,32765
3.8496,1.55239,0.276114,31,32765
3.84555,1.53593,0.274089,29,32765
3.84149,1.51944,0.271725,30,32765
3.84658,1.50677,0.270322,31,32765
3.90746,1.51578,0.272262,31,32765
3.88459,1.49221,0.268642,31,32765
3.88017,1.47611,0.266488,30,32765
3.89444,1.4669,0.265373,32,32765
3.8618,1.44049,0.261529,32,32765
3.92279,1.4486,0.263446,32,32765
3.96509,1.44951,0.264315,31,32765
3.95115,1.42978,0.261215,30,32765
3.93718,1.41004,0.257805,29,32765
3.94178,1.39737,0.25652,28,32765
3.96526,1.39119,0.255805,29,32765
3.98861,1.38517,0.255389,31,32765
3.94592,1.35626,0.250371,30,32765
3.96929,1.35001,0.249498,30,32765
4.05883,1.36605,0.252854,34,32765
4.09169,1.36253,0.252914,33,32765
4.02028,1.32457,0.245832,31,32765
4.04352,1.31816,0.244983,31,32765
4.05731,1.30846,0.243095,32,32765
4.10905,1.31104,0.243566,32,32765
4.10384,1.29491,0.240499,31,32765
4.10794,1.28229,0.237957,32,32765
3.0732,2.25905,0.347884,29,32765
3.09721,2.26047,0.346556,29,32765
3.09696,2.24435,0.342568,29,32765
3.14494,2.26335,0.344505,29,32765
3.14458,2.24725,0.340454,29,32765
3.12792,2.21947,0.335444,28,32765
3.14366,2.21488,0.333587,30,32765
3.13487,2.19308,0.329503,29,32765
3.15858,2.19431,0.328621,30,32765
3.18243,2.19521,0.327971,30,32765
3.19812,2.19035,0.326375,30,32765
3.2303,2.19653,0.326787,31,32765
3.21299,2.16913,0.321964,30,32765
3.23682,2.16976,0.3213,31,32765
3.2524,2.16471,0.319813,31,32765
3.24299,2.14317,0.31601,31,32765
3.25858,2.13792,0.31472,31,32765
3.29091,2.14346,0.314845,31,32765
3.26465,2.11094,0.309784,31,32765
3.2719,2.10001,0.307629,29,32765
3.30414,2.10538,0.308038,32,32765
3.30277,2.08922,0.305452,31,32765
3.32669,2.08898,0.304777,31,32765
3.33359,2.07822,0.302981,32,32765
3.33209,2.06203,0.300204,32,32765
3.33897,2.05116,0.298169,31,32765
3.3629,2.05048,0.298215,32,32765
3.36985,2.0393,0.296496,32,32765
3.37668,2.02824,0.294519,32,32765
3.36643,2.00681,0.291191,32,32765
3.40751,2.01603,0.292286,33,32765
3.42294,2.00975,0.291208,33,32765
3.45564,2.01333,0.291791,34,32765
3.41925,1.97695,0.286396,33,32765
3.46924,1.99032,0.288248,34,32765
3.48462,1.98376,0.287314,34,32765
3.47393,1.96238,0.284329,33,32765
3.4893,1.95562,0.283597,34,32765
3.47841,1.93443,0.280627,30,32765
3.47622,1.91805,0.278213,19,32765
3.43018,1.87776,0.272632,18,32765
3.36633,1.82835,0.26566,16,32765
3.42527,1.84543,0.268163,17,32765
3.49302,1.86708,0.271425,23,32765
3.5258,1.86943,0.271967,33,32765
3.53208,1.85778,0.270397,33,32765
3.58254,1.86921,0.27189,35,32765
3.55344,1.83888,0.267755,33,32765
3.58618,1.84083,0.268764,35,32765
3.57465,1.81973,0.26618,34,32765
3.60761,1.82118,0.266307,35,32765
3.58712,1.79548,0.263112,34,32765
3.62913,1.80086,0.26441,34,32765
3.64417,1.79311,0.263881,35,32765
3.62339,1.76773,0.260373,34,32765
3.6563,1.76872,0.260748,35,32765
3.68919,1.76962,0.261383,35,32765
3.68616,1.75297,0.259668,35,32765
3.68299,1.7366,0.25734,36,32765
3.68889,1.72425,0.255865,35,32765
3.70372,1.71619,0.255464,36,32765
3.70951,1.70387,0.253864,35,32765
3.73349,1.69965,0.253583,36,32765
3.76645,1.69968,0.25411,36,32765
3.75403,1.67884,0.251255,36,32765
3.7232,1.65014,0.247336,34,32765
3.75625,1.64963,0.247783,35,32765
3.78025,1.64482,0.247398,35,32765
3.77663,1.62826,0.245396,35,32765
3.79138,1.61944,0.244473,35,32765
3.77836,1.59927,0.241717,34,32765
3.80207,1.59461,0.24172,35,32765
3.81665,1.58587,0.240367,37,32765
3.82189,1.57338,0.239277,37,32765
3.83643,1.56449,0.23807,38,32765
3.86014,1.55941,0.237598,37,32765
3.85611,1.54288,0.235662,36,32765
3.87991,1.53735,0.235072,36,32765
3.88505,1.52452,0.233654,35,32765
3.87155,1.5045,0.230574,34,32765
3.8859,1.49534,0.229451,33,32765
3.9188,1.49343,0.229575,36,32765
3.9051,1.4735,0.22672,35,32765
3.90988,1.46098,0.225404,36,32765
3.95221,1.46202,0.225662,36,32765
3.96644,1.45253,0.224548,37,32765
3.9431,1.42935,0.221108,35,32765
3.97611,1.42646,0.220495,35,32765
3.98076,1.41364,0.219195,35,32765
4.01371,1.41063,0.218786,35,32765
4.02769,1.40116,0.21765,36,32765
4.07001,1.40133,0.217625,37,32765
4.05571,1.38178,0.214499,36,32765
4.04126,1.36249,0.211515,34,32765
4.05517,1.35269,0.210316,36,32765
4.07853,1.34608,0.208864,36,32765
4.09234,1.33637,0.207315,37,32765
4.11568,1.32957,0.205778,36,32765
4.11039,1.31372,0.202924,37,32765
4.09565,1.29455,0.199486,36,32765
4.13787,1.29386,0.198779,36,32765
3.04524,2.23599,0.301538,26,32765
3.10087,2.26134,0.305731,26,32765
3.11642,2.25701,0.30569,25,32765
3.1401,2.25839,0.306284,26,32765
3.13957,2.24211,0.304878,25,32765
3.11456,2.20862,0.300668,24,32765
3.15452,2.22133,0.302686,25,32765
3.13728,2.19399,0.299121,25,32765
3.22643,2.24056,0.305979,27,32765
3.17631,2.19052,0.299328,26,32765
3.17548,2.17427,0.297436,25,32765
3.16631,2.1525,0.294704,28,32765
3.21485,2.16994,0.297009,27,32765
3.22205,2.1594,0.295763,26,32765
3.26245,2.17091,0.29739,29,32765
3.26973,2.16012,0.296121,26,32765
3.25201,2.13282,0.292384,27,32765
3.26752,2.1275,0.291856,26,32765
3.27463,2.11671,0.290551,27,32765
3.2397,2.07906,0.285421,26,32765
3.28864,2.09531,0.287498,27,32765
3.27026,2.06858,0.284195,27,32765
3.31088,2.07914,0.285686,27,32765
3.32628,2.07359,0.28464,28,32765
3.32475,2.05731,0.282698,27,32765
3.32317,2.0411,0.280312,28,32765
3.30459,2.01437,0.276351,26,32765
3.35407,2.02917,0.27854,29,32765
3.37816,2.02808,0.27823,28,32765
3.38499,2.01681,0.277107,29,32765
3.3575,1.98522,0.272428,28,32765
3.38142,1.98415,0.272198,28,32765
3.40538,1.98287,0.272174,28,32765
3.40347,1.96646,0.270243,29,32765
3.43601,1.97009,0.271003,30,32765
3.40802,1.93889,0.266513,29,32765
3.45804,1.95204,0.268046,30,32765
3.45594,1.93567,0.265687,29,32765
3.41888,1.89989,0.260924,24,32765
3.39893,1.87431,0.257512,15,32765
3.36148,1.83907,0.252736,14,32765
3.32386,1.80409,0.247622,14,32765
3.35642,1.80707,0.24759,14,32765
3.46818,1.85223,0.254123,20,32765
3.52731,1.86874,0.256759,29,32765
3.52479,1.8523,0.2548,29,32765
3.54879,1.84974,0.254268,30,32765
3.55505,1.83793,0.252403,29,32765
3.55252,1.82124,0.250274,30,32765
3.55858,1.80956,0.248995,30,32765
3.55573,1.79331,0.246801,30,32765
3.60644,1.80379,0.248012,29,32765
3.61251,1.79188,0.246116,32,32765
3.65447,1.7973,0.246875,32,32765
3.60672,1.75881,0.241989,31,32765
3.63075,1.75528,0.241306,32,32765
3.62768,1.73882,0.239419,30,32765
3.63348,1.72688,0.237849,29,32765
3.66638,1.72763,0.237769,29,32765
3.68116,1.7198,0.237179,31,32765
3.67792,1.70327,0.235235,30,32765
3.67472,1.68661,0.232933,29,32765
3.70761,1.6869,0.233224,29,32765
3.70421,1.67041,0.231181,30,32765
3.68242,1.64603,0.228012,29,32765
3.73353,1.65414,0.229485,30,32765
3.71167,1.62965,0.226612,29,32765
3.75371,1.63336,0.227656,32,32765
3.75921,1.62086,0.226237,31,32765
3.81965,1.6321,0.228239,34,32765
3.78833,1.60388,0.224757,31,32765
3.76607,1.57971,0.222101,32,32765
3.79904,1.57865,0.222582,33,32765
3.83202,1.57751,0.222737,35,32765
3.82801,1.56107,0.221264,34,32765
3.83315,1.54856,0.220192,31,32765
3.8754,1.55071,0.221292,30,32765
3.85266,1.52701,0.218549,29,32765
3.81125,1.49608,0.214675,29,32765
3.88126,1.50905,0.217867,30,32765
3.88627,1.49622,0.217116,32,32765
3.8912,1.48354,0.215774,31,32765
3.9147,1.47801,0.216132,33,32765
3.92892,1.46874,0.215315,35,32765
3.96178,1.46643,0.216357,32,32765
3.93851,1.443,0.214133,31,32765
3.90578,1.41629,0.211125,30,32765
3.98557,1.4306,0.214957,32,32765
3.94322,1.40083,0.211615,29,32765
4.04192,1.42137,0.216137,33,32765
4.03705,1.40516,0.214937,32,32765
3.98499,1.37238,0.211821,30,32765
4.01778,1.36919,0.212765,31,32765
4.00325,1.34988,0.211363,31,32765
4.0454,1.3499,0.213077,32,32765
4.04966,1.33712,0.212801,31,32765
4.05391,1.32413,0.213012,31,32765
4.05812,1.31121,0.212757,30,32765
4.10033,1.31038,0.215111,32,32765
4.14254,1.30946,0.217122,34,32765
4.07031,1.27263,0.214119,30,32765
3.0931,2.27643,0.270347,29,32765
3.09248,2.26047,0.269062,29,32765
3.12419,2.26788,0.270323,29,32765
3.14791,2.26924,0.270723,30,32765
3.13121,2.24128,0.268018,29,32765
3.15499,2.24242,0.268329,29,32765
3.17876,2.24351,0.268579,30,32765
3.1616,2.21603,0.265281,29,32765
3.16076,2.19993,0.263679,29,32765
3.17616,2.19537,0.263145,29,32765
3.20826,2.20166,0.26405,30,32765
3.21568,2.19097,0.262838,30,32765
3.23955,2.19151,0.262639,31,32765
3.23854,2.17531,0.260713,32,32765
3.2458,2.16464,0.259302,31,32765
3.26137,2.15938,0.258696,32,32765
3.26867,2.1485,0.257208,32,32765
3.26752,2.1322,0.255271,31,32765
3.28303,2.12681,0.254612,31,32765
3.2817,2.11063,0.252527,31,32765
3.28869,2.09993,0.250904,30,32765
3.33776,2.11588,0.252989,33,32765
3.33631,2.09967,0.250898,32,32765
3.33484,2.08344,0.24848,32,32765
3.35879,2.08288,0.248507,33,32765
3.34029,2.05605,0.244948,32,32765
3.37287,2.06042,0.244968,33,32765
3.37129,2.04398,0.242966,32,32765
3.41254,2.05312,0.243678,33,32765
3.40232,2.03147,0.241325,33,32765
3.40922,2.0201,0.23942,33,32765
3.43325,2.01886,0.238975,32,32765
3.40561,1.98722,0.235167,32,32765
3.42962,1.98578,0.235103,33,32765
3.44493,1.97938,0.234391,34,32765
3.46032,1.9728,0.23319,33,32765
3.46701,1.96123,0.231326,34,32765
3.49105,1.95945,0.230779,34,32765
3.51512,1.95747,0.23047,34,32765
3.48663,1.92669,0.226728,30,32765
3.37055,1.84788,0.2173,19,32765
3.37681,1.83664,0.215445,18,32765
3.43584,1.85368,0.216761,20,32765
3.34528,1.79031,0.209459,16,32765
3.45713,1.83535,0.214862,24,32765
3.56935,1.87959,0.220103,35,32765
3.56689,1.86301,0.217737,34,32765
3.57319,1.85111,0.21586,34,32765
3.57959,1.83889,0.214346,35,32765
3.6035,1.83615,0.214112,35,32765
3.61856,1.82873,0.213038,35,32765
3.6426,1.8256,0.212185,35,32765
3.63085,1.80465,0.209236,36,32765
3.6639,1.80561,0.209098,37,32765
3.65206,1.78454,0.206801,35,32765
3.67618,1.78084,0.205904,36,32765
3.6732,1.76419,0.204092,35,32765
3.69711,1.76067,0.203493,36,32765
3.70302,1.74842,0.201622,37,32765
3.71787,1.74045,0.200924,36,32765
3.7147,1.72376,0.199057,37,32765
3.72064,1.71111,0.197311,36,32765
3.75361,1.71125,0.1973,38,32765
3.75029,1.69457,0.19533,38,32765
3.75592,1.68224,0.193833,37,32765
3.76151,1.66985,0.192472,37,32765
3.75798,1.65326,0.190798,35,32765
3.76348,1.64085,0.189604,35,32765
3.79651,1.64018,0.189553,35,32765
3.78356,1.61987,0.187338,35,32765
3.81656,1.61902,0.187402,36,32765
3.81277,1.60243,0.185917,37,32765
3.84582,1.60122,0.186099,38,32765
3.86964,1.59611,0.18551,37,32765
3.8472,1.57196,0.183238,37,32765
3.85238,1.55936,0.182159,37,32765
3.87612,1.55401,0.182005,36,32765
3.89981,1.54869,0.181705,35,32765
3.91425,1.53948,0.18086,37,32765
3.90995,1.52313,0.179953,37,32765
3.91501,1.51017,0.179194,36,32765
3.92931,1.50095,0.178264,36,32765
3.96222,1.49881,0.178847,35,32765
3.93908,1.47535,0.176243,35,32765
3.97197,1.473,0.176999,35,32765
3.95811,1.45293,0.175469,35,32765
3.94418,1.43292,0.173658,34,32765
3.98644,1.4336,0.175082,35,32765
3.97233,1.41383,0.173441,35,32765
4.0334,1.42103,0.175378,36,32765
4.0474,1.41139,0.175088,36,32765
4.04258,1.3948,0.174573,36,32765
4.04709,1.38173,0.174006,36,32765
4.05154,1.36869,0.173598,36,32765
4.08428,1.36538,0.174526,37,32765
4.08859,1.35246,0.174246,37,32765
4.10241,1.34242,0.174862,36,32765
4.10668,1.32931,0.174602,37,32765
4.12994,1.32224,0.175772,37,32765
4.14363,1.31217,0.17619,38,32765
4.15722,1.30214,0.177605,38,32765
3.12824,2.2941,0.288682,27,32765
3.08763,2.24865,0.281097,26,32765
3.1278,2.2616,0.280934,27,32765
3.09513,2.22199,0.274468,25,32765
3.11883,2.22348,0.273203,25,32765
3.11807,2.20767,0.269659,25,32765
3.15811,2.22046,0.269895,25,32765
3.16558,2.21011,0.267261,26,32765
3.1567,2.18824,0.26341,26,32765
3.19699,2.20044,0.263419,27,32765
3.17967,2.17307,0.258935,26,32765
3.20352,2.17373,0.258376,27,32765
3.21092,2.16309,0.255796,27,32765
3.22654,2.15798,0.254264,27,32765
3.25049,2.15831,0.253197,29,32765
3.27442,2.15861,0.251986,28,32765
3.2482,2.12606,0.247306,27,32765
3.28046,2.13164,0.247134,28,32765
3.29594,2.12635,0.245514,28,32765
3.30315,2.11539,0.24335,28,32765
3.31021,2.10458,0.241106,28,32765
3.33412,2.10438,0.240216,28,32765
3.29035,2.06167,0.234939,27,32765
3.29713,2.05107,0.232673,27,32765
3.30404,2.04014,0.230728,27,32765
3.35347,2.05528,0.23163,30,32765
3.33485,2.02853,0.227871,27,32765
3.38443,2.04327,0.228692,30,32765
3.39127,2.0321,0.226853,28,32765
3.3809,2.01071,0.223889,28,32765
3.3876,1.99962,0.222075,28,32765
3.39431,1.98838,0.220442,29,32765
3.42696,1.99208,0.220077,29,32765
3.47693,2.00558,0.221304,31,32765
3.43172,1.96422,0.216212,28,32765
3.43833,1.95285,0.214148,30,32765
3.45351,1.94645,0.213367,30,32765
3.50372,1.95919,0.214182,29,32765
3.42308,1.89896,0.207133,27,32765
3.43834,1.89218,0.205746,18,32765
3.39209,1.85206,0.201149,14,32765
3.52115,1.90759,0.206669,14,32765
3.42193,1.83923,0.199349,14,32765
3.4193,1.8232,0.196748,14,32765
3.47842,1.83979,0.19844,26,32765
3.55546,1.86516,0.200787,32,32765
3.55283,1.8487,0.199518,30,32765
3.5768,1.84612,0.198193,31,32765
3.61859,1.85237,0.198547,33,32765
3.56246,1.80866,0.19398,31,32765
3.61322,1.81911,0.194862,32,32765
3.59256,1.79364,0.191742,30,32765
3.60753,1.7861,0.191072,31,32765
3.60464,1.76955,0.188934,30,32765
3.64659,1.77487,0.189188,33,32765
3.66164,1.76691,0.187832,31,32765
3.64055,1.74176,0.185007,31,32765
3.65543,1.73388,0.184324,31,32765
3.67936,1.73018,0.183551,32,32765
3.66703,1.70956,0.18106,32,32765
3.6909,1.70573,0.180684,32,32765
3.6875,1.68933,0.179139,32,32765
3.72953,1.69366,0.179296,32,32765
3.74435,1.6853,0.178034,34,32765
3.7409,1.66876,0.175725,32,32765
3.72815,1.64836,0.17375,30,32765
3.78863,1.65995,0.174414,33,32765
3.78503,1.64335,0.172801,30,32765
3.7264,1.60289,0.168215,30,32765
3.77783,1.60986,0.168617,33,32765
3.81091,1.60878,0.168569,33,32765
3.78866,1.58455,0.165379,31,32765
3.82164,1.58348,0.165138,33,32765
3.82688,1.57092,0.163697,32,32765
3.86915,1.57331,0.163489,32,32765
3.85585,1.55309,0.160957,31,32765
3.87957,1.54779,0.160232,31,32765
3.85688,1.52388,0.157449,29,32765
3.88053,1.51851,0.156703,29,32765
3.86691,1.49857,0.154327,31,32765
3.8812,1.48947,0.152918,30,32765
3.91415,1.4874,0.152306,30,32765
3.90974,1.47097,0.150333,33,32765
3.92396,1.46168,0.148634,31,32765
3.92876,1.44892,0.146846,31,32765
3.97102,1.44996,0.146644,31,32765
3.91935,1.41677,0.142791,30,32765
3.97105,1.42083,0.142822,31,32765
3.97581,1.40769,0.140538,31,32765
3.99939,1.4011,0.139247,31,32765
3.97561,1.37841,0.136498,30,32765
4.00836,1.37559,0.135781,31,32765
4.03165,1.36946,0.133994,32,32765
4.02659,1.35342,0.131743,31,32765
4.05002,1.34659,0.130243,30,32765
4.06389,1.33667,0.128453,32,32765
4.08709,1.33025,0.127131,31,32765
4.06275,1.30826,0.12409,31,32765
4.09548,1.30466,0.12221,32,32765
4.10935,1.29427,0.11935,32,32765
4.09435,1.27546,0.116694,31,32765
3.11961,2.29326,0.251694,31,32765
3.1193,2.27716,0.247877,31,32765
3.15147,2.28417,0.246672,31,32765
3.13506,2.25605,0.241898,30,32765
3.12638,2.23419,0.237934,30,32765
3.12565,2.21832,0.234473,30,32765
3.15754,2.22535,0.233721,30,32765
3.15684,2.20926,0.230487,29,32765
3.19714,2.22154,0.23037,31,32765
3.18823,2.19962,0.226464,30,32765
3.23679,2.21735,0.226882,32,32765
3.20299,2.17851,0.222092,30,32765
3.22695,2.17902,0.22064,31,32765
3.24262,2.17384,0.218999,31,32765
3.24167,2.15752,0.216067,30,32765
3.24892,2.14684,0.213578,31,32765
3.24771,2.13073,0.210912,30,32765
3.24651,2.11452,0.208308,30,32765
3.27869,2.12017,0.207676,32,32765
3.30268,2.12003,0.206571,32,32765
3.28448,2.0931,0.202764,31,32765
3.35054,2.11968,0.204272,34,32765
3.3322,2.09275,0.201076,32,32765
3.33908,2.08198,0.198778,32,32765
3.38006,2.09191,0.198803,33,32765
3.39561,2.08592,0.19721,34,32765
3.37709,2.05897,0.193702,33,32765
3.40112,2.05808,0.192574,34,32765
3.39088,2.03654,0.189764,33,32765
3.36337,2.00488,0.186035,32,32765
3.43881,2.03451,0.187986,34,32765
3.41119,2.00284,0.184462,33,32765
3.44388,2.00649,0.183803,33,32765
3.45065,1.99496,0.182266,34,32765
3.47472,1.99337,0.181365,34,32765
3.49011,1.98677,0.179719,34,32765
3.488,1.97035,0.177933,35,32765
3.51215,1.96835,0.176941,35,32765
3.51012,1.95165,0.174733,35,32765
3.50807,1.93491,0.172341,34,32765
3.47073,1.89926,0.1687,22,32765
3.45066,1.87361,0.165698,19,32765
3.37772,1.81954,0.160779,18,32765
3.45433,1.84601,0.162015,17,32765
3.43407,1.82039,0.159439,20,32765
3.52873,1.85526,0.161865,31,32765
3.57923,1.86658,0.163116,35,32765
3.60324,1.8639,0.161583,36,32765
3.61843,1.85639,0.160365,36,32765
3.61575,1.83977,0.158798,37,32765
3.63092,1.83206,0.157636,37,32765
3.64605,1.82436,0.156319,38,32765
3.65217,1.81218,0.155154,37,32765
3.6673,1.80427,0.153839,38,32765
3.67344,1.79186,0.152199,38,32765
3.67055,1.77509,0.149997,37,32765
3.6585,1.75418,0.147811,35,32765
3.7005,1.75909,0.148109,35,32765
3.69739,1.74244,0.146054,36,32765
3.71226,1.73441,0.1448,37,32765
3.72714,1.72622,0.143868,38,32765
3.72381,1.70966,0.142403,36,32765
3.73861,1.70146,0.141135,37,32765
3.74435,1.68894,0.139434,37,32765
3.76828,1.6846,0.13822,37,32765
3.78299,1.67621,0.137418,36,32765
3.78865,1.66353,0.135524,37,32765
3.79422,1.65089,0.134327,35,32765
3.78151,1.63009,0.131994,35,32765
3.80546,1.6251,0.13095,36,32765
3.82938,1.62003,0.130295,36,32765
3.83482,1.60727,0.1283,36,32765
3.85864,1.60221,0.127452,37,32765
3.84545,1.5819,0.125392,36,32765
3.85072,1.56915,0.123608,37,32765
3.85594,1.55643,0.121856,35,32765
3.8611,1.54369,0.120362,36,32765
3.87556,1.53452,0.119008,35,32765
3.91786,1.53636,0.118628,35,32765
3.91361,1.51988,0.116699,36,32765
3.92796,1.51061,0.115173,36,32765
3.93295,1.49771,0.113447,38,32765
3.94728,1.48823,0.11209,36,32765
3.92409,1.46481,0.109232,36,32765
3.93827,1.45549,0.107698,36,32765
3.98055,1.45649,0.107114,35,32765
3.96648,1.43682,0.104813,34,32765
3.99942,1.434,0.103862,36,32765
4.01363,1.42408,0.101799,36,32765
4.02783,1.41403,0.100065,36,32765
4.03241,1.40104,0.0982737,36,32765
4.05577,1.39478,0.097022,37,32765
4.05072,1.37883,0.094355,37,32765
4.02672,1.35631,0.0917554,35,32765
4.06912,1.35579,0.0904871,37,32765
4.10201,1.35204,0.0890027,37,32765
4.11574,1.34239,0.0872716,37,32765
4.11997,1.32948,0.0850857,38,32765
4.11464,1.31353,0.0821218,37,32765
4.14759,1.30907,0.0795168,38,32765
4.15172,1.29606,0.0773833,37,32765
3.09853,2.27573,0.206632,27,32765
3.10598,2.26561,0.205939,25,32765
3.1458,2.27883,0.207394,26,32765
3.15337,2.26841,0.206589,27,32765
3.13667,2.24042,0.203578,26,32765
3.12778,2.21852,0.20195,25,32765
3.15138,2.21984,0.201748,25,32765
3.1833,2.22664,0.20188,27,32765
3.17433,2.20471,0.199479,26,32765
3.18178,2.19406,0.198128,27,32765
3.23025,2.21182,0.199329,28,32765
3.22935,2.19551,0.197738,28,32765
3.23665,2.18487,0.196317,27,32765
3.2024,2.14645,0.192257,26,32765
3.20956,2.13584,0.191066,26,32765
3.28334,2.1693,0.193505,28,32765
3.2738,2.14757,0.19117,28,32765
3.23909,2.10954,0.187301,27,32765
3.2797,2.12049,0.187654,29,32765
3.3037,2.12026,0.187078,29,32765
3.31082,2.10928,0.185354,29,32765
3.30102,2.08755,0.182921,27,32765
3.33337,2.09257,0.182669,29,32765
3.33193,2.07618,0.180741,27,32765
3.32191,2.05454,0.178534,28,32765
3.35429,2.05928,0.178085,29,32765
3.34402,2.03791,0.175582,28,32765
3.37652,2.04227,0.17535,29,32765
3.40906,2.04649,0.174973,31,32765
3.35593,1.99922,0.170157,28,32765
3.39709,2.0083,0.170261,28,32765
3.41245,2.00204,0.1691,29,32765
3.39323,1.97569,0.1659,28,32765
3.41718,1.97436,0.165306,28,32765
3.44976,1.97798,0.164698,30,32765
3.45639,1.96654,0.162799,30,32765
3.44555,1.94526,0.160513,29,32765
3.46956,1.94348,0.159474,29,32765
3.4412,1.91242,0.156163,29,32765
3.47402,1.91517,0.155515,29,32765
3.47173,1.89872,0.153596,18,32765
3.41662,1.85379,0.149386,16,32765
3.40523,1.83293,0.147145,15,32765
3.4289,1.83121,0.146298,14,32765
3.50568,1.85723,0.147697,17,32765
3.58274,1.88264,0.148913,24,32765
3.55367,1.85212,0.145472,29,32765
3.56002,1.84005,0.143446,31,32765
3.584,1.83725,0.142696,32,32765
3.5724,1.81616,0.139977,31,32765
3.61422,1.82217,0.140135,33,32765
3.57571,1.78765,0.136469,32,32765
3.63557,1.80212,0.136432,32,32765
3.64164,1.78992,0.135108,31,32765
3.6387,1.77334,0.132842,31,32765
3.66266,1.76984,0.132189,31,32765
3.66855,1.75773,0.130405,30,32765
3.64744,1.7325,0.127381,33,32765
3.69847,1.74159,0.127734,32,32765
3.71343,1.73332,0.126563,33,32765
3.71926,1.72092,0.124811,32,32765
3.69772,1.69613,0.122146,31,32765
3.72155,1.69219,0.121202,30,32765
3.7181,1.67565,0.119619,31,32765
3.74193,1.67148,0.118835,33,32765
3.74747,1.65913,0.117358,33,32765
3.72553,1.63466,0.114993,30,32765
3.75848,1.63424,0.114359,31,32765
3.73636,1.60993,0.112248,30,32765
3.76934,1.60922,0.111726,30,32765
3.78402,1.60031,0.110878,32,32765
3.8355,1.60695,0.110708,30,32765
3.85013,1.59795,0.109461,30,32765
3.84616,1.58145,0.108175,31,32765
3.85139,1.56874,0.106978,30,32765
3.86572,1.56009,0.106016,32,32765
3.83369,1.53263,0.103925,29,32765
3.87589,1.53481,0.103673,31,32765
3.84371,1.50747,0.101649,31,32765
3.88598,1.50921,0.101697,32,32765
3.88157,1.49296,0.1003,32,32765
3.91455,1.49076,0.100111,30,32765
3.94751,1.48846,0.100058,31,32765
3.91496,1.46143,0.0984894,32,32765
3.96669,1.46579,0.0985642,31,32765
3.95271,1.44594,0.0969523,30,32765
3.92921,1.42286,0.0957836,29,32765
3.94321,1.41356,0.0950976,30,32765
4.01374,1.42418,0.0961473,32,32765
4.00893,1.40781,0.0952717,32,32765
4.02297,1.39799,0.0945669,32,32765
3.98027,1.36852,0.0932425,30,32765
4.01304,1.36538,0.0937999,31,32765
4.08377,1.37477,0.0946483,34,32765
4.02178,1.33951,0.0925937,31,32765
4.08304,1.34536,0.0936488,33,32765
4.06833,1.32606,0.0932397,32,32765
4.08204,1.31622,0.0929633,32,32765
4.0766,1.30039,0.0933096,32,32765
4.09978,1.29344,0.093683,32,32765
4.1133,1.2837,0.0949203,33,32765
3.11316,2.29253,0.17157,30,32765
3.10455,2.27055,0.169986,29,32765
3.15246,2.28966,0.171503,31,32765
3.16818,2.28505,0.17113,31,32765
3.15155,2.25693,0.168387,30,32765
3.16716,2.25231,0.168237,30,32765
3.22352,2.27655,0.169545,32,32765
3.2229,2.26018,0.167658,33,32765
3.20585,2.23235,0.164999,32,32765
3.20518,2.21589,0.163213,31,32765
3.21253,2.20533,0.161857,31,32765
3.1951,2.17779,0.159537,31,32765
3.23544,2.18963,0.159761,31,32765
3.22611,2.16785,0.157378,30,32765
3.24996,2.16822,0.156978,31,32765
3.25718,2.15747,0.155465,31,32765
3.29771,2.16873,0.155689,32,32765
3.30491,2.15784,0.154224,33,32765
3.29536,2.13598,0.151849,32,32765
3.31101,2.13028,0.150692,33,32765
3.32658,2.12463,0.149338,33,32765
3.34217,2.11885,0.148204,33,32765
3.36615,2.11842,0.147277,34,32765
3.35632,2.09658,0.145058,33,32765
3.36337,2.08535,0.143751,33,32765
3.38733,2.08472,0.142636,33,32765
3.36863,2.05798,0.139946,32,32765
3.40118,2.06226,0.139417,33,32765
3.40809,2.05094,0.137705,34,32765
3.40647,2.03432,0.135591,33,32765
3.43055,2.03306,0.134618,34,32765
3.4546,2.03173,0.133677,35,32765
3.42686,2.00014,0.130401,33,32765
3.45088,1.99869,0.129603,34,32765
3.45754,1.98726,0.127731,34,32765
3.45551,1.97082,0.125509,33,32765
3.47948,1.96919,0.124653,34,32765
3.51228,1.97217,0.123712,35,32765
3.52768,1.96522,0.122265,36,32765
3.49944,1.93384,0.1192,34,32765
3.54979,1.94609,0.119125,36,32765
3.50364,1.90558,0.115824,25,32765
3.38687,1.82742,0.110291,16,32765
3.41932,1.83048,0.109544,19,32765
3.43428,1.82376,0.108246,18,32765
3.47583,1.83083,0.107648,18,32765
3.43773,1.79598,0.104369,24,32765
3.55039,1.83945,0.105573,32,32765
3.59215,1.84581,0.105157,35,32765
3.62511,1.84734,0.103894,35,32765
3.63134,1.83514,0.102647,36,32765
3.61969,1.81393,0.100179,36,32765
3.63485,1.80604,0.0983394,35,32765
3.64094,1.79381,0.0970121,35,32765
3.67394,1.79474,0.0957742,37,32765
3.67998,1.7824,0.0944559,37,32765
3.68591,1.7702,0.0926596,36,32765
3.67386,1.74915,0.0901262,36,32765
3.69781,1.74537,0.0893427,36,32765
3.72184,1.74132,0.0882892,36,32765
3.72769,1.72886,0.0865303,36,32765
3.74251,1.72069,0.0849651,35,32765
3.73002,1.70001,0.0830013,35,32765
3.73572,1.68752,0.0817057,35,32765
3.75958,1.68328,0.0807246,34,32765
3.76516,1.67084,0.0792381,36,32765
3.77987,1.66236,0.0778988,35,32765
3.78541,1.64977,0.0764038,36,32765
3.79088,1.63721,0.0751079,35,32765
3.80556,1.62845,0.0739246,35,32765
3.8111,1.61548,0.072793,36,32765
3.79809,1.59495,0.0709344,35,32765
3.8496,1.60141,0.0702802,37,32765
3.86414,1.59249,0.0694169,37,32765
3.8694,1.5797,0.0682121,36,32765
3.88377,1.57097,0.0671476,36,32765
3.87962,1.55454,0.0658982,35,32765
3.89401,1.54551,0.0647886,36,32765
3.9084,1.53634,0.0638939,36,32765
3.89486,1.51611,0.0626481,35,32765
3.94645,1.52137,0.0622218,37,32765
3.93281,1.50112,0.0610085,36,32765
3.95646,1.49522,0.0605245,36,32765
3.97076,1.48561,0.0600361,36,32765
3.96631,1.46896,0.0587888,35,32765
3.96173,1.45251,0.0574989,36,32765
3.95705,1.43617,0.056879,35,32765
4.03697,1.45042,0.0570205,37,32765
4.04167,1.43731,0.0564753,37,32765
4.02747,1.41749,0.0555566,37,32765
4.06043,1.41417,0.0550069,37,32765
4.0367,1.39103,0.0544034,36,32765
4.07902,1.39092,0.0548018,38,32765
4.0835,1.37774,0.0540994,38,32765
4.07845,1.3614,0.0534469,37,32765
4.1113,1.35767,0.0535606,37,32765
4.13465,1.35065,0.0538327,39,32765
4.14844,1.34058,0.053452,39,32765
4.12405,1.31842,0.0536515,38,32765
4.1473,1.3113,0.0538339,38,32765
4.15134,1.2984,0.0548606,38,32765
3.09225,2.26918,0.185553,27,32765
3.07582,2.24115,0.180825,24,32765
3.14005,2.27194,0.180935,27,32765
3.12338,2.24409,0.176318,25,32765
3.16337,2.25709,0.175184,27,32765
3.14636,2.22953,0.170857,27,32765
3.14561,2.21348,0.167729,27,32765
3.15298,2.20316,0.165232,28,32765
3.16065,2.19234,0.162531,26,32765
3.1682,2.18162,0.159709,26,32765
3.25806,2.22747,0.161004,29,32765
3.22412,2.18873,0.156579,27,32765
3.21466,2.1672,0.153569,28,32765
3.23012,2.1623,0.151386,26,32765
3.27064,2.17374,0.150542,29,32765
3.2863,2.16836,0.148544,29,32765
3.26856,2.14092,0.145083,28,32765
3.30082,2.1465,0.143801,29,32765
3.28281,2.11934,0.140291,28,32765
3.29823,2.11397,0.138512,29,32765
3.30519,2.10323,0.136232,29,32765
3.33758,2.10826,0.13537,29,32765
3.37842,2.11857,0.13423,30,32765
3.35154,2.08628,0.130735,28,32765
3.34999,2.06994,0.128375,28,32765
3.32277,2.03802,0.125161,28,32765
3.33812,2.0322,0.123263,29,32765
3.39627,2.05207,0.123325,29,32765
3.38605,2.03043,0.12059,28,32765
3.36706,2.00385,0.117707,28,32765
3.42536,2.02323,0.11766,30,32765
3.41489,2.00172,0.114996,30,32765
3.42152,1.99046,0.113233,30,32765
3.43682,1.98411,0.111621,30,32765
3.44357,1.97247,0.109983,30,32765
3.48496,1.98072,0.108957,30,32765
3.45679,1.94942,0.106042,31,32765
3.48077,1.94767,0.104488,32,32765
3.47859,1.93114,0.102614,31,32765
3.47623,1.91484,0.100561,31,32765
3.49149,1.90789,0.0993273,30,32765
3.40993,1.84873,0.094719,16,32765
3.40739,1.83247,0.0931658,15,32765
3.36941,1.79758,0.090553,16,32765
3.41073,1.80511,0.0900289,16,32765
3.50537,1.84006,0.0903707,15,32765
3.51163,1.82821,0.08766,25,32765
3.57096,1.8442,0.0872643,31,32765
3.56832,1.82752,0.0856818,31,32765
3.60128,1.82902,0.0843382,32,32765
3.61645,1.82124,0.0829954,32,32765
3.59578,1.79561,0.0809251,31,32765
3.66448,1.8147,0.0809767,32,32765
3.69748,1.81567,0.0799623,33,32765
3.64062,1.77269,0.077156,30,32765
3.67364,1.77341,0.0759252,30,32765
3.67062,1.75666,0.0749436,32,32765
3.67662,1.74409,0.074293,31,32765
3.66439,1.72325,0.0716818,30,32765
3.69736,1.72363,0.0707227,30,32765
3.70312,1.71129,0.068918,32,32765
3.73607,1.7115,0.0682308,30,32765
3.71447,1.68665,0.0659055,28,32765
3.76571,1.69472,0.065125,32,32765
3.75314,1.67393,0.0635477,33,32765
3.77705,1.6694,0.0624259,29,32765
3.77353,1.65264,0.0604276,30,32765
3.76072,1.63203,0.0585476,31,32765
3.77537,1.6234,0.0570117,31,32765
3.76237,1.603,0.0551611,30,32765
3.80458,1.60597,0.0541755,31,32765
3.82834,1.60111,0.0526683,32,32765
3.81522,1.58066,0.0505575,29,32765
3.83899,1.57552,0.0490818,31,32765
3.8442,1.5628,0.0475849,32,32765
3.89573,1.56879,0.0463603,32,32765
3.86384,1.54091,0.0441622,33,32765
3.89679,1.53927,0.0423639,32,32765
3.83676,1.50069,0.0399532,30,32765
3.90695,1.51338,0.0391595,31,32765
3.93995,1.51123,0.037689,31,32765
3.87951,1.47332,0.0352619,31,32765
3.92169,1.4749,0.0336112,31,32765
3.95459,1.47262,0.0321859,32,32765
3.94051,1.45307,0.0304645,31,32765
3.97338,1.45063,0.0286452,31,32765
3.95932,1.4308,0.0266707,30,32765
3.93574,1.40774,0.0245193,31,32765
3.97815,1.40791,0.0226619,31,32765
4.02051,1.40807,0.0212957,31,32765
4.03452,1.39828,0.0188686,33,32765
3.99176,1.36894,0.0169633,33,32765
4.05294,1.37544,0.0150756,32,32765
4.0763,1.36879,0.012965,33,32765
4.08063,1.35586,0.0106917,32,32765
4.09447,1.34586,0.00853574,33,32765
4.11773,1.33908,0.0060403,34,32765
4.09341,1.31681,0.00361079,33,32765
4.12614,1.31297,0.00103664,33,32765
4.11112,1.29413,-0.00129839,33,32765
4.10555,1.27844,-0.00406886,32,32765
3.12277,2.29779,0.151263,30,32765
3.15484,2.30497,0.149065,31,32765
3.12218,2.26514,0.14396,31,32765
3.16224,2.27816,0.142189,31,32765
3.18606,2.27943,0.139926,31,32765
3.18542,2.26331,0.136551,31,32765
3.18477,2.24709,0.133479,31,32765
3.20043,2.24234,0.131281,31,32765
3.20002,2.22563,0.128206,31,32765
3.22413,2.2261,0.125987,31,32765
3.23988,2.221,0.123467,32,32765
3.23072,2.1991,0.120441,31,32765
3.20474,2.1663,0.117004,30,32765
3.24507,2.17813,0.115619,31,32765
3.28563,2.18954,0.114385,33,32765
3.26798,2.16203,0.111144,32,32765
3.292,2.16203,0.109359,33,32765
3.30757,2.15662,0.107232,32,32765
3.32316,2.15109,0.105054,33,32765
3.32186,2.13476,0.102632,33,32765
3.32888,2.12392,0.100332,33,32765
3.33598,2.11283,0.0984238,32,32765
3.35143,2.1072,0.0961771,34,32765
3.35845,2.09609,0.0940192,33,32765
3.37392,2.09022,0.0922093,34,32765
3.38084,2.0791,0.0902606,33,32765
3.37926,2.06265,0.0877824,32,32765
3.40328,2.0617,0.0863882,34,32765
3.41879,2.05543,0.0844674,33,32765
3.41707,2.03893,0.0822552,34,32765
3.44105,2.0378,0.0808064,36,32765
3.41339,2.00606,0.0779229,34,32765
3.44595,2.00989,0.0767331,36,32765
3.46996,2.00845,0.075198,35,32765
3.45944,1.98671,0.0731734,34,32765
3.48349,1.98502,0.0714027,35,32765
3.48146,1.96841,0.0693793,34,32765
3.47932,1.9519,0.0671148,34,32765
3.5121,1.95478,0.0659878,35,32765
3.53609,1.95283,0.0644859,34,32765
3.53393,1.93606,0.0628169,36,32765
3.54035,1.92436,0.0606196,34,32765
3.47645,1.87441,0.0580768,19,32765
3.40336,1.82035,0.0553266,18,32765
3.42708,1.81841,0.0541302,19,32765
3.39785,1.78818,0.051639,18,32765
3.51029,1.83218,0.0505394,20,32765
3.56961,1.8482,0.0495782,34,32765
3.63815,1.86803,0.0490455,36,32765
3.63558,1.85114,0.0469184,35,32765
3.63297,1.83422,0.0452409,36,32765
3.65707,1.83085,0.0439792,36,32765
3.64526,1.80976,0.0424101,35,32765
3.66926,1.80636,0.0410188,36,32765
3.67529,1.79409,0.0395537,36,32765
3.68137,1.78163,0.037744,35,32765
3.69642,1.77345,0.0370316,36,32765
3.70248,1.76077,0.0363728,35,32765
3.7084,1.74832,0.0340962,36,32765
3.73238,1.74432,0.032755,36,32765
3.72913,1.72763,0.0308547,35,32765
3.73486,1.71523,0.0296578,36,32765
3.74058,1.70276,0.0278142,36,32765
3.76452,1.69841,0.0263586,36,32765
3.77935,1.68982,0.0251483,37,32765
3.75759,1.66494,0.0235392,35,32765
3.79068,1.66428,0.0218521,37,32765
3.80543,1.65554,0.0202961,36,32765
3.78341,1.6309,0.018464,37,32765
3.82562,1.63399,0.0170404,37,32765
3.84029,1.62506,0.0155388,37,32765
3.84566,1.61234,0.0137581,36,32765
3.84181,1.59562,0.0118521,35,32765
3.87486,1.59418,0.0101979,36,32765
3.87088,1.57754,0.00866327,36,32765
3.8668,1.56099,0.00685491,36,32765
3.91845,1.56655,0.00515272,36,32765
3.86779,1.53159,0.00297555,36,32765
3.91016,1.53318,0.00126555,36,32765
3.9245,1.52394,-0.000213469,37,32765
3.92019,1.50736,-0.00195794,36,32765
3.9532,1.50502,-0.00381089,36,32765
3.95804,1.49225,-0.0058227,36,32765
3.94414,1.47236,-0.00745949,37,32765
4.0051,1.48053,-0.00916319,36,32765
4.00047,1.46413,-0.0111952,35,32765
3.99586,1.44757,-0.0130277,35,32765
4.0194,1.44121,-0.0150947,36,32765
4.01478,1.42438,-0.0171734,35,32765
4.0383,1.4178,-0.0188447,36,32765
4.05233,1.40793,-0.0213794,38,32765
4.05689,1.39472,-0.0230939,37,32765
4.05186,1.37847,-0.0251709,37,32765
4.08469,1.375,-0.0275354,37,32765
4.07954,1.35886,-0.0297467,37,32765
4.09337,1.34884,-0.0319986,37,32765
4.10712,1.33894,-0.0346037,37,32765
4.13989,1.33507,-0.0372612,38,32765
4.12502,1.31588,-0.0396909,38,32765
4.11954,1.30001,-0.0419366,36,32765
4.17125,1.30214,-0.0452421,39,32765
3.11655,2.29186,0.106587,26,32765
3.11607,2.27565,0.105524,26,32765
3.13172,2.27118,0.104746,27,32765
3.13924,2.26082,0.103847,28,32765
3.16317,2.26181,0.10326,28,32765
3.15435,2.23979,0.101573,27,32765
3.17797,2.24108,0.100688,27,32765
3.21808,2.25361,0.100526,28,32765
3.21731,2.23728,0.0992646,28,32765
3.21668,2.22073,0.0970693,29,32765
3.21589,2.20431,0.0954443,27,32765
3.215,2.18792,0.0940425,27,32765
3.24719,2.19396,0.0932996,28,32765
3.26277,2.18878,0.0919238,29,32765
3.18694,2.1224,0.0880746,25,32765
3.28564,2.17261,0.0889852,30,32765
3.25929,2.13997,0.0870295,28,32765
3.33327,2.17304,0.0872881,30,32765
3.28165,2.12411,0.0839317,28,32765
3.32241,2.13474,0.083499,29,32765
3.28736,2.09686,0.0803865,28,32765
3.25219,2.05904,0.0782752,28,32765
3.36081,2.1118,0.0787964,30,32765
3.334,2.07932,0.0760625,28,32765
3.33257,2.06274,0.0739933,29,32765
3.33941,2.05171,0.0724815,29,32765
3.36329,2.05106,0.0712219,29,32765
3.39574,2.05547,0.0699493,31,32765
3.37687,2.02874,0.0676762,30,32765
3.37514,2.01222,0.0658916,30,32765
3.41625,2.02136,0.0649364,32,32765
3.37995,1.98455,0.0622502,28,32765
3.44708,2.00846,0.0617437,30,32765
3.44514,1.99195,0.0595225,30,32765
3.49527,2.00513,0.0585506,32,32765
3.46734,1.97345,0.056393,29,32765
3.45634,1.95235,0.0540434,29,32765
3.4629,1.94074,0.0521283,30,32765
3.45182,1.9196,0.0507178,30,32765
3.50206,1.93213,0.0490709,32,32765
3.48232,1.90583,0.0466802,32,32765
3.48874,1.89408,0.0447872,28,32765
3.38072,1.82061,0.0415764,14,32765
3.50139,1.87067,0.0415304,14,32765
3.43689,1.82166,0.0382682,15,32765
3.46949,1.82418,0.0373583,15,32765
3.60858,1.88195,0.0364982,20,32765
3.61491,1.8698,0.0334777,33,32765
3.60337,1.84856,0.031935,32,32765
3.60066,1.83191,0.030093,31,32765
3.61568,1.82445,0.0277996,31,32765
3.62174,1.81239,0.02644,31,32765
3.63684,1.80456,0.0245619,32,32765
3.61602,1.77899,0.0226642,31,32765
3.59511,1.7535,0.0207011,30,32765
3.66412,1.77165,0.0196325,30,32765
3.66098,1.75513,0.017513,31,32765
3.67604,1.74681,0.0169718,31,32765
3.69093,1.73874,0.0152189,32,32765
3.67861,1.71792,0.0133977,32,32765
3.71163,1.71806,0.0119845,31,32765
3.72639,1.70994,0.0102485,32,32765
3.73221,1.69721,0.00852867,32,32765
3.72868,1.68077,0.006715,31,32765
3.73432,1.66821,0.00496491,30,32765
3.76725,1.668,0.00341397,33,32765
3.74526,1.64351,0.00191731,31,32765
3.82409,1.6629,0.000489142,32,32765
3.78366,1.63043,-0.00071551,31,32765
3.78922,1.61747,-0.00258558,31,32765
3.81305,1.61252,-0.00398344,31,32765
3.79991,1.59219,-0.00519036,31,32765
3.83293,1.59093,-0.00680692,31,32765
3.81968,1.57062,-0.00811964,30,32765
3.86193,1.57299,-0.00942688,29,32765
3.82996,1.54538,-0.0105489,31,32765
3.88143,1.55137,-0.0118435,31,32765
3.82143,1.51282,-0.0126534,30,32765
3.90084,1.5295,-0.0139998,31,32765
3.88722,1.50937,-0.0156279,30,32765
3.89215,1.4966,-0.016748,31,32765
3.89699,1.48393,-0.0174857,29,32765
3.95798,1.49231,-0.018757,32,32765
3.93471,1.4689,-0.0196655,31,32765
3.92081,1.44887,-0.0210391,30,32765
4.01009,1.46684,-0.0219717,34,32765
4.03368,1.46047,-0.0226237,34,32765
4.01963,1.44046,-0.0237045,32,32765
4.02434,1.42723,-0.0244528,33,32765
3.9818,1.39751,-0.0247927,31,32765
4.04295,1.40438,-0.0259408,32,32765
4.05686,1.39473,-0.0267089,33,32765
4.03291,1.37205,-0.0266107,32,32765
4.06572,1.36868,-0.0273482,32,32765
4.07965,1.35854,-0.0280273,33,32765
4.09352,1.34848,-0.0285277,32,32765
4.11687,1.34144,-0.028423,34,32765
4.12115,1.32823,-0.0287842,33,32765
4.09675,1.30608,-0.028303,31,32765
4.06277,1.2809,-0.0282819,32,32765
4.14312,1.29203,-0.0280341,33,32765
3.13811,2.31457,0.071049,30,32765
3.12158,2.28643,0.0697074,29,32765
3.18579,2.3172,0.0698942,32,32765
3.14484,2.27152,0.0679236,31,32765
3.1688,2.27248,0.0671427,31,32765
3.15189,2.24459,0.0654659,30,32765
3.17553,2.24588,0.0643898,31,32765
3.19926,2.24695,0.0635252,32,32765
3.2313,2.25352,0.0629978,33,32765
3.20606,2.21981,0.0604172,31,32765
3.24647,2.23169,0.0596419,32,32765
3.24569,2.21517,0.0583173,32,32765
3.22829,2.18745,0.0564073,31,32765
3.26044,2.19348,0.0552235,32,32765
3.26784,2.18249,0.05367,32,32765
3.28334,2.17728,0.0521837,33,32765
3.29879,2.17206,0.0512463,32,32765
3.28914,2.15036,0.0494756,33,32765
3.30458,2.14501,0.0477628,32,32765
3.30337,2.1285,0.0463527,33,32765
3.35255,2.14448,0.0448412,34,32765
3.31758,2.10635,0.0431706,33,32765
3.33323,2.10035,0.0413728,33,32765
3.34031,2.0891,0.0394243,33,32765
3.33043,2.06719,0.0373449,32,32765
3.40539,2.09809,0.0365607,35,32765
3.38675,2.07113,0.034641,34,32765
3.37652,2.04953,0.0326573,33,32765
3.4176,2.05892,0.0312178,34,32765
3.42456,2.04735,0.0295766,34,32765
3.42277,2.03083,0.027869,34,32765
3.43823,2.02436,0.0260339,35,32765
3.43638,2.00775,0.0243511,35,32765
3.44309,1.99626,0.0222813,35,32765
3.49321,2.00947,0.0208381,36,32765
3.47399,1.98268,0.0190989,35,32765
3.48914,1.97629,0.0170558,35,32765
3.53065,1.98413,0.0152689,36,32765
3.51099,1.95785,0.0139839,35,32765
3.54383,1.96052,0.0117677,36,32765
3.55049,1.94844,0.009701,36,32765
3.56584,1.94122,0.00778578,36,32765
3.56362,1.92434,0.00592374,33,32765
3.48184,1.86529,0.00432797,22,32765
3.44383,1.8303,0.00183891,19,32765
3.46761,1.82814,0.000639985,20,32765
3.4294,1.79335,-0.00154808,16,32765
3.52419,1.82783,-0.00453689,26,32765
3.61034,1.85716,-0.00602469,35,32765
3.64329,1.85862,-0.00785737,36,32765
3.61377,1.82841,-0.0101511,36,32765
3.66454,1.83876,-0.0116562,36,32765
3.6618,1.82185,-0.0135885,36,32765
3.66796,1.80941,-0.0153334,36,32765
3.67411,1.79686,-0.0171713,35,32765
3.68025,1.78424,-0.0186125,35,32765
3.71321,1.78495,-0.0208536,37,32765
3.69226,1.75922,-0.0212927,36,32765
3.68005,1.73827,-0.0229817,35,32765
3.73113,1.74712,-0.0250394,37,32765
3.70982,1.72182,-0.0263723,35,32765
3.73367,1.71786,-0.0282737,36,32765
3.73041,1.70092,-0.0299277,35,32765
3.76334,1.70092,-0.0319599,36,32765
3.75079,1.68004,-0.0335666,36,32765
3.80202,1.68788,-0.0355806,38,32765
3.78926,1.66725,-0.0369022,37,32765
3.80397,1.65856,-0.0384529,36,32765
3.80945,1.6459,-0.0396634,36,32765
3.82425,1.63676,-0.0416499,36,32765
3.81131,1.61607,-0.0428379,36,32765
3.8535,1.61893,-0.0444987,36,32765
3.85891,1.60596,-0.0460916,35,32765
3.8642,1.59313,-0.0474562,36,32765
3.86948,1.58024,-0.0486906,36,32765
3.87462,1.56754,-0.0499205,37,32765
3.90759,1.56595,-0.0514569,37,32765
3.89413,1.54567,-0.0522431,35,32765
3.88056,1.52557,-0.0530914,36,32765
3.93215,1.53085,-0.0554457,36,32765
3.94648,1.5215,-0.056716,35,32765
3.96076,1.51218,-0.0576031,36,32765
3.96569,1.49915,-0.058628,35,32765
3.96119,1.48267,-0.0595414,36,32765
3.96609,1.46945,-0.0610286,34,32765
3.99908,1.46666,-0.0619429,36,32765
4.00388,1.45348,-0.0624911,35,32765
4.00863,1.44028,-0.0636771,36,32765
4.01335,1.42706,-0.0644263,35,32765
4.03686,1.42053,-0.0653667,37,32765
4.07917,1.42067,-0.0667833,38,32765
4.03642,1.39132,-0.0667172,37,32765
4.05033,1.38157,-0.0669652,36,32765
4.08317,1.37813,-0.0679898,38,32765
4.10662,1.37107,-0.0689277,38,32765
4.09204,1.3515,-0.0690471,37,32765
4.12492,1.34754,-0.0692931,38,32765
4.11971,1.3312,-0.0694972,38,32765
4.14296,1.32423,-0.069536,38,32765
4.16626,1.31692,-0.0701068,39,32765
4.15129,1.29791,-0.0690081,38,32765
3.11788,2.29093,0.0856599,26,32765
3.10127,2.26299,0.0813442,26,32765
3.14114,2.27627,0.0789835,28,32765
3.14064,2.25999,0.075466,27,32765
3.10747,2.22056,0.0717568,27,32765
3.16387,2.24489,0.069532,28,32765
3.14685,2.21707,0.0664609,28,32765
3.17063,2.2181,0.0637558,26,32765
3.16982,2.20185,0.0607092,27,32765
3.20171,2.20855,0.0588558,27,32765
3.22542,2.20943,0.0565602,28,32765
3.23269,2.19885,0.0539199,27,32765
3.23162,2.18267,0.0509501,28,32765
3.22251,2.16045,0.0482461,28,32765
3.2797,2.18289,0.0463981,29,32765
3.2537,2.14977,0.0435732,29,32765
3.26078,2.13907,0.0410922,28,32765
3.29287,2.14484,0.0391187,29,32765
3.27478,2.11766,0.0365783,30,32765
3.32378,2.13396,0.0348054,30,32765
3.28036,2.09053,0.0319209,29,32765
3.3127,2.0956,0.0297565,29,32765
3.33662,2.09518,0.0278431,30,32765
3.32662,2.07349,0.0255844,29,32765
3.36742,2.08363,0.0234851,29,32765
3.37432,2.07246,0.0213117,29,32765
3.38971,2.06649,0.0193356,30,32765
3.39657,2.05522,0.0171765,31,32765
3.40348,2.04378,0.0150874,30,32765
3.42749,2.0426,0.012934,31,32765
3.41715,2.02087,0.0108284,30,32765
3.45844,2.02958,0.00899925,32,32765
3.46515,2.01811,0.00691886,31,32765
3.48912,2.01666,0.00481647,32,32765
3.47843,1.99516,0.00271877,29,32765
3.45033,1.9637,0.000960401,29,32765
3.50047,1.97664,-0.00113869,31,32765
3.49846,1.95982,-0.00267125,31,32765
3.5138,1.95283,-0.004631,32,32765
3.52899,1.94604,-0.00642877,31,32765
3.5355,1.93419,-0.00828521,32,32765
3.50673,1.90337,-0.00993301,31,32765
3.51306,1.89166,-0.0117692,25,32765
3.44001,1.83742,-0.0134278,17,32765
3.41961,1.81189,-0.0146003,16,32765
3.40795,1.79112,-0.0163567,14,32765
3.46704,1.80758,-0.0193833,15,32765
3.56185,1.84197,-0.0213707,27,32765
3.57694,1.8345,-0.0232561,32,32765
3.60983,1.83602,-0.0255927,32,32765
3.63396,1.83261,-0.0275044,32,32765
3.64916,1.82461,-0.0292395,32,32765
3.63741,1.8033,-0.0305762,30,32765
3.62554,1.78213,-0.0323571,31,32765
3.64939,1.77885,-0.0347883,31,32765
3.66431,1.77097,-0.0370835,31,32765
3.68824,1.76734,-0.0386651,32,32765
3.67616,1.74618,-0.0397945,31,32765
3.67306,1.72935,-0.0390854,31,32765
3.68788,1.72126,-0.0412668,31,32765
3.73904,1.72978,-0.0432405,32,32765
3.73576,1.71296,-0.0447589,32,32765
3.74146,1.70042,-0.0465197,31,32765
3.71981,1.67545,-0.0480272,31,32765
3.74362,1.67116,-0.0500171,32,32765
3.77659,1.67079,-0.0518525,32,32765
3.79136,1.66202,-0.0535393,30,32765
3.76933,1.63744,-0.0549661,32,32765
3.78399,1.62868,-0.05693,31,32765
3.81695,1.62785,-0.0591889,33,32765
3.82235,1.61505,-0.0611481,31,32765
3.81853,1.59829,-0.0624663,32,32765
3.8146,1.58166,-0.0641887,31,32765
3.81988,1.56878,-0.0660574,32,32765
3.86212,1.57105,-0.0684384,31,32765
3.83946,1.54703,-0.0695745,31,32765
3.86312,1.54166,-0.0720407,31,32765
3.87739,1.53275,-0.0737657,30,32765
3.94761,1.54533,-0.0771534,32,32765
3.91529,1.51803,-0.0782243,31,32765
3.9202,1.50519,-0.0803884,32,32765
3.94381,1.49931,-0.0824713,32,32765
3.97678,1.49682,-0.0849547,33,32765
3.96294,1.47666,-0.086367,31,32765
3.94895,1.45676,-0.0881885,32,32765
3.98187,1.454,-0.090647,31,32765
3.99601,1.44423,-0.0929938,31,32765
3.97237,1.42121,-0.0941709,31,32765
4.00525,1.41811,-0.096952,31,32765
4.01921,1.40845,-0.0991694,33,32765
4.0048,1.38887,-0.100844,31,32765
4.02812,1.38243,-0.103489,32,32765
4.02297,1.36642,-0.10536,32,32765
4.0652,1.36616,-0.10889,32,32765
4.05051,1.34688,-0.110408,32,32765
4.12124,1.35565,-0.114675,34,32765
4.11599,1.33935,-0.11694,32,32765
4.09152,1.31734,-0.118749,31,32765
4.16222,1.32574,-0.123358,35,32765
4.10915,1.29442,-0.124434,32,32765
4.1323,1.28709,-0.128042,32,32765
3.14727,2.31954,0.0501015,31,32765
3.14689,2.30325,0.0462619,31,32765
3.13832,2.28112,0.0428137,30,32765
3.14594,2.27066,0.0394882,30,32765
3.15347,2.26024,0.0367077,30,32765
3.1692,2.25547,0.0334389,31,32765
3.20124,2.26219,0.0311138,32,32765
3.22514,2.26303,0.0281639,32,32765
3.24089,2.25799,0.0252832,32,32765
3.22359,2.23033,0.0227445,32,32765
3.23086,2.21981,0.0201364,33,32765
3.23816,2.20917,0.0174861,32,32765
3.22884,2.18733,0.0145619,33,32765
3.25294,2.18738,0.0121651,33,32765
3.28522,2.19311,0.00965415,34,32765
3.25928,2.15989,0.00719304,32,32765
3.30816,2.17662,0.00476259,33,32765
3.29011,2.14943,0.00243358,32,32765
3.30561,2.14395,0.00017148,32,32765
3.37147,2.17101,-0.00210477,34,32765
3.33664,2.1327,-0.00448011,33,32765
3.32687,2.11081,-0.00688371,33,32765
3.35929,2.11565,-0.00902065,34,32765
3.35784,2.09913,-0.0111403,34,32765
3.3817,2.09864,-0.0135721,34,32765
3.40567,2.09789,-0.0158391,35,32765
3.39554,2.07614,-0.0177984,35,32765
3.42808,2.08038,-0.0201168,35,32765
3.4008,2.04817,-0.0220087,33,32765
3.45056,2.06238,-0.0245354,34,32765
3.44029,2.04051,-0.026473,35,32765
3.42992,2.01873,-0.0282679,33,32765
3.47112,2.0275,-0.0306409,35,32765
3.4432,1.99593,-0.0324497,34,32765
3.47578,1.99945,-0.0347713,34,32765
3.49115,1.99272,-0.0366147,35,32765
3.49785,1.9809,-0.0387292,34,32765
3.50457,1.96895,-0.0402721,35,32765
3.51994,1.96192,-0.0423336,34,32765
3.5089,1.94056,-0.0439043,34,32765
3.55921,1.9528,-0.0463254,36,32765
3.5481,1.9314,-0.0478523,35,32765
3.52813,1.90526,-0.0493456,34,32765
3.54332,1.89806,-0.0514551,29,32765
3.47899,1.84866,-0.0517335,19,32765
3.44977,1.81831,-0.053067,16,32765
3.46459,1.81151,-0.0559772,19,32765
3.48835,1.80914,-0.0577287,18,32765
3.57445,1.83849,-0.0608861,28,32765
3.61623,1.84456,-0.0636633,36,32765
3.64038,1.84112,-0.0657699,36,32765
3.64666,1.82859,-0.0674409,36,32765
3.65285,1.81613,-0.0689316,35,32765
3.68587,1.81696,-0.0714065,37,32765
3.70981,1.81347,-0.0740669,37,32765
3.68885,1.78793,-0.0757575,36,32765
3.68578,1.77121,-0.0769754,35,32765
3.70081,1.7629,-0.0784953,36,32765
3.68876,1.74168,-0.0775027,36,32765
3.7036,1.73351,-0.0797908,36,32765
3.73663,1.73357,-0.081846,36,32765
3.76062,1.72925,-0.0838817,36,32765
3.73908,1.70416,-0.0850376,36,32765
3.76301,1.69971,-0.087324,36,32765
3.75952,1.68301,-0.0888785,36,32765
3.78337,1.67853,-0.0907859,35,32765
3.77986,1.66166,-0.0921271,36,32765
3.7945,1.65303,-0.0941809,35,32765
3.81837,1.64813,-0.0964866,36,32765
3.8238,1.63538,-0.0983381,37,32765
3.83843,1.62642,-0.100546,36,32765
3.84387,1.61344,-0.102025,37,32765
3.86768,1.60819,-0.104417,36,32765
3.8638,1.5913,-0.106062,36,32765
3.85981,1.57455,-0.107552,37,32765
3.87424,1.56545,-0.109457,34,32765
3.91651,1.56738,-0.112668,36,32765
3.87509,1.53617,-0.112887,35,32765
3.90806,1.53417,-0.115831,36,32765
3.91298,1.52142,-0.117632,36,32765
3.95521,1.52293,-0.120939,35,32765
3.93217,1.49911,-0.121782,37,32765
3.98382,1.50371,-0.125133,36,32765
3.97937,1.48698,-0.126662,36,32765
3.99353,1.47738,-0.129218,36,32765
3.98895,1.46072,-0.130752,37,32765
4.02189,1.4577,-0.133825,37,32765
3.9983,1.43455,-0.134736,37,32765
4.01237,1.42466,-0.137171,36,32765
4.05462,1.4249,-0.140469,37,32765
4.04027,1.40516,-0.141979,36,32765
4.05417,1.39533,-0.144497,37,32765
4.08689,1.39209,-0.147658,38,32765
4.09128,1.37885,-0.150215,38,32765
4.10507,1.36893,-0.152619,37,32765
4.1094,1.35563,-0.155072,38,32765
4.12313,1.34552,-0.157967,38,32765
4.15574,1.34186,-0.161722,39,32765
4.14079,1.32271,-0.163647,38,32765
4.14489,1.30945,-0.166444,38,32765
4.1776,1.30497,-0.170658,39,32765
3.09949,2.28378,0.00553733,25,32765
3.1717,2.3206,0.00471732,29,32765
3.15505,2.29252,0.00356437,27,32765
3.17049,2.28826,0.00225121,28,32765
3.1781,2.27767,0.00107779,28,32765
3.16949,2.25532,-0.000283669,27,32765
3.16064,2.23322,-0.00152489,27,32765
3.17622,2.22846,-0.00307181,28,32765
3.21625,2.24101,-0.00458287,30,32765
3.19072,2.20765,-0.00566548,29,32765
3.23089,2.21984,-0.00749741,30,32765
3.25471,2.22044,-0.00881734,30,32765
3.23734,2.19263,-0.0109956,30,32765
3.28624,2.20954,-0.0126117,30,32765
3.27717,2.18714,-0.0139297,28,32765
3.26788,2.16497,-0.015702,28,32765
3.25828,2.1432,-0.0172624,28,32765
3.28209,2.14334,-0.019111,29,32765
3.25561,2.11068,-0.0208286,29,32765
3.3215,2.13766,-0.0229606,31,32765
3.34547,2.13732,-0.0247314,31,32765
3.36949,2.1368,-0.0264716,31,32765
3.3427,2.10429,-0.0282149,30,32765
3.3581,2.09854,-0.0295091,30,32765
3.33957,2.07152,-0.0311112,28,32765
3.38054,2.08129,-0.0333287,30,32765
3.37043,2.0595,-0.0347005,30,32765
3.38589,2.05328,-0.0365962,30,32765
3.40988,2.05221,-0.038915,29,32765
3.45109,2.06123,-0.0412544,32,32765
3.40635,2.01906,-0.0423866,29,32765
3.41312,2.00755,-0.0441186,28,32765
3.40261,1.98589,-0.0455497,28,32765
3.44388,1.99444,-0.0478401,30,32765
3.4506,1.98275,-0.0497476,29,32765
3.43116,1.95627,-0.0514427,30,32765
3.49854,1.97931,-0.0540782,30,32765
3.4964,1.9627,-0.0557558,31,32765
3.50288,1.95106,-0.0576661,31,32765
3.45687,1.91026,-0.0588933,29,32765
3.51586,1.92744,-0.0614181,31,32765
3.52226,1.91566,-0.0634813,31,32765
3.55516,1.91785,-0.0656884,32,32765
3.48227,1.86331,-0.0659831,23,32765
3.46199,1.83752,-0.0672983,17,32765
3.48584,1.83513,-0.0693976,15,32765
3.47422,1.81415,-0.071377,19,32765
3.47139,1.79785,-0.0729485,15,32765
3.53078,1.81349,-0.0756546,24,32765
3.62595,1.84689,-0.079671,32,32765
3.64112,1.83902,-0.0814856,32,32765
3.62939,1.81775,-0.0832473,32,32765
3.6623,1.81886,-0.0858077,33,32765
3.65943,1.80205,-0.0872373,32,32765
3.67444,1.79404,-0.0894755,31,32765
3.67141,1.7773,-0.0912082,32,32765
3.67731,1.76499,-0.0927985,33,32765
3.67411,1.7484,-0.0942556,32,32765
3.67987,1.73616,-0.0958678,32,32765
3.65843,1.71116,-0.0970204,30,32765
3.70042,1.71557,-0.100356,32,32765
3.69711,1.69884,-0.101037,32,32765
3.75745,1.71102,-0.104232,30,32765
3.754,1.69429,-0.10608,32,32765
3.74149,1.67327,-0.107031,32,32765
3.78362,1.67683,-0.109699,32,32765
3.77994,1.66028,-0.111284,31,32765
3.77626,1.64365,-0.112597,32,32765
3.78162,1.63117,-0.114104,31,32765
3.82385,1.63406,-0.116761,31,32765
3.82006,1.61731,-0.117953,31,32765
3.81615,1.60077,-0.119099,33,32765
3.83062,1.59191,-0.120948,30,32765
3.84501,1.5832,-0.122545,30,32765
3.85018,1.57045,-0.124061,32,32765
3.85527,1.55781,-0.125318,32,32765
3.88823,1.55613,-0.12741,32,32765
3.86549,1.5321,-0.127637,31,32765
3.88909,1.52664,-0.129407,31,32765
3.90345,1.51723,-0.131129,31,32765
3.92701,1.51162,-0.133138,33,32765
3.95059,1.50585,-0.134799,31,32765
3.89938,1.47166,-0.13398,29,32765
3.94153,1.47304,-0.136228,31,32765
3.98384,1.47386,-0.138677,31,32765
3.96049,1.45038,-0.138964,31,32765
4.00283,1.45089,-0.141082,33,32765
4.00755,1.43771,-0.141979,32,32765
4.02165,1.42784,-0.143065,33,32765
4.02631,1.41454,-0.144211,32,32765
4.012,1.39482,-0.144396,31,32765
4.06374,1.39802,-0.146727,33,32765
4.05878,1.38161,-0.146799,32,32765
4.04423,1.36221,-0.146615,31,32765
4.10553,1.36789,-0.149671,34,32765
4.0909,1.34845,-0.149379,32,32765
4.13317,1.34782,-0.150992,33,32765
4.10887,1.32553,-0.150144,33,32765
4.14163,1.32158,-0.151049,35,32765
4.12691,1.30184,-0.150701,34,32765
4.15014,1.29458,-0.151229,33,32765
3.13602,2.31829,-0.0306695,32,32765
3.13573,2.3018,-0.0315217,32,32765
3.15138,2.29733,-0.0327246,32,32765
3.14253,2.27547,-0.0338735,31,32765
3.15011,2.26494,-0.0350429,31,32765
3.19031,2.27749,-0.0367753,31,32765
3.18972,2.26105,-0.0379418,31,32765
3.19721,2.25042,-0.0395012,31,32765
3.23728,2.26292,-0.0414004,33,32765
3.25293,2.25792,-0.0426627,34,32765
3.21914,2.21885,-0.0438971,32,32765
3.24295,2.21949,-0.0454047,34,32765
3.25041,2.2085,-0.0476653,33,32765
3.25788,2.19744,-0.0491342,33,32765
3.24878,2.17508,-0.0502599,32,32765
3.29777,2.1917,-0.0527686,33,32765
3.31331,2.18629,-0.0545759,33,32765
3.32052,2.17528,-0.0563625,33,32765
3.31933,2.15877,-0.0581764,33,32765
3.35172,2.1639,-0.0603952,34,32765
3.3505,2.14726,-0.0619066,33,32765
3.38298,2.15208,-0.0640012,35,32765
3.37318,2.13013,-0.0657147,34,32765
3.38019,2.11894,-0.0669511,34,32765
3.38722,2.10763,-0.0688085,34,32765
3.41126,2.10674,-0.0710771,35,32765
3.4183,2.09524,-0.0726444,35,32765
3.44242,2.09404,-0.0748504,35,32765
3.40661,2.0566,-0.0760592,34,32765
3.43065,2.05536,-0.0783837,34,32765
3.44609,2.04893,-0.0803535,35,32765
3.46157,2.04233,-0.0823159,35,32765
3.45982,2.02551,-0.0837983,35,32765
3.48391,2.02383,-0.0860709,34,32765
3.46473,1.99699,-0.0873509,33,32765
3.48008,1.99025,-0.0896742,34,32765
3.52143,1.99837,-0.0923091,35,32765
3.52807,1.98655,-0.0941429,36,32765
3.55208,1.98452,-0.0965502,36,32765
3.53245,1.958,-0.0979794,35,32765
3.57404,1.96532,-0.100612,36,32765
3.53668,1.92938,-0.101456,34,32765
3.52564,1.90773,-0.102675,34,32765
3.55849,1.90989,-0.105245,36,32765
3.60015,1.91666,-0.108181,30,32765
3.53585,1.86711,-0.107846,21,32765
3.47121,1.81808,-0.108023,19,32765
3.4684,1.80175,-0.109504,18,32765
3.49222,1.79912,-0.111639,18,32765
3.51605,1.79634,-0.114258,26,32765
3.65587,1.85206,-0.120228,37,32765
3.67099,1.84415,-0.122712,37,32765
3.66818,1.82729,-0.124366,37,32765
3.66534,1.81041,-0.12571,37,32765
3.7073,1.81554,-0.128986,36,32765
3.70434,1.79866,-0.130648,37,32765
3.6923,1.77753,-0.131615,36,32765
3.74327,1.78668,-0.134941,38,32765
3.70398,1.7528,-0.134943,37,32765
3.74595,1.75737,-0.138167,37,32765
3.74275,1.74042,-0.14024,36,32765
3.76676,1.73605,-0.141868,37,32765
3.78173,1.72725,-0.143931,37,32765
3.78744,1.71452,-0.146055,36,32765
3.75677,1.68515,-0.146127,36,32765
3.78065,1.68054,-0.148464,36,32765
3.80442,1.67605,-0.151047,36,32765
3.81911,1.66729,-0.153014,38,32765
3.82455,1.65464,-0.154543,36,32765
3.83927,1.64557,-0.156473,36,32765
3.81714,1.62091,-0.156825,36,32765
3.85929,1.62371,-0.159788,37,32765
3.83694,1.59931,-0.160212,36,32765
3.86981,1.59818,-0.162685,36,32765
3.89353,1.59289,-0.164999,38,32765
3.86166,1.56505,-0.164694,35,32765
3.88535,1.55962,-0.166676,36,32765
3.89978,1.5503,-0.168227,37,32765
3.90483,1.5374,-0.169391,38,32765
3.93784,1.53517,-0.17203,35,32765
3.95212,1.52583,-0.173833,36,32765
3.97573,1.51996,-0.175692,36,32765
3.99002,1.51036,-0.177227,37,32765
3.95743,1.4834,-0.176537,36,32765
4.00912,1.48764,-0.179789,37,32765
3.99521,1.46746,-0.180229,36,32765
4.04697,1.47126,-0.183159,37,32765
4.01415,1.44437,-0.182361,36,32765
4.03769,1.43781,-0.183975,37,32765
4.03296,1.4211,-0.184697,36,32765
4.09415,1.42762,-0.188168,38,32765
4.06098,1.40123,-0.187069,37,32765
4.0655,1.38801,-0.187486,38,32765
4.13617,1.39733,-0.191054,39,32765
4.11227,1.37421,-0.190743,38,32765
4.09768,1.3547,-0.190267,37,32765
4.15894,1.36025,-0.193142,39,32765
4.13471,1.33783,-0.192017,39,32765
4.15799,1.33073,-0.192765,39,32765
4.17189,1.31994,-0.193559,39,32765
4.17612,1.30655,-0.193394,39,32765
3.09198,2.27707,-0.0139102,26,32765
3.12378,2.28442,-0.0178424,27,32765
3.15549,2.29182,-0.0214084,29,32765
3.14682,2.26965,-0.0245671,28,32765
3.16237,2.26512,-0.0275475,28,32765
3.21059,2.28357,-0.0313401,30,32765
3.20184,2.26129,-0.0341601,29,32765
3.16024,2.21612,-0.0364074,28,32765
3.20855,2.23421,-0.0399582,28,32765
3.16642,2.18963,-0.0423328,27,32765
3.19001,2.1906,-0.0451288,28,32765
3.22198,2.19694,-0.0482165,31,32765
3.27071,2.21411,-0.0512869,31,32765
3.3032,2.21952,-0.0546975,32,32765
3.31062,2.20836,-0.0575461,32,32765
3.28461,2.17517,-0.0596481,29,32765
3.31686,2.18069,-0.0628093,30,32765
3.29044,2.14797,-0.0644207,29,32765
3.30583,2.14256,-0.0671124,29,32765
3.36329,2.1641,-0.0705998,32,32765
3.33662,2.13152,-0.0723652,30,32765
3.31837,2.10424,-0.0744137,29,32765
3.35065,2.10921,-0.0771189,30,32765
3.38313,2.11379,-0.0803329,31,32765
3.39008,2.10255,-0.0821364,31,32765
3.38001,2.08069,-0.0845057,30,32765
3.3869,2.06937,-0.0866189,30,32765
3.41938,2.07359,-0.0900364,31,32765
3.4349,2.06712,-0.092553,31,32765
3.45035,2.06071,-0.0946005,31,32765
3.44862,2.04397,-0.0966194,31,32765
3.44678,2.02731,-0.0986413,31,32765
3.45348,2.01578,-0.10068,30,32765
3.46017,2.00417,-0.102782,31,32765
3.44946,1.98261,-0.104256,29,32765
3.46478,1.97585,-0.106712,31,32765
3.48877,1.97398,-0.109464,32,32765
3.52149,1.9769,-0.112226,31,32765
3.50183,1.95048,-0.11364,31,32765
3.49075,1.92914,-0.114948,29,32765
3.47083,1.90303,-0.115867,31,32765
3.58244,1.94879,-0.121524,32,32765
3.50963,1.8942,-0.120685,32,32765
3.53352,1.89187,-0.123011,29,32765
3.5044,1.8614,-0.123514,20,32765
3.45749,1.8217,-0.123529,16,32765
3.437,1.79608,-0.124531,16,32765
3.51404,1.82114,-0.128662,16,32765
3.49355,1.79533,-0.129504,15,32765
3.60645,1.83786,-0.135179,30,32765
3.63053,1.83446,-0.137662,33,32765
3.62774,1.81761,-0.13929,31,32765
3.68752,1.83195,-0.143392,35,32765
3.6219,1.78414,-0.142345,31,32765
3.64576,1.78075,-0.144878,31,32765
3.6517,1.76838,-0.146631,32,32765
3.67562,1.76465,-0.149151,31,32765
3.66346,1.74364,-0.149509,31,32765
3.71444,1.75258,-0.153245,34,32765
3.7021,1.73167,-0.154561,31,32765
3.7169,1.72338,-0.156914,32,32765
3.74081,1.71913,-0.15918,33,32765
3.73734,1.70251,-0.160783,31,32765
3.75214,1.69392,-0.162826,33,32765
3.74862,1.67721,-0.164159,32,32765
3.77244,1.67264,-0.166806,32,32765
3.75055,1.64787,-0.167056,30,32765
3.8018,1.65517,-0.170858,31,32765
3.81645,1.6463,-0.173236,31,32765
3.78512,1.6178,-0.173142,32,32765
3.81809,1.61661,-0.176848,32,32765
3.78659,1.5883,-0.176549,30,32765
3.81952,1.58699,-0.179798,31,32765
3.85245,1.58558,-0.18301,31,32765
3.9131,1.59542,-0.187482,33,32765
3.87197,1.56374,-0.186939,32,32765
3.89551,1.55849,-0.189961,31,32765
3.86342,1.53086,-0.189796,33,32765
3.84986,1.51057,-0.190721,28,32765
3.93858,1.53027,-0.196867,33,32765
3.90632,1.50264,-0.19697,32,32765
3.92052,1.49327,-0.199234,32,32765
3.95334,1.49092,-0.202899,33,32765
3.97682,1.48497,-0.205486,33,32765
3.98158,1.47189,-0.207606,32,32765
3.96754,1.45185,-0.208869,32,32765
4.00045,1.44882,-0.211902,32,32765
3.94869,1.41537,-0.211072,31,32765
4.0568,1.43895,-0.218974,34,32765
4.01419,1.40927,-0.218805,33,32765
4.03751,1.40274,-0.221871,33,32765
4.05131,1.39306,-0.224533,33,32765
4.05564,1.3801,-0.22637,33,32765
4.06942,1.37013,-0.229365,32,32765
4.11165,1.36935,-0.234085,34,32765
4.09702,1.34953,-0.235719,33,32765
4.10123,1.33631,-0.23791,33,32765
4.08628,1.31727,-0.239047,33,32765
4.13777,1.31971,-0.244456,33,32765
4.12266,1.30078,-0.246067,33,32765
4.15516,1.2967,-0.250601,34,32765
3.11223,2.29966,-0.049999,31,32765
3.12793,2.29511,-0.0539638,30,32765
3.15155,2.29661,-0.0576723,31,32765
3.15911,2.28612,-0.0609605,32,32765
3.16657,2.27569,-0.0638881,32,32765
3.21476,2.29416,-0.0681572,33,32765
3.20605,2.27181,-0.0708019,33,32765
3.2136,2.26103,-0.0736256,33,32765
3.2538,2.27325,-0.0775043,34,32765
3.24471,2.25121,-0.0801822,33,32765
3.26023,2.24625,-0.0830245,33,32765
3.26759,2.23542,-0.0858077,33,32765
3.2585,2.21315,-0.0878239,33,32765
3.26608,2.20183,-0.0908179,33,32765
3.28174,2.19633,-0.0938787,33,32765
3.29736,2.19082,-0.0968136,33,32765
3.31292,2.18529,-0.0997684,34,32765
3.30328,2.16345,-0.101525,33,32765
3.33547,2.16888,-0.104853,34,32765
3.35095,2.16325,-0.107579,35,32765
3.35798,2.1522,-0.110072,35,32765
3.35668,2.13552,-0.112429,33,32765
3.38904,2.14036,-0.115445,34,32765
3.38771,2.12357,-0.117796,34,32765
3.40318,2.11757,-0.119907,35,32765
3.41018,2.10612,-0.122719,34,32765
3.43419,2.10511,-0.12548,35,32765
3.40697,2.0728,-0.126994,34,32765
3.44815,2.08185,-0.130573,36,32765
3.43792,2.05996,-0.131742,34,32765
3.47055,2.06365,-0.135002,36,32765
3.46878,2.04688,-0.136951,35,32765
3.44967,2.02009,-0.137973,34,32765
3.49957,2.03356,-0.14183,36,32765
3.48899,2.01181,-0.143146,35,32765
3.46969,1.98505,-0.144284,34,32765
3.50238,1.98808,-0.147597,35,32765
3.50899,1.97624,-0.149539,35,32765
3.53297,1.97417,-0.152554,36,32765
3.53072,1.95751,-0.154079,35,32765
3.56345,1.96011,-0.157059,36,32765
3.56988,1.9482,-0.159204,36,32765
3.56745,1.9316,-0.16069,36,32765
3.57384,1.9196,-0.162437,36,32765
3.58012,1.90771,-0.164209,36,32765
3.56875,1.88634,-0.165348,28,32765
3.4777,1.82317,-0.162824,19,32765
3.51931,1.8297,-0.166052,20,32765
3.56103,1.83586,-0.169582,19,32765
3.50494,1.79184,-0.168299,18,32765
3.59122,1.82038,-0.173945,31,32765
3.64195,1.83055,-0.178082,36,32765
3.69277,1.84041,-0.182316,37,32765
3.68099,1.81902,-0.183204,37,32765
3.687,1.80663,-0.185058,36,32765
3.70202,1.79844,-0.187291,36,32765
3.69001,1.7772,-0.188192,37,32765
3.72299,1.7776,-0.190681,36,32765
3.72889,1.76499,-0.192588,38,32765
3.73469,1.75246,-0.194672,38,32765
3.72237,1.7314,-0.195712,35,32765
3.7735,1.73966,-0.199612,37,32765
3.77919,1.72704,-0.201628,36,32765
3.78496,1.71416,-0.2033,36,32765
3.79063,1.70138,-0.205052,36,32765
3.76889,1.67636,-0.205424,36,32765
3.79272,1.67168,-0.207902,36,32765
3.79825,1.65887,-0.20967,36,32765
3.83123,1.65791,-0.213164,37,32765
3.83668,1.64504,-0.214762,37,32765
3.83294,1.62804,-0.216708,36,32765
3.85674,1.62285,-0.219183,36,32765
3.87132,1.61361,-0.221698,37,32765
3.85815,1.59296,-0.222558,35,32765
3.90954,1.59902,-0.227063,38,32765
3.89622,1.57852,-0.227676,38,32765
3.92905,1.5769,-0.231449,35,32765
3.93417,1.56384,-0.233128,36,32765
3.95788,1.55789,-0.236121,36,32765
3.96295,1.54464,-0.238138,36,32765
3.95871,1.52764,-0.239574,36,32765
3.94499,1.50738,-0.240255,35,32765
3.94981,1.49434,-0.2425,37,32765
3.98264,1.49188,-0.245853,36,32765
3.99677,1.48222,-0.248562,36,32765
4.04837,1.48616,-0.253763,38,32765
4.05322,1.47263,-0.255339,38,32765
4.03915,1.45242,-0.256365,37,32765
4.06263,1.44563,-0.259939,38,32765
4.06715,1.43244,-0.262345,38,32765
4.07167,1.41915,-0.264405,37,32765
4.07606,1.40608,-0.266566,37,32765
4.08043,1.39301,-0.268418,37,32765
4.10368,1.38612,-0.272152,37,32765
4.10806,1.37258,-0.27474,37,32765
4.13134,1.36525,-0.278745,38,32765
4.14507,1.35499,-0.281602,39,32765
4.14917,1.3419,-0.283879,39,32765
4.16266,1.33198,-0.287177,38,32765
4.17613,1.32196,-0.290607,39,32765
4.18009,1.30876,-0.293457,39,32765
3.11911,2.30578,-0.0946134,28,32765
3.16725,2.32466,-0.0969062,29,32765
3.17526,2.31367,-0.0979562,29,32765
3.21541,2.32637,-0.100238,30,32765
3.16629,2.27479,-0.099743,30,32765
3.19823,2.28164,-0.101732,29,32765
3.21385,2.27684,-0.103882,28,32765
3.16413,2.22586,-0.103477,28,32765
3.17156,2.21521,-0.10473,27,32765
3.26105,2.26154,-0.109012,29,32765
3.24382,2.23363,-0.110177,29,32765
3.28414,2.24546,-0.112772,29,32765
3.19231,2.16712,-0.11109,27,32765
3.24918,2.19001,-0.114432,28,32765
3.24814,2.17354,-0.115913,28,32765
3.2888,2.18453,-0.119001,29,32765
3.27941,2.16239,-0.120169,28,32765
3.29504,2.15668,-0.122495,29,32765
3.3189,2.15661,-0.124714,31,32765
3.30923,2.13464,-0.126029,29,32765
3.3247,2.12896,-0.128094,30,32765
3.34016,2.1232,-0.130168,28,32765
3.36404,2.12273,-0.132759,29,32765
3.34555,2.09566,-0.134007,30,32765
3.41191,2.12136,-0.138228,30,32765
3.37641,2.08366,-0.138361,30,32765
3.37482,2.06703,-0.139886,29,32765
3.40726,2.07129,-0.142944,32,32765
3.43119,2.07023,-0.145493,32,32765
3.41234,2.04324,-0.146551,31,32765
3.39341,2.01634,-0.147137,29,32765
3.44315,2.03023,-0.151247,31,32765
3.44988,2.01863,-0.153239,31,32765
3.48245,2.02212,-0.156435,32,32765
3.46321,1.99534,-0.157471,31,32765
3.46985,1.98362,-0.159432,31,32765
3.49385,1.98167,-0.16256,30,32765
3.50923,1.97459,-0.165016,31,32765
3.50713,1.95773,-0.166595,31,32765
3.5136,1.94592,-0.168617,32,32765
3.53751,1.94376,-0.171615,31,32765
3.55268,1.93664,-0.174267,30,32765
3.55906,1.92471,-0.176215,31,32765
3.56543,1.91271,-0.178156,31,32765
3.58939,1.91005,-0.181352,30,32765
3.54285,1.86967,-0.180763,20,32765
3.5226,1.84358,-0.181339,16,32765
3.53766,1.8361,-0.183824,16,32765
3.57923,1.84248,-0.187861,14,32765
3.46968,1.77135,-0.183536,15,32765
3.6003,1.82275,-0.192347,26,32765
3.61534,1.8149,-0.194862,31,32765
3.63936,1.81133,-0.197644,31,32765
3.64541,1.79892,-0.199469,31,32765
3.65132,1.78666,-0.201498,31,32765
3.69316,1.79178,-0.205355,32,32765
3.69007,1.77498,-0.207042,33,32765
3.69591,1.76252,-0.209285,32,32765
3.70177,1.74997,-0.210953,32,32765
3.6985,1.73328,-0.211998,31,32765
3.73132,1.73356,-0.215441,32,32765
3.74598,1.72542,-0.217816,31,32765
3.77882,1.72549,-0.221026,33,32765
3.7481,1.6963,-0.220697,31,32765
3.75378,1.68349,-0.222241,31,32765
3.75942,1.67059,-0.224264,31,32765
3.76495,1.65785,-0.226018,32,32765
3.77045,1.64508,-0.227624,31,32765
3.79414,1.64044,-0.230359,32,32765
3.79952,1.62772,-0.231833,30,32765
3.82333,1.62255,-0.234643,30,32765
3.84712,1.61728,-0.237617,33,32765
3.81564,1.58893,-0.23618,32,32765
3.83926,1.58381,-0.23919,32,32765
3.82586,1.56365,-0.239537,32,32765
3.87721,1.5697,-0.243753,32,32765
3.95642,1.58656,-0.249858,33,32765
3.95232,1.56971,-0.250572,33,32765
3.9203,1.54188,-0.249592,34,32765
3.92535,1.52881,-0.25054,31,32765
3.93032,1.51578,-0.25176,32,32765
3.97249,1.51716,-0.255291,33,32765
3.94003,1.48998,-0.254085,32,32765
4.00093,1.49802,-0.258621,32,32765
4.02449,1.49176,-0.26108,32,32765
3.97309,1.45787,-0.258393,33,32765
4.01536,1.4583,-0.262036,33,32765
3.98256,1.43142,-0.260458,30,32765
4.02475,1.43184,-0.263811,34,32765
4.02938,1.41862,-0.264539,32,32765
4.02458,1.40206,-0.264365,32,32765
4.0479,1.39552,-0.266698,33,32765
4.07128,1.38877,-0.26856,33,32765
4.1135,1.38845,-0.271673,34,32765
4.08011,1.36248,-0.269168,34,32765
4.12239,1.36176,-0.272147,34,32765
4.11734,1.34507,-0.271926,34,32765
4.15022,1.34068,-0.274075,34,32765
4.16408,1.33019,-0.274737,34,32765
4.14926,1.31088,-0.273553,34,32765
4.15336,1.29795,-0.272955,33,32765
3.15443,2.34029,-0.13227,32,32765
3.13826,2.31166,-0.132332,31,32765
3.16237,2.31253,-0.134064,32,32765
3.20248,2.3253,-0.136718,33,32765
3.20209,2.30871,-0.137668,33,32765
3.20974,2.29799,-0.138901,32,32765
3.20911,2.28155,-0.140445,33,32765
3.21665,2.27081,-0.141916,32,32765
3.23242,2.26569,-0.143561,33,32765
3.24815,2.26052,-0.145502,32,32765
3.25561,2.24963,-0.147505,33,32765
3.23827,2.22186,-0.147849,32,32765
3.28689,2.23914,-0.151507,33,32765
3.28599,2.22257,-0.152766,33,32765
3.30166,2.21707,-0.154961,33,32765
3.29254,2.19463,-0.156094,34,32765
3.30822,2.18896,-0.158281,33,32765
3.30722,2.17217,-0.159917,33,32765
3.32274,2.16658,-0.161926,33,32765
3.3299,2.15541,-0.163891,33,32765
3.34543,2.14963,-0.166066,33,32765
3.3778,2.15453,-0.169093,35,32765
3.35956,2.1272,-0.169767,34,32765
3.37494,2.12135,-0.172468,34,32765
3.39893,2.12054,-0.175179,35,32765
3.39745,2.10384,-0.176612,34,32765
3.42148,2.10278,-0.179401,35,32765
3.42842,2.09128,-0.181418,35,32765
3.44385,2.08496,-0.183715,35,32765
3.43364,2.06301,-0.18497,34,32765
3.48345,2.07689,-0.189018,37,32765
3.48175,2.05997,-0.190831,36,32765
3.46273,2.03304,-0.191424,36,32765
3.49532,2.03648,-0.194913,35,32765
3.46751,2.00459,-0.195198,35,32765
3.50016,2.00774,-0.198642,36,32765
3.5329,2.0106,-0.202481,37,32765
3.50488,1.97882,-0.202546,36,32765
3.54637,1.98633,-0.206573,36,32765
3.51801,1.95495,-0.206573,34,32765
3.54193,1.95275,-0.209767,36,32765
3.56588,1.9504,-0.213044,36,32765
3.59863,1.95267,-0.21659,37,32765
3.57871,1.9263,-0.216959,37,32765
3.56746,1.90477,-0.218201,36,32765
3.59155,1.90175,-0.221398,36,32765
3.58028,1.88007,-0.222276,27,32765
3.53346,1.84008,-0.221016,22,32765
3.54838,1.83273,-0.22375,18,32765
3.41227,1.74789,-0.216512,16,32765
3.44476,1.74986,-0.220335,16,32765
3.61111,1.81886,-0.232626,28,32765
3.66191,1.82868,-0.237334,36,32765
3.69486,1.82944,-0.240926,37,32765
3.69191,1.81257,-0.2424,36,32765
3.69789,1.80009,-0.244285,37,32765
3.71281,1.7919,-0.247083,37,32765
3.70969,1.77502,-0.248742,36,32765
3.73364,1.77094,-0.251637,37,32765
3.73044,1.7541,-0.252608,36,32765
3.7633,1.75427,-0.256352,37,32765
3.74177,1.72925,-0.256359,37,32765
3.77459,1.72932,-0.259852,37,32765
3.7621,1.70833,-0.260411,37,32765
3.77692,1.69953,-0.262599,36,32765
3.79172,1.69058,-0.265278,37,32765
3.80645,1.68172,-0.267693,36,32765
3.81202,1.66878,-0.269322,35,32765
3.83577,1.66398,-0.272267,36,32765
3.84123,1.65109,-0.273762,36,32765
3.85592,1.64184,-0.276125,36,32765
3.85217,1.62481,-0.27732,35,32765
3.85758,1.61176,-0.278172,36,32765
3.89047,1.6103,-0.282062,37,32765
3.86794,1.58614,-0.281575,36,32765
3.89158,1.58078,-0.284252,36,32765
3.91522,1.57529,-0.287043,36,32765
3.92963,1.56591,-0.289018,36,32765
3.92547,1.54907,-0.289716,36,32765
3.95843,1.54685,-0.292731,37,32765
3.97277,1.53727,-0.294656,36,32765
3.9777,1.52423,-0.295806,37,32765
4.00127,1.5182,-0.298407,37,32765
4.00618,1.505,-0.299336,37,32765
4.01104,1.49175,-0.300587,37,32765
4.04395,1.48884,-0.303666,39,32765
4.03005,1.46853,-0.303474,36,32765
4.02548,1.45169,-0.303654,36,32765
4.03952,1.4419,-0.305265,37,32765
4.05359,1.43192,-0.306711,37,32765
4.0771,1.42511,-0.308588,37,32765
4.09105,1.41512,-0.310412,38,32765
4.10504,1.40498,-0.311755,39,32765
4.1095,1.39175,-0.31238,38,32765
4.12345,1.38156,-0.313095,39,32765
4.11842,1.365,-0.312861,39,32765
4.16079,1.36382,-0.316151,40,32765
4.15577,1.34697,-0.315704,40,32765
4.17914,1.33947,-0.317185,41,32765
4.16438,1.32007,-0.315818,39,32765
4.19708,1.31601,-0.317381,40,32765
3.13502,2.31689,-0.117065,27,32765
3.14261,2.3064,-0.120586,28,32765
3.18238,2.31953,-0.12592,28,32765
3.10896,2.25036,-0.125782,28,32765
3.18943,2.29239,-0.131957,29,32765
3.18069,2.27004,-0.135187,29,32765
3.19636,2.26505,-0.138571,28,32765
3.22011,2.26589,-0.142301,29,32765
3.17005,2.21524,-0.142891,27,32765
3.22648,2.2389,-0.148407,29,32765
3.26669,2.25085,-0.152607,29,32765
3.27407,2.2399,-0.155627,29,32765
3.26497,2.21756,-0.157714,29,32765
3.28879,2.21781,-0.161384,31,32765
3.29602,2.20686,-0.164005,31,32765
3.28659,2.18481,-0.165531,31,32765
3.28535,2.16834,-0.168379,30,32765
3.29249,2.15732,-0.1705,28,32765
3.3331,2.16799,-0.175056,32,32765
3.31513,2.14043,-0.176109,29,32765
3.35588,2.15071,-0.180626,31,32765
3.37135,2.14482,-0.18364,33,32765
3.33609,2.10692,-0.184052,31,32765
3.3853,2.1223,-0.188574,31,32765
3.39216,2.11106,-0.191385,31,32765
3.40762,2.10487,-0.194286,32,32765
3.389,2.07774,-0.19513,32,32765
3.37033,2.05065,-0.195521,29,32765
3.41988,2.065,-0.20049,31,32765
3.3839,2.02772,-0.200186,30,32765
3.41641,2.03149,-0.203915,30,32765
3.44031,2.03009,-0.207266,30,32765
3.47286,2.03364,-0.210876,32,32765
3.48813,2.02706,-0.213439,33,32765
3.45158,1.99032,-0.212941,30,32765
3.45816,1.97865,-0.214983,30,32765
3.49939,1.98671,-0.219407,32,32765
3.54081,1.99439,-0.223659,31,32765
3.51252,1.96297,-0.223285,31,32765
3.53644,1.96081,-0.226494,33,32765
3.51664,1.93449,-0.226723,32,32765
3.54927,1.93706,-0.230173,33,32765
3.53813,1.91549,-0.231075,32,32765
3.55332,1.90813,-0.23362,31,32765
3.5244,1.87731,-0.233027,31,32765
3.56589,1.88405,-0.237461,31,32765
3.61628,1.89526,-0.242046,21,32765
3.49848,1.81867,-0.235745,15,32765
3.54,1.82508,-0.239929,15,32765
3.43955,1.75828,-0.234202,14,32765
3.53454,1.79144,-0.242279,14,32765
3.64767,1.83288,-0.251303,28,32765
3.68066,1.83361,-0.254928,33,32765
3.65982,1.808,-0.254908,31,32765
3.65686,1.79117,-0.255924,31,32765
3.66275,1.77881,-0.257872,33,32765
3.67759,1.77076,-0.260483,31,32765
3.71954,1.77539,-0.264462,33,32765
3.69832,1.75004,-0.264213,32,32765
3.72219,1.74592,-0.267343,31,32765
3.74602,1.74175,-0.270592,32,32765
3.72458,1.71652,-0.270542,31,32765
3.70303,1.69145,-0.270161,31,32765
3.79952,1.72006,-0.278264,32,32765
3.78695,1.69902,-0.279186,32,32765
3.81076,1.69433,-0.282339,32,32765
3.77984,1.66524,-0.281722,31,32765
3.83101,1.67246,-0.286983,32,32765
3.79982,1.64379,-0.286015,32,32765
3.80521,1.63094,-0.287907,31,32765
3.783,1.60644,-0.287586,32,32765
3.82506,1.60912,-0.292021,31,32765
3.82117,1.59216,-0.293527,31,32765
3.82633,1.57939,-0.2954,31,32765
3.85923,1.57763,-0.299629,33,32765
3.91981,1.58717,-0.305982,32,32765
3.89715,1.56299,-0.30556,31,32765
3.92071,1.55737,-0.30911,32,32765
3.94419,1.55187,-0.312384,33,32765
3.94912,1.53884,-0.314493,33,32765
3.94473,1.52216,-0.315765,32,32765
3.93097,1.50195,-0.316278,31,32765
3.90782,1.47825,-0.315933,31,32765
3.94986,1.47931,-0.321148,31,32765
4.0107,1.48688,-0.328025,33,32765
4.00608,1.47012,-0.329319,32,32765
4.02951,1.46354,-0.333317,32,32765
4.03418,1.45017,-0.335293,32,32765
4.06692,1.44689,-0.339975,35,32765
4.07155,1.43327,-0.342199,34,32765
4.03838,1.40675,-0.341544,33,32765
4.05223,1.39674,-0.344366,34,32765
4.04707,1.38045,-0.345975,33,32765
4.09845,1.3835,-0.352498,35,32765
4.14992,1.38613,-0.359057,33,32765
4.00275,1.32269,-0.348373,22,32765
3.85522,1.26021,-0.337702,13,32765
0,0,-0,0,32765
0,0,-0,0,32765
4.01837,1.27132,-0.359611,12,32765
3.946,1.23486,-0.355977,12,32765
3.15402,2.33949,-0.154374,32,32765
3.14558,2.31705,-0.15712,32,32765
3.14499,2.30069,-0.160776,30,32765
3.16056,2.29608,-0.164304,31,32765
3.16001,2.27956,-0.167089,31,32765
3.1756,2.2747,-0.171421,31,32765
3.2157,2.28708,-0.17624,32,32765
3.23132,2.28208,-0.179727,32,32765
3.23046,2.26569,-0.182458,33,32765
3.26238,2.27206,-0.187189,34,32765
3.23691,2.23845,-0.187981,32,32765
3.25247,2.23322,-0.191466,33,32765
3.26813,2.22778,-0.194831,33,32765
3.28368,2.2224,-0.198198,33,32765
3.27433,2.2003,-0.199812,33,32765
3.28983,2.19489,-0.202679,32,32765
3.29695,2.18387,-0.205965,32,32765
3.33751,2.19473,-0.210203,34,32765
3.36147,2.19433,-0.214111,36,32765
3.35199,2.17204,-0.215452,34,32765
3.37599,2.1714,-0.219287,34,32765
3.3831,2.16005,-0.221864,35,32765
3.38168,2.1434,-0.224064,35,32765
3.38024,2.12675,-0.225701,35,32765
3.40404,2.12607,-0.229658,35,32765
3.42801,2.12507,-0.233244,36,32765
3.418,2.10303,-0.234415,35,32765
3.425,2.09139,-0.236313,35,32765
3.41487,2.06935,-0.237635,34,32765
3.42173,2.05772,-0.239869,35,32765
3.46288,2.06647,-0.244513,35,32765
3.4611,2.04965,-0.246255,35,32765
3.47646,2.04301,-0.248931,36,32765
3.50037,2.04142,-0.252217,36,32765
3.49847,2.02455,-0.253775,36,32765
3.51382,2.01765,-0.256483,37,32765
3.49443,1.99094,-0.256861,36,32765
3.50106,1.979,-0.258918,35,32765
3.51629,1.97205,-0.261393,35,32765
3.54894,1.97471,-0.265449,36,32765
3.54668,1.95793,-0.266726,35,32765
3.56186,1.9508,-0.269154,37,32765
3.58585,1.9482,-0.27255,37,32765
3.59235,1.93591,-0.274549,37,32765
3.58997,1.91899,-0.275636,37,32765
3.6051,1.91149,-0.278445,37,32765
3.61138,1.89936,-0.280095,36,32765
3.60874,1.8826,-0.281463,26,32765
3.50866,1.8153,-0.274972,19,32765
3.4527,1.77122,-0.271612,16,32765
3.52983,1.79534,-0.279227,18,32765
3.55377,1.79197,-0.282297,17,32765
3.60443,1.80194,-0.287584,31,32765
3.68181,1.82525,-0.295133,38,32765
3.68787,1.8127,-0.296791,36,32765
3.7028,1.80457,-0.299487,37,32765
3.71771,1.79635,-0.302219,38,32765
3.71473,1.77931,-0.302924,36,32765
3.72959,1.77102,-0.30535,37,32765
3.73546,1.75829,-0.307203,36,32765
3.7322,1.7414,-0.308412,36,32765
3.74698,1.7329,-0.311086,36,32765
3.78898,1.73677,-0.315728,37,32765
3.77657,1.71566,-0.315696,38,32765
3.79127,1.70692,-0.318716,37,32765
3.76956,1.68189,-0.31822,36,32765
3.82071,1.68914,-0.324176,35,32765
3.82623,1.67623,-0.326038,35,32765
3.84997,1.67132,-0.329395,37,32765
3.82797,1.64645,-0.328956,37,32765
3.86086,1.64526,-0.333119,36,32765
3.85709,1.62829,-0.333989,35,32765
3.86247,1.61502,-0.336227,37,32765
3.88611,1.6097,-0.339735,37,32765
3.90986,1.60395,-0.343472,37,32765
3.91504,1.59081,-0.345527,36,32765
3.91092,1.57404,-0.346466,37,32765
3.93448,1.56834,-0.350215,36,32765
3.98578,1.57376,-0.356172,37,32765
3.94437,1.54241,-0.354142,36,32765
3.96787,1.5365,-0.357837,37,32765
3.99139,1.53043,-0.361551,38,32765
3.98699,1.51354,-0.362656,36,32765
4.01044,1.50732,-0.366588,37,32765
4.04327,1.50428,-0.371491,39,32765
4.04806,1.49081,-0.373576,39,32765
4.05281,1.47724,-0.376054,39,32765
4.02003,1.45024,-0.374554,36,32765
3.98706,1.42354,-0.373363,32,32765
3.91647,1.38361,-0.368479,25,32765
3.83616,1.3411,-0.362911,19,32765
3.77449,1.30567,-0.358576,14,32765
3.85385,1.31927,-0.368028,12,32765
3.83896,1.30057,-0.368566,12,32765
3.76736,1.26289,-0.363593,12,32765
3.77121,1.25069,-0.36586,12,32765
3.92638,1.28813,-0.383088,13,32765
3.9587,1.28456,-0.388623,15,32765
3.98143,1.27808,-0.39339,18,32765
3.9662,1.2594,-0.394391,21,32765
4.03632,1.26776,-0.404238,22,32765
3.09588,2.29699,-0.197449,26,32765
3.15982,2.328,-0.202107,29,32765
3.14332,2.29976,-0.201574,28,32765
3.19138,2.31846,-0.20567,29,32765
3.14236,2.26686,-0.203204,28,32765
3.2391,2.32032,-0.21076,31,32765
3.18987,2.26887,-0.208225,28,32765
3.18095,2.24676,-0.208839,28,32765
3.20461,2.2477,-0.211415,28,32765
3.2283,2.24855,-0.213765,28,32765
3.22758,2.23193,-0.214851,29,32765
3.26793,2.24358,-0.218922,29,32765
3.25065,2.21561,-0.218939,29,32765
3.24979,2.19893,-0.220103,30,32765
3.27364,2.19911,-0.222985,29,32765
3.28093,2.18802,-0.224918,29,32765
3.29652,2.18241,-0.227287,30,32765
3.3371,2.19324,-0.231265,31,32765
3.36938,2.19838,-0.235101,31,32765
3.34311,2.16539,-0.23416,30,32765
3.30823,2.12714,-0.233354,30,32765
3.3407,2.13177,-0.236971,31,32765
3.34783,2.12037,-0.238722,30,32765
3.38869,2.13018,-0.24328,31,32765
3.39567,2.11886,-0.244872,31,32765
3.3856,2.097,-0.245703,30,32765
3.4096,2.0959,-0.248941,31,32765
3.3909,2.06886,-0.249008,31,32765
3.44058,2.08297,-0.254022,32,32765
3.43897,2.06606,-0.25545,31,32765
3.46299,2.06455,-0.258636,33,32765
3.44411,2.03747,-0.258726,31,32765
3.46799,2.03599,-0.262043,32,32765
3.47467,2.02427,-0.264307,30,32765
3.45548,1.99751,-0.263806,30,32765
3.50539,2.01051,-0.269377,31,32765
3.45142,1.9639,-0.266869,30,32765
3.5101,1.98149,-0.272894,32,32765
3.51678,1.96931,-0.275019,33,32765
3.5058,1.94779,-0.275447,33,32765
3.53844,1.9503,-0.279705,34,32765
3.54488,1.93828,-0.281738,32,32765
3.54241,1.92163,-0.283307,33,32765
3.56624,1.91916,-0.286946,32,32765
3.58128,1.91193,-0.289634,31,32765
3.60525,1.90897,-0.293422,33,32765
3.60277,1.89198,-0.294717,32,32765
3.52952,1.83801,-0.290322,18,32765
3.50911,1.81207,-0.290092,15,32765
3.49731,1.79105,-0.290767,14,32765
3.45886,1.75641,-0.28876,13,32765
3.54484,1.7849,-0.297699,14,32765
3.65784,1.82617,-0.308726,27,32765
3.62822,1.7958,-0.307822,30,32765
3.67881,1.80554,-0.313858,31,32765
3.66684,1.78429,-0.314172,32,32765
3.67268,1.77194,-0.315866,30,32765
3.70536,1.77253,-0.320654,33,32765
3.72022,1.76415,-0.323548,32,32765
3.69895,1.73879,-0.323045,33,32765
3.73186,1.73861,-0.327595,31,32765
3.76477,1.73839,-0.331797,32,32765
3.77033,1.72586,-0.334037,32,32765
3.75778,1.70494,-0.334449,32,32765
3.78149,1.70052,-0.337822,33,32765
3.76888,1.67958,-0.337838,31,32765
3.81087,1.68282,-0.343247,33,32765
3.77988,1.65385,-0.34193,32,32765
3.79444,1.64503,-0.344381,33,32765
3.79973,1.63239,-0.346183,32,32765
3.88759,1.65464,-0.355602,33,32765
3.84705,1.62221,-0.353183,30,32765
3.82474,1.59775,-0.352398,31,32765
3.82989,1.58495,-0.354204,31,32765
3.85346,1.5798,-0.357032,32,32765
3.86779,1.57069,-0.359491,30,32765
3.89139,1.56505,-0.363057,36,32765
3.89644,1.55208,-0.364615,30,32765
3.91998,1.54644,-0.367725,32,32765
3.95279,1.54432,-0.371631,33,32765
3.9485,1.52748,-0.372399,32,32765
3.94415,1.51072,-0.3728,33,32765
3.99558,1.51532,-0.378499,34,32765
3.96312,1.48801,-0.376863,33,32765
3.98663,1.4818,-0.379457,34,32765
4.00076,1.4719,-0.381891,33,32765
4.00557,1.45852,-0.382817,31,32765
4.00081,1.4421,-0.3831,27,32765
3.98665,1.4223,-0.382294,20,32765
3.94424,1.39276,-0.378463,16,32765
0,0,-0,0,32765
0,0,-0,0,32765
0,0,-0,0,32765
3.78267,1.27996,-0.365043,12,32765
3.88106,1.29964,-0.374694,12,32765
0,0,-0,0,32765
3.97452,1.30215,-0.384212,13,32765
4.064,1.31679,-0.392536,12,32765
3.98288,1.27633,-0.384228,13,32765
3.97744,1.26067,-0.383166,13,32765
4.00042,1.25399,-0.385024,15,32765
3.154,2.34931,-0.237911,33,32765
3.15383,2.33269,-0.23839,32,32765
3.16958,2.32804,-0.240023,32,32765
3.16122,2.30551,-0.240312,31,32765
3.18502,2.30658,-0.242741,32,32765
3.2007,2.30172,-0.245139,32,32765
3.22462,2.30248,-0.247564,33,32765
3.20771,2.27442,-0.247392,33,32765
3.21512,2.26377,-0.24891,33,32765
3.22248,2.25314,-0.250187,32,32765
3.25458,2.25925,-0.253742,33,32765
3.25388,2.2425,-0.254988,32,32765
3.29431,2.25396,-0.259266,34,32765
3.26058,2.21465,-0.257758,32,32765
3.29272,2.22036,-0.261496,33,32765
3.30838,2.21472,-0.264111,33,32765
3.30742,2.19795,-0.265262,34,32765
3.33135,2.19776,-0.268282,34,32765
3.34691,2.19199,-0.271049,34,32765
3.34577,2.17531,-0.271774,34,32765
3.36129,2.16942,-0.274623,35,32765
3.37707,2.1631,-0.277177,35,32765
3.3843,2.15154,-0.278955,36,32765
3.38303,2.13461,-0.280418,35,32765
3.40693,2.13386,-0.283421,36,32765
3.40541,2.11718,-0.28479,35,32765
3.42096,2.11075,-0.28752,36,32765
3.41086,2.08882,-0.28804,35,32765
3.44349,2.09252,-0.292091,36,32765
3.45047,2.0807,-0.294163,35,32765
3.48307,2.08426,-0.298281,36,32765
3.46429,2.05704,-0.298113,35,32765
3.4968,2.06054,-0.302377,36,32765
3.48635,2.03862,-0.30317,36,32765
3.519,2.04178,-0.306917,37,32765
3.50849,2.01976,-0.307694,36,32765
3.51525,2.00763,-0.30989,36,32765
3.5393,2.00537,-0.313442,36,32765
3.52868,1.98328,-0.314045,36,32765
3.5526,1.98109,-0.317413,37,32765
3.57658,1.97861,-0.321202,38,32765
3.55689,1.95203,-0.320898,37,32765
3.58074,1.94959,-0.324771,37,32765
3.56955,1.92803,-0.325429,37,32765
3.59339,1.92547,-0.329022,37,32765
3.61737,1.92245,-0.333011,38,32765
3.60614,1.90072,-0.333411,37,32765
3.63019,1.89739,-0.337215,36,32765
3.58347,1.85728,-0.334293,24,32765
3.51867,1.80862,-0.32985,18,32765
3.41819,1.74215,-0.321548,16,32765
3.53957,1.7888,-0.334667,18,32765
3.50989,1.75875,-0.333279,17,32765
3.62286,1.79974,-0.34554,28,32765
3.69127,1.81832,-0.353757,36,32765
3.69727,1.80572,-0.35562,36,32765
3.70318,1.79322,-0.357334,36,32765
3.74487,1.79801,-0.363299,36,32765
3.72381,1.77234,-0.36281,38,32765
3.73865,1.76391,-0.365559,37,32765
3.75355,1.75515,-0.368645,36,32765
3.75937,1.74228,-0.370471,37,32765
3.79209,1.7422,-0.375402,37,32765
3.77961,1.72115,-0.375646,37,32765
3.80334,1.71664,-0.379221,38,32765
3.80899,1.7037,-0.380885,37,32765
3.83279,1.69873,-0.384866,37,32765
3.85661,1.69363,-0.388708,37,32765
3.8439,1.6726,-0.388522,38,32765
3.84927,1.65977,-0.390353,36,32765
3.85469,1.64668,-0.392255,35,32765
3.86921,1.63756,-0.394976,36,32765
3.87452,1.62452,-0.396749,37,32765
3.92573,1.63061,-0.403307,37,32765
3.9034,1.60618,-0.401618,36,32765
3.9178,1.59687,-0.404197,37,32765
3.8953,1.57241,-0.403201,39,32765
3.9281,1.57047,-0.407644,38,32765
3.93316,1.55738,-0.409031,36,32765
3.92891,1.54067,-0.409365,34,32765
3.84112,1.49144,-0.401311,27,32765
3.8088,1.46428,-0.398672,23,32765
3.69259,1.4056,-0.38724,17,32765
3.72501,1.4038,-0.391951,14,32765
3.82282,1.42618,-0.402542,12,32765
3.69673,1.36509,-0.390229,12,32765
3.81336,1.39368,-0.402941,12,32765
3.80841,1.37785,-0.403079,12,32765
3.74723,1.34186,-0.397079,13,32765
3.83593,1.35955,-0.406667,13,32765
3.92476,1.37652,-0.416957,15,32765
3.80708,1.32085,-0.404972,17,32765
3.99013,1.36968,-0.424726,19,32765
3.90028,1.32468,-0.415474,19,32765
3.94212,1.32501,-0.420049,21,32765
3.97465,1.32155,-0.423943,21,32765
3.93167,1.29294,-0.419347,22,32765
3.9548,1.28621,-0.421456,22,32765
3.95895,1.27341,-0.421388,23,32765
3.87767,1.23365,-0.412175,20,32765
3.92903,1.23623,-0.417247,23,32765
3.12695,2.3204,-0.218946,28,32765
3.11849,2.29791,-0.221459,27,32765
3.18238,2.32861,-0.229177,29,32765
3.18191,2.31202,-0.231548,29,32765
3.1409,2.26618,-0.231486,28,32765
3.15644,2.26135,-0.23513,28,32765
3.18821,2.268,-0.240599,29,32765
3.22817,2.28034,-0.246038,31,32765
3.16197,2.21805,-0.243165,27,32765
3.25101,2.26453,-0.252473,30,32765
3.2583,2.25369,-0.255449,30,32765
3.24914,2.23153,-0.256686,29,32765
3.28102,2.23758,-0.261811,30,32765
3.24698,2.19857,-0.261371,31,32765
3.31222,2.22642,-0.268823,30,32765
3.28643,2.1929,-0.268646,30,32765
3.31859,2.19823,-0.273545,32,32765
3.31748,2.18148,-0.275495,31,32765
3.33285,2.17589,-0.278774,32,32765
3.32324,2.15373,-0.280013,30,32765
3.35528,2.15893,-0.284779,31,32765
3.36229,2.14768,-0.287177,32,32765
3.34402,2.12028,-0.287858,29,32765
3.38471,2.13027,-0.2929,31,32765
3.40024,2.12389,-0.296483,32,32765
3.3818,2.09656,-0.296591,31,32765
3.40567,2.09549,-0.300753,32,32765
3.42959,2.09429,-0.304485,32,32765
3.41928,2.07251,-0.305446,32,32765
3.4516,2.07651,-0.310081,32,32765
3.44967,2.05997,-0.311814,32,32765
3.45633,2.04844,-0.313954,32,32765
3.42865,2.0165,-0.313341,31,32765
3.49559,2.03998,-0.320844,33,32765
3.50239,2.02785,-0.323617,34,32765
3.46581,1.99116,-0.32179,32,32765
3.54157,2.01896,-0.330416,34,32765
3.4961,1.97754,-0.327894,32,32765
3.52856,1.98051,-0.332286,32,32765
3.50892,1.95396,-0.332276,31,32765
3.56768,1.97093,-0.339344,33,32765
3.52176,1.93001,-0.336396,31,32765
3.57193,1.94165,-0.343049,34,32765
3.53448,1.90584,-0.340731,31,32765
3.58466,1.9173,-0.347179,33,32765
3.60848,1.91458,-0.351078,33,32765
3.57064,1.87918,-0.34889,31,32765
3.5679,1.86248,-0.350483,31,32765
3.53866,1.83206,-0.348476,19,32765
3.48262,1.78808,-0.34498,15,32765
3.57734,1.82126,-0.355695,15,32765
3.60116,1.81795,-0.359401,19,32765
3.54492,1.77418,-0.355268,14,32765
3.60431,1.7886,-0.36261,25,32765
3.67279,1.80692,-0.371137,32,32765
3.69657,1.8032,-0.375143,34,32765
3.67564,1.77757,-0.37409,29,32765
3.69046,1.76923,-0.377378,30,32765
3.69624,1.75673,-0.379215,32,32765
3.71103,1.74828,-0.382348,31,32765
3.70763,1.73162,-0.383436,32,32765
3.75842,1.74001,-0.390164,35,32765
3.7641,1.72721,-0.392281,32,32765
3.7878,1.72276,-0.396264,33,32765
3.79351,1.70974,-0.398081,30,32765
3.80818,1.70085,-0.401243,34,32765
3.79548,1.67988,-0.401504,33,32765
3.8192,1.67495,-0.405417,31,32765
3.76986,1.63824,-0.401506,31,32765
3.80262,1.63722,-0.406442,31,32765
3.84454,1.63995,-0.412432,34,32765
3.84069,1.62297,-0.41374,32,32765
3.82763,1.60213,-0.413916,32,32765
3.90633,1.61968,-0.42392,33,32765
3.90243,1.60248,-0.425072,34,32765
3.9168,1.59306,-0.428176,33,32765
3.92188,1.57993,-0.430273,26,32765
3.77916,1.50762,-0.416092,18,32765
0,0,-0,0,32765
0,0,-0,0,32765
0,0,-0,0,32765
0,0,-0,0,32765
0,0,-0,0,32765
3.66759,1.3791,-0.412827,12,32765
3.75586,1.39798,-0.424355,12,32765
3.90021,1.43711,-0.442121,14,32765
3.83934,1.4002,-0.437066,15,32765
3.87178,1.39756,-0.442399,17,32765
3.94171,1.40815,-0.45185,17,32765
3.86169,1.36532,-0.444533,18,32765
3.85654,1.34928,-0.445725,18,32765
3.90769,1.35278,-0.453332,17,32765
3.8367,1.31397,-0.446824,19,32765
3.85955,1.30782,-0.45107,20,32765
3.80695,1.27622,-0.447202,19,32765
3.86742,1.28275,-0.455664,19,32765
3.79569,1.24553,-0.44922,17,32765
3.81829,1.23939,-0.454053,18,32765
3.85041,1.23624,-0.459305,19,32765
3.80664,1.2088,-0.456875,17,32765
3.78175,1.1878,-0.455661,17,32765
3.16877,2.36083,-0.258835,33,32765
3.13639,2.32033,-0.259233,31,32765
3.16807,2.32739,-0.264937,32,32765
3.18373,2.32255,-0.268571,32,32765
3.18323,2.30586,-0.271411,32,32765
3.22317,2.31834,-0.277289,34,32765
3.19824,2.28418,-0.278177,33,32765
3.23005,2.29073,-0.283291,34,32765
3.2211,2.26848,-0.284641,33,32765
3.24475,2.26912,-0.28911,33,32765
3.26843,2.26964,-0.293561,34,32765
3.25935,2.24739,-0.29463,33,32765
3.28299,2.24777,-0.299301,34,32765
3.29854,2.24229,-0.302954,35,32765
3.26463,2.20307,-0.301932,33,32765
3.30508,2.21404,-0.307524,34,32765
3.32897,2.21377,-0.311947,35,32765
3.32791,2.19693,-0.313822,34,32765
3.33497,2.18582,-0.316418,34,32765
3.35049,2.17991,-0.319875,35,32765
3.35745,2.16878,-0.322536,35,32765
3.36448,2.15749,-0.324943,35,32765
3.40513,2.16748,-0.33108,36,32765
3.38694,2.14,-0.330779,35,32765
3.38559,2.123,-0.332805,35,32765
3.4095,2.12198,-0.336812,36,32765
3.42493,2.11556,-0.340347,36,32765
3.45739,2.11949,-0.345132,37,32765
3.43867,2.09238,-0.345082,35,32765
3.46248,2.09115,-0.349156,36,32765
3.45206,2.0694,-0.349946,36,32765
3.45019,2.05274,-0.351224,36,32765
3.4912,2.06126,-0.357267,37,32765
3.48942,2.04428,-0.358399,37,32765
3.50484,2.03713,-0.362065,37,32765
3.47699,2.00533,-0.36068,36,32765
3.52675,2.01829,-0.36736,37,32765
3.53332,2.00633,-0.369717,37,32765
3.55716,2.00428,-0.373503,38,32765
3.54632,1.98242,-0.374161,36,32765
3.57897,1.9848,-0.379047,36,32765
3.55935,1.95814,-0.37834,36,32765
3.57457,1.95059,-0.381755,37,32765
3.58101,1.93837,-0.383674,38,32765
3.57859,1.92143,-0.38496,36,32765
3.5936,1.91403,-0.388099,37,32765
3.64384,1.92509,-0.394987,38,32765
3.61481,1.89424,-0.393665,37,32765
3.63873,1.89112,-0.397096,36,32765
3.63606,1.87405,-0.398858,26,32765
3.51823,1.79806,-0.387183,17,32765
3.40879,1.72746,-0.376348,16,32765
3.53908,1.77807,-0.392152,17,32765
3.4826,1.73485,-0.38718,16,32765
3.59541,1.77565,-0.401266,28,32765
3.69947,1.81156,-0.414428,37,32765
3.74127,1.81626,-0.42014,36,32765
3.72034,1.79042,-0.419527,36,32765
3.73517,1.78205,-0.422401,37,32765
3.70505,1.75218,-0.420554,35,32765
3.73771,1.75239,-0.425655,36,32765
3.77045,1.7523,-0.430808,38,32765
3.77616,1.73942,-0.432938,37,32765
3.78178,1.72665,-0.435039,36,32765
3.82374,1.73,-0.44104,38,32765
3.79308,1.70064,-0.439066,38,32765
3.80767,1.69178,-0.442306,39,32765
3.82229,1.68277,-0.445358,40,32765
3.81864,1.66584,-0.446223,37,32765
3.79668,1.64097,-0.445051,32,32765
3.76543,1.61241,-0.442816,28,32765
3.70658,1.57236,-0.437508,21,32765
3.58341,1.50571,-0.424404,15,32765
3.62497,1.50884,-0.430666,13,32765
3.60234,1.48498,-0.429385,12,32765
0,0,-0,0,32765
3.58416,1.44949,-0.429947,11,32765
3.69956,1.4816,-0.445191,12,32765
3.63955,1.44361,-0.439601,13,32765
3.69043,1.4494,-0.447245,15,32765
3.76911,1.46592,-0.458065,19,32765
3.8572,1.4854,-0.470308,20,32765
3.85263,1.46888,-0.47134,22,32765
3.86652,1.4596,-0.474524,24,32765
3.87116,1.44655,-0.476692,23,32765
3.82911,1.41645,-0.472903,23,32765
3.87087,1.41725,-0.479878,24,32765
3.82861,1.38743,-0.476222,23,32765
3.80491,1.36465,-0.474645,22,32765
3.79039,1.34542,-0.474616,23,32765
3.73833,1.31311,-0.469792,21,32765
3.77054,1.31049,-0.475436,22,32765
3.81219,1.31077,-0.482368,22,32765
3.8256,1.30149,-0.485598,23,32765
3.79187,1.27625,-0.483552,22,32765
3.69213,1.22952,-0.472097,21,32765
3.72405,1.22694,-0.478115,22,32765
3.7088,1.20871,-0.478222,20,32765
3.69355,1.19067,-0.477597,22,32765
3.67806,1.17271,-0.478262,22,32765
3.70042,1.16698,-0.482874,23,32765
3.14169,2.34185,-0.300675,28,32765
3.13356,2.31918,-0.300456,27,32765
3.18146,2.33803,-0.305751,30,32765
3.15696,2.30377,-0.304415,28,32765
3.21307,2.32816,-0.310315,30,32765
3.20455,2.3056,-0.310937,30,32765
3.19608,2.28299,-0.310877,27,32765
3.19557,2.26624,-0.312055,29,32765
3.21124,2.26105,-0.314909,29,32765
3.20235,2.23875,-0.315138,29,32765
3.24243,2.25069,-0.320381,29,32765
3.24989,2.23963,-0.322355,30,32765
3.28197,2.24547,-0.326533,30,32765
3.28939,2.23425,-0.328819,31,32765
3.23886,2.18413,-0.325237,28,32765
3.29574,2.2064,-0.33216,30,32765
3.28638,2.18419,-0.332557,29,32765
3.31846,2.18962,-0.336913,31,32765
3.3339,2.18389,-0.340197,32,32765
3.33265,2.16719,-0.34176,30,32765
3.35655,2.16668,-0.345153,32,32765
3.33852,2.13907,-0.345067,31,32765
3.36242,2.13831,-0.34897,30,32765
3.37784,2.13217,-0.352296,32,32765
3.36788,2.11027,-0.352459,31,32765
3.34937,2.08311,-0.352065,30,32765
3.39848,2.09805,-0.358656,32,32765
3.39684,2.08136,-0.359728,31,32765
3.41212,2.07501,-0.363159,31,32765
3.41056,2.05795,-0.36454,31,32765
3.44308,2.06144,-0.369555,32,32765
3.41579,2.02907,-0.367951,30,32765
3.47393,2.04764,-0.376193,33,32765
3.4463,2.01567,-0.37447,31,32765
3.47868,2.019,-0.379473,33,32765
3.48531,2.00711,-0.381738,31,32765
3.53506,2.02001,-0.388602,32,32765
3.50703,1.98832,-0.387061,32,32765
3.52222,1.9812,-0.390413,32,32765
3.52869,1.9692,-0.392668,32,32765
3.51777,1.94746,-0.392864,32,32765
3.55902,1.9546,-0.399103,32,32765
3.58288,1.952,-0.403329,33,32765
3.5368,1.91137,-0.399123,31,32765
3.58688,1.92283,-0.406374,32,32765
3.59315,1.9106,-0.408622,33,32765
3.58182,1.889,-0.408847,32,32765
3.61452,1.89048,-0.413941,34,32765
3.59424,1.86429,-0.413277,31,32765
3.54727,1.82476,-0.408939,21,32765
3.55323,1.81264,-0.411102,15,32765
3.53262,1.78686,-0.410021,14,32765
3.52956,1.77029,-0.411368,13,32765
3.64232,1.81116,-0.425777,16,32765
3.63046,1.78986,-0.425551,23,32765
3.70779,1.81237,-0.43606,34,32765
3.69579,1.79111,-0.435845,32,32765
3.71048,1.78301,-0.439073,34,32765
3.70727,1.76614,-0.440181,31,32765
3.71302,1.75365,-0.441696,32,32765
3.71877,1.74095,-0.44354,31,32765
3.75154,1.74073,-0.448783,33,32765
3.7572,1.728,-0.450637,32,32765
3.79897,1.73177,-0.456992,34,32765
3.79553,1.71488,-0.457478,33,32765
3.81028,1.70589,-0.460121,35,32765
3.79766,1.68476,-0.460164,30,32765
3.84876,1.69165,-0.467212,28,32765
3.78145,1.64666,-0.460049,21,32765
3.65904,1.57875,-0.446203,13,32765
0,0,-0,0,32765
0,0,-0,0,32765
0,0,-0,0,32765
0,0,-0,0,32765
3.69347,1.52043,-0.454928,12,32765
3.72604,1.51919,-0.459564,12,32765
3.79545,1.53261,-0.469057,13,32765
3.76349,1.50511,-0.466022,13,32765
3.75912,1.48884,-0.466134,15,32765
3.85636,1.51269,-0.478679,17,32765
3.81486,1.48197,-0.474366,18,32765
3.81963,1.46926,-0.475495,19,32765
3.7408,1.42472,-0.466379,18,32765
3.77329,1.42269,-0.470984,19,32765
3.77792,1.41005,-0.471901,18,32765
3.83838,1.41807,-0.479963,21,32765
3.815,1.39495,-0.477476,19,32765
3.75414,1.35847,-0.470495,19,32765
3.75857,1.34582,-0.4715,18,32765
3.73482,1.32352,-0.468559,18,32765
3.68282,1.29142,-0.462549,17,32765
3.70573,1.28576,-0.465741,17,32765
3.70038,1.27048,-0.465517,18,32765
3.75141,1.27443,-0.472076,17,32765
3.71782,1.24958,-0.467794,18,32765
3.77841,1.25614,-0.475208,18,32765
3.73529,1.22819,-0.469826,18,32765
3.72967,1.21317,-0.469313,17,32765
3.73362,1.20092,-0.469482,17,32765
3.75644,1.19471,-0.47195,18,32765
3.75081,1.17957,-0.47082,18,32765
3.16648,2.37035,-0.340193,33,32765
3.16649,2.35348,-0.340671,32,32765
3.1503,2.32491,-0.339538,32,32765
3.20618,2.34956,-0.346512,34,32765
3.19791,2.32692,-0.346019,33,32765
3.1975,2.31019,-0.347334,33,32765
3.21337,2.30496,-0.34974,33,32765
3.22919,2.29966,-0.352619,33,32765
3.24495,2.29433,-0.355595,34,32765
3.24436,2.27758,-0.356566,33,32765
3.25999,2.27229,-0.359509,34,32765
3.25114,2.2498,-0.359691,33,32765
3.29142,2.26128,-0.365065,35,32765
3.26599,2.22754,-0.363703,33,32765
3.32274,2.24996,-0.371453,36,32765
3.30537,2.22198,-0.370647,35,32765
3.33751,2.22731,-0.375535,35,32765
3.33648,2.21057,-0.376459,35,32765
3.33533,2.19381,-0.377972,35,32765
3.35914,2.19339,-0.382299,36,32765
3.35804,2.17653,-0.38304,35,32765
3.39868,2.18653,-0.389402,37,32765
3.37237,2.15341,-0.38775,35,32765
3.39623,2.15254,-0.392155,35,32765
3.40322,2.14112,-0.394103,35,32765
3.41862,2.13485,-0.397391,36,32765
3.42552,2.12336,-0.399562,36,32765
3.44941,2.12217,-0.40354,36,32765
3.43083,2.09487,-0.403121,36,32765
3.4634,2.09832,-0.408445,37,32765
3.47041,2.08624,-0.410753,36,32765
3.4689,2.06898,-0.411849,36,32765
3.50139,2.07219,-0.41763,37,32765
3.48248,2.04508,-0.416589,36,32765
3.50632,2.04328,-0.420869,35,32765
3.50441,2.02628,-0.422123,35,32765
3.51101,2.01438,-0.424256,36,32765
3.54353,2.01713,-0.429675,38,32765
3.54147,2.00008,-0.431044,37,32765
3.53933,1.98311,-0.432261,36,32765
3.54586,1.97093,-0.434415,36,32765
3.5523,1.95878,-0.436769,35,32765
3.58485,1.96095,-0.44226,37,32765
3.59133,1.94866,-0.443989,37,32765
3.58893,1.93168,-0.445231,37,32765
3.62153,1.93344,-0.450761,37,32765
3.60152,1.90704,-0.44973,37,32765
3.62543,1.90381,-0.454019,36,32765
3.64931,1.90047,-0.458632,37,32765
3.63788,1.87889,-0.458223,37,32765
3.62632,1.85737,-0.458214,29,32765
3.52617,1.79077,-0.446802,18,32765
3.48763,1.75629,-0.443545,16,32765
3.4846,1.7397,-0.444312,16,32765
3.53486,1.74973,-0.451794,17,32765
3.62084,1.77698,-0.464137,24,32765
3.68916,1.79508,-0.47403,34,32765
3.73963,1.80424,-0.481965,38,32765
3.7365,1.78723,-0.483006,38,32765
3.75129,1.77885,-0.485702,37,32765
3.7032,1.74063,-0.480574,32,32765
3.66389,1.70691,-0.476722,25,32765
3.62436,1.67361,-0.472661,22,32765
3.5756,1.63651,-0.467516,17,32765
3.54474,1.60801,-0.46427,13,32765
3.55007,1.59578,-0.465722,12,32765
3.55525,1.58358,-0.46782,12,32765
3.56961,1.57527,-0.470452,12,32765
3.57481,1.56295,-0.47204,12,32765
3.66185,1.58634,-0.484532,13,32765
3.71265,1.59338,-0.492217,14,32765
3.70867,1.57695,-0.492541,18,32765
3.7504,1.57976,-0.498816,21,32765
3.81968,1.59371,-0.508934,24,32765
3.77895,1.5619,-0.504406,24,32765
3.79323,1.55284,-0.5069,24,32765
3.79828,1.53996,-0.508456,23,32765
3.75719,1.50867,-0.503824,23,32765
3.76207,1.49604,-0.505085,22,32765
3.76686,1.48357,-0.506157,24,32765
3.73458,1.45667,-0.502597,23,32765
3.73928,1.44419,-0.503709,23,32765
3.73464,1.42815,-0.503736,22,32765
3.72999,1.41208,-0.503612,23,32765
3.67884,1.37866,-0.496994,22,32765
3.674,1.36286,-0.496786,22,32765
3.71569,1.36417,-0.502804,22,32765
3.69213,1.34148,-0.500201,22,32765
3.68717,1.32564,-0.499929,22,32765
3.67275,1.30684,-0.497971,23,32765
3.705,1.30451,-0.50282,22,32765
3.69045,1.2857,-0.50112,23,32765
3.70387,1.27689,-0.503353,23,32765
3.66099,1.24882,-0.497622,23,32765
3.66498,1.23688,-0.498072,22,32765
3.62196,1.20908,-0.491986,21,32765
3.62586,1.19711,-0.492518,21,32765
3.62959,1.18548,-0.493179,22,32765
3.6712,1.18571,-0.498474,23,32765
3.62782,1.15856,-0.492159,22,32765
3.70722,1.17067,-0.502476,24,32765
3.14781,2.34753,-0.322484,30,32765
3.13915,2.32519,-0.324934,29,32765
3.12247,2.29688,-0.32654,27,32765
3.17003,2.31574,-0.334481,28,32765
3.17738,2.30505,-0.338503,30,32765
3.20085,2.30607,-0.343768,30,32765
3.20813,2.29543,-0.347121,29,32765
3.23176,2.29608,-0.352347,30,32765
3.22273,2.27384,-0.353943,30,32765
3.17292,2.22297,-0.350824,28,32765
3.22909,2.24639,-0.359462,30,32765
3.26916,2.25801,-0.366187,30,32765
3.28484,2.25225,-0.370376,30,32765
3.27581,2.22964,-0.371776,30,32765
3.26662,2.20715,-0.373216,29,32765
3.30683,2.21819,-0.380097,32,32765
3.28911,2.19049,-0.380027,30,32765
3.30445,2.18482,-0.384164,31,32765
3.31148,2.1737,-0.3867,30,32765
3.34351,2.17876,-0.392468,31,32765
3.33375,2.1567,-0.393489,31,32765
3.36569,2.16171,-0.399464,31,32765
3.36422,2.14509,-0.400916,30,32765
3.32061,2.10193,-0.397477,29,32765
3.40324,2.13825,-0.409171,31,32765
3.38487,2.1108,-0.408961,32,32765
3.40867,2.10968,-0.413704,32,32765
3.39861,2.08753,-0.414392,30,32765
3.43091,2.09142,-0.419999,31,32765
3.38669,2.04876,-0.416317,29,32765
3.45303,2.07309,-0.425898,32,32765
3.45982,2.06125,-0.428227,31,32765
3.45791,2.04439,-0.43003,33,32765
3.44738,2.0226,-0.430186,30,32765
3.48835,2.03072,-0.437275,33,32765
3.50362,2.02367,-0.440782,32,32765
3.46724,1.9868,-0.437366,32,32765
3.52563,2.00422,-0.446621,34,32765
3.50628,1.97746,-0.445103,32,32765
3.5127,1.96544,-0.447741,31,32765
3.54517,1.96798,-0.453074,32,32765
3.53407,1.94638,-0.453354,32,32765
3.53167,1.92959,-0.454419,31,32765
3.55542,1.92706,-0.458585,30,32765
3.56179,1.91475,-0.460735,31,32765
3.58564,1.91181,-0.465065,31,32765
3.60941,1.9089,-0.469453,33,32765
3.61568,1.89652,-0.471369,32,32765
3.6218,1.88432,-0.473277,33,32765
3.61924,1.86715,-0.474202,31,32765
3.54587,1.8138,-0.46589,20,32765
3.41025,1.72952,-0.448837,14,32765
3.56683,1.79347,-0.470746,14,32765
3.51928,1.75481,-0.465745,14,32765
3.56947,1.76489,-0.473425,14,32765
3.61983,1.7745,-0.481219,17,32765
3.6793,1.78797,-0.490215,31,32765
3.73895,1.80081,-0.499753,33,32765
3.71805,1.77505,-0.497808,29,32765
3.68795,1.74531,-0.49501,20,32765
3.68459,1.72868,-0.495459,15,32765
0,0,-0,0,32765
0,0,-0,0,32765
0,0,-0,0,32765
0,0,-0,0,32765
3.47695,1.55972,-0.472996,12,32765
3.74498,1.66469,-0.510696,12,32765
3.70502,1.63181,-0.506404,12,32765
3.72849,1.62709,-0.510829,16,32765
3.68824,1.59474,-0.506159,17,32765
3.72064,1.59402,-0.5122,20,32765
3.78049,1.60474,-0.521839,22,32765
3.7308,1.5688,-0.516127,21,32765
3.76328,1.56767,-0.521774,21,32765
3.69503,1.52452,-0.513348,21,32765
3.65393,1.49326,-0.509305,19,32765
3.69544,1.49584,-0.516366,19,32765
3.65424,1.46483,-0.51158,18,32765
3.7049,1.47096,-0.519986,18,32765
3.61725,1.42225,-0.509009,19,32765
3.63091,1.41379,-0.512406,19,32765
3.61689,1.39443,-0.511616,19,32765
3.66757,1.39989,-0.520443,19,32765
3.67198,1.38749,-0.522525,19,32765
3.61133,1.3508,-0.515476,18,32765
3.5412,1.31125,-0.506559,17,32765
3.57318,1.3097,-0.512521,19,32765
3.60514,1.30799,-0.518655,18,32765
3.59044,1.28938,-0.518411,19,32765
3.55714,1.26405,-0.514776,18,32765
3.5049,1.23251,-0.509018,18,32765
3.63032,1.26306,-0.529013,18,32765
3.53125,1.21543,-0.51563,18,32765
3.60985,1.22948,-0.528987,19,32765
3.52902,1.18929,-0.518832,18,32765
3.47611,1.15912,-0.512931,19,32765
3.52656,1.16336,-0.521952,17,32765
3.55815,1.16097,-0.529263,20,32765
3.51449,1.13415,-0.524365,18,32765
3.48005,1.1106,-0.52143,19,32765
3.45482,1.0906,-0.520024,18,32765
3.11654,2.33423,-0.355893,32,32765
3.14781,2.34165,-0.362732,33,32765
3.19528,2.36056,-0.371534,34,32765
3.2028,2.34975,-0.375327,33,32765
3.20219,2.33305,-0.378451,34,32765
3.15313,2.28146,-0.375299,31,32765
3.20073,2.29998,-0.383453,33,32765
3.22432,2.30064,-0.388865,34,32765
3.22345,2.28411,-0.391265,33,32765
3.25518,2.29038,-0.397452,35,32765
3.25435,2.27366,-0.39972,34,32765
3.25355,2.25685,-0.401799,34,32765
3.30197,2.27369,-0.410145,35,32765
3.30946,2.26217,-0.413441,35,32765
3.30041,2.2395,-0.414742,34,32765
3.2829,2.21154,-0.414738,33,32765
3.30654,2.2115,-0.419626,34,32765
3.32192,2.20573,-0.423882,35,32765
3.33731,2.19999,-0.427505,34,32765
3.35273,2.19407,-0.431439,35,32765
3.3764,2.19358,-0.436606,36,32765
3.38332,2.18228,-0.439648,36,32765
3.38194,2.16554,-0.441031,35,32765
3.39721,2.15954,-0.444751,36,32765
3.39581,2.14263,-0.446294,35,32765
3.38593,2.12041,-0.446923,35,32765
3.40971,2.11927,-0.45186,36,32765
3.42509,2.1127,-0.45575,35,32765
3.41505,2.09056,-0.456004,35,32765
3.43885,2.08911,-0.460871,35,32765
3.44564,2.07739,-0.463134,37,32765
3.4695,2.07574,-0.467767,36,32765
3.48472,2.06894,-0.471808,36,32765
3.49998,2.06212,-0.475293,37,32765
3.5067,2.05001,-0.478125,37,32765
3.50484,2.03291,-0.479396,36,32765
3.52882,2.03061,-0.483789,37,32765
3.54412,2.02322,-0.48772,37,32765
3.51626,1.99143,-0.484753,36,32765
3.54869,1.99392,-0.490999,37,32765
3.54651,1.97699,-0.491828,36,32765
3.56153,1.96975,-0.495559,37,32765
3.57663,1.96236,-0.498986,36,32765
3.5743,1.94543,-0.499712,35,32765
3.58946,1.93772,-0.503106,37,32765
3.6046,1.92998,-0.506416,37,32765
3.62839,1.92699,-0.511008,37,32765
3.6435,1.91912,-0.514182,37,32765
3.6409,1.90219,-0.514869,38,32765
3.65603,1.89404,-0.518219,38,32765
3.65351,1.87669,-0.519139,38,32765
3.65099,1.85937,-0.519538,33,32765
3.54204,1.78847,-0.505268,18,32765
3.4325,1.71871,-0.49083,13,32765
3.50025,1.73791,-0.50148,14,32765
3.47925,1.71272,-0.499486,14,32765
3.34233,1.63102,-0.480765,11,32765
3.37456,1.63211,-0.486784,11,32765
3.53199,1.69328,-0.510244,12,32765
3.52856,1.67687,-0.510874,12,32765
3.46221,1.63115,-0.502061,12,32765
3.5214,1.64452,-0.511562,15,32765
3.58968,1.66166,-0.522676,17,32765
3.64918,1.67408,-0.532412,19,32765
3.66369,1.66551,-0.535773,21,32765
3.71434,1.6732,-0.544183,23,32765
3.68358,1.64427,-0.54084,24,32765
3.71614,1.64359,-0.546731,25,32765
3.69423,1.61892,-0.544662,24,32765
3.64495,1.58265,-0.53818,24,32765
3.64085,1.5664,-0.539088,24,32765
3.62759,1.54632,-0.538421,24,32765
3.68734,1.55706,-0.548373,23,32765
3.61919,1.51401,-0.539302,24,32765
3.62411,1.50157,-0.541006,23,32765
3.62884,1.48928,-0.543323,24,32765
3.56933,1.45091,-0.535601,21,32765
3.63832,1.46462,-0.546874,24,32765
3.5693,1.42314,-0.537723,22,32765
3.57378,1.41113,-0.539664,23,32765
3.58738,1.40278,-0.543134,24,32765
3.59182,1.39066,-0.544946,25,32765
3.54995,1.36077,-0.540158,23,32765
3.53572,1.34171,-0.539355,21,32765
3.55844,1.33671,-0.544341,22,32765
3.51623,1.30758,-0.538931,22,32765
3.51099,1.29243,-0.539454,21,32765
3.53354,1.28753,-0.544401,22,32765
3.5281,1.27246,-0.545367,22,32765
3.5321,1.26058,-0.547111,22,32765
3.4706,1.22574,-0.539338,21,32765
3.52106,1.23036,-0.548871,22,32765
3.49687,1.20883,-0.546108,21,32765
3.46299,1.18461,-0.542589,20,32765
3.44775,1.16698,-0.541821,22,32765
3.43237,1.14956,-0.54123,21,32765
3.44516,1.14151,-0.544755,22,32765
3.40144,1.11474,-0.540334,23,32765
3.44237,1.11579,-0.548369,23,32765
3.42676,1.09845,-0.548025,22,32765
3.43921,1.09051,-0.552356,21,32765
3.1054,2.32632,-0.393287,33,32765
3.15281,2.34548,-0.401225,30,32765
3.12821,2.31143,-0.399584,28,32765
3.15978,2.31844,-0.405236,30,32765
3.16743,2.30753,-0.407807,29,32765
3.19101,2.30841,-0.41266,30,32765
3.16628,2.27429,-0.410724,27,32765
3.22225,2.2982,-0.419238,30,32765
3.25402,2.30454,-0.42495,31,32765
3.26156,2.29344,-0.427137,32,32765
3.23645,2.25955,-0.425165,30,32765
3.24382,2.24849,-0.427592,30,32765
3.25943,2.24297,-0.430799,31,32765
3.29967,2.25415,-0.43746,32,32765
3.29888,2.23722,-0.438521,32,32765
3.26495,2.19829,-0.435045,30,32765
3.27204,2.18724,-0.437394,30,32765
3.31232,2.19806,-0.443969,30,32765
3.33607,2.19769,-0.448543,32,32765
3.31827,2.17001,-0.447483,30,32765
3.34209,2.16942,-0.451797,32,32765
3.3409,2.15255,-0.452665,32,32765
3.35634,2.14642,-0.456041,32,32765
3.33817,2.119,-0.454816,30,32765
3.40387,2.14469,-0.465246,32,32765
3.41922,2.13846,-0.468541,32,32765
3.3924,2.10598,-0.465751,32,32765
3.41617,2.10489,-0.469924,30,32765
3.42289,2.09331,-0.472762,32,32765
3.42141,2.07617,-0.473653,31,32765
3.41132,2.05394,-0.473624,31,32765
3.46087,2.06737,-0.481594,31,32765
3.47637,2.0602,-0.485076,33,32765
3.47463,2.04306,-0.486225,32,32765
3.48986,2.03612,-0.489913,31,32765
3.47929,2.01427,-0.489675,31,32765
3.51167,2.0172,-0.495469,32,32765
3.4837,1.98557,-0.492904,30,32765
3.49883,1.97846,-0.496377,31,32765
3.53995,1.98577,-0.503606,32,32765
3.5551,1.97835,-0.507288,33,32765
3.5616,1.96603,-0.50963,32,32765
3.55939,1.94888,-0.510626,33,32765
3.55707,1.9318,-0.511705,32,32765
3.59835,1.93826,-0.519065,32,32765
3.58708,1.91658,-0.519232,33,32765
3.55825,1.88567,-0.516403,32,32765
3.59946,1.89191,-0.523972,34,32765
3.59675,1.87506,-0.524984,32,32765
3.66457,1.89453,-0.535994,30,32765
3.54718,1.81865,-0.520034,23,32765
3.48237,1.77042,-0.512155,15,32765
0,0,-0,0,32765
0,0,-0,0,32765
0,0,-0,0,32765
0,0,-0,0,32765
3.57347,1.73987,-0.532212,12,32765
0,0,-0,0,32765
3.66518,1.7538,-0.548296,12,32765
3.58124,1.69882,-0.537343,15,32765
3.62248,1.70361,-0.544941,18,32765
3.58311,1.67038,-0.539679,18,32765
3.70532,1.71222,-0.559723,20,32765
3.5577,1.62942,-0.538735,19,32765
3.60819,1.63762,-0.546945,19,32765
3.60443,1.62112,-0.547885,19,32765
3.60964,1.60875,-0.550034,20,32765
3.56956,1.57638,-0.544836,19,32765
3.57466,1.56413,-0.546729,20,32765
3.58877,1.55592,-0.54987,20,32765
3.5028,1.50467,-0.537479,19,32765
3.54407,1.50825,-0.544877,20,32765
3.60362,1.51935,-0.555008,20,32765
3.58114,1.49553,-0.552495,20,32765
3.5676,1.47588,-0.551394,18,32765
3.54484,1.45251,-0.548855,18,32765
3.5495,1.44046,-0.550433,17,32765
3.53572,1.42112,-0.549181,19,32765
3.52196,1.40179,-0.54743,18,32765
3.48037,1.37175,-0.541978,17,32765
3.53084,1.37805,-0.550527,18,32765
3.47061,1.34131,-0.541606,20,32765
3.53038,1.35092,-0.551232,21,32765
3.5254,1.33555,-0.551302,19,32765
3.49256,1.30991,-0.546889,18,32765
3.5431,1.31548,-0.555316,20,32765
3.42653,1.25933,-0.537681,17,32765
3.40268,1.23773,-0.534199,17,32765
3.44389,1.23974,-0.540948,17,32765
3.44785,1.22823,-0.542009,17,32765
3.51711,1.23979,-0.552946,19,32765
3.4557,1.20536,-0.543396,18,32765
3.44074,1.18753,-0.54175,19,32765
3.48197,1.189,-0.548243,20,32765
3.46695,1.1714,-0.545969,19,32765
3.45191,1.15389,-0.543389,19,32765
3.48375,1.15196,-0.548238,18,32765
3.44987,1.12833,-0.542401,19,32765
3.5193,1.13841,-0.553301,19,32765
3.49469,1.11791,-0.549128,19,32765
3.45119,1.09182,-0.541111,19,32765
3.12113,2.34875,-0.432192,34,32765
3.18443,2.37977,-0.442827,34,32765
3.16002,2.34553,-0.440856,33,32765
3.20764,2.36422,-0.449059,34,32765
3.20741,2.34723,-0.450555,34,32765
3.20697,2.33044,-0.452236,34,32765
3.21462,2.31943,-0.454513,34,32765
3.23832,2.32006,-0.459041,34,32765
3.24581,2.30906,-0.461597,34,32765
3.24525,2.29223,-0.462634,34,32765
3.26088,2.28682,-0.466107,35,32765
3.25204,2.26428,-0.466226,33,32765
3.29219,2.27565,-0.473062,35,32765
3.29971,2.26425,-0.475404,36,32765
3.28257,2.23608,-0.474015,35,32765
3.29808,2.23048,-0.477222,34,32765
3.31352,2.22482,-0.480801,35,32765
3.31253,2.20796,-0.481773,35,32765
3.36112,2.22402,-0.490163,36,32765
3.36006,2.20707,-0.491282,36,32765
3.3507,2.18464,-0.490942,35,32765
3.36625,2.17847,-0.49418,34,32765
3.38175,2.17222,-0.497676,35,32765
3.38047,2.15531,-0.498671,35,32765
3.37907,2.13844,-0.49986,35,32765
3.41958,2.1481,-0.506978,37,32765
3.44338,2.14703,-0.511332,36,32765
3.43351,2.12487,-0.510707,36,32765
3.43184,2.10799,-0.512307,36,32765
3.43043,2.09078,-0.513122,35,32765
3.46286,2.09411,-0.51929,37,32765
3.47844,2.08696,-0.522648,36,32765
3.46842,2.06448,-0.522392,36,32765
3.5094,2.07253,-0.5299,38,32765
3.49904,2.0504,-0.529829,36,32765
3.49712,2.03344,-0.530723,37,32765
3.52092,2.03135,-0.535506,36,32765
3.5447,2.02915,-0.54046,37,32765
3.53408,2.00712,-0.540122,37,32765
3.55795,2.00456,-0.545105,37,32765
3.54719,1.98255,-0.544913,37,32765
3.57103,1.97982,-0.549929,38,32765
3.58625,1.97214,-0.553529,38,32765
3.55792,1.94068,-0.550505,34,32765
3.51201,1.89999,-0.544725,27,32765
3.457,1.85512,-0.537861,21,32765
3.42805,1.82458,-0.534592,16,32765
3.32882,1.75728,-0.520529,12,32765
3.19407,1.67238,-0.500653,11,32765
3.49842,1.81651,-0.54936,13,32765
3.43387,1.76821,-0.540338,13,32765
3.44842,1.76078,-0.544177,13,32765
3.45424,1.74863,-0.54647,13,32765
3.47774,1.74532,-0.551412,16,32765
3.54553,1.764,-0.563504,19,32765
3.6046,1.77794,-0.573917,22,32765
3.61036,1.76548,-0.576166,22,32765
3.67838,1.78331,-0.588399,26,32765
3.57717,1.71915,-0.573126,23,32765
3.55584,1.69413,-0.571249,23,32765
3.59699,1.699,-0.579208,24,32765
3.54874,1.66157,-0.572038,23,32765
3.53605,1.64114,-0.571504,23,32765
3.55929,1.63727,-0.576522,24,32765
3.5107,1.60034,-0.569147,22,32765
3.54288,1.60041,-0.5758,22,32765
3.54803,1.58821,-0.577921,23,32765
3.50798,1.55597,-0.57224,24,32765
3.52206,1.54787,-0.575588,23,32765
3.5089,1.52796,-0.574349,22,32765
3.50474,1.51211,-0.574403,22,32765
3.50049,1.49624,-0.574713,21,32765
3.52347,1.49209,-0.579394,22,32765
3.50096,1.46847,-0.576573,22,32765
3.47824,1.44525,-0.573751,22,32765
3.48286,1.4334,-0.57543,23,32765
3.46916,1.41407,-0.573959,21,32765
3.42783,1.38384,-0.567937,21,32765
3.45988,1.38316,-0.573582,22,32765
3.45507,1.36781,-0.573748,21,32765
3.41343,1.33813,-0.567459,20,32765
3.40848,1.32314,-0.567056,21,32765
3.47731,1.33652,-0.578759,21,32765
3.38919,1.28965,-0.564868,20,32765
3.38401,1.27484,-0.564667,21,32765
3.42509,1.27733,-0.571979,22,32765
3.44766,1.27275,-0.576347,23,32765
3.46103,1.26457,-0.578807,26,32765
3.40936,1.2328,-0.570404,25,32765
3.4412,1.23135,-0.576132,25,32765
3.45448,1.22316,-0.578365,23,32765
3.36518,1.17905,-0.563479,22,32765
3.4435,1.19382,-0.577263,24,32765
3.45665,1.18567,-0.579434,23,32765
3.40426,1.1554,-0.570705,23,32765
3.3892,1.13804,-0.567938,23,32765
3.41158,1.13319,-0.571492,24,32765
3.39648,1.11589,-0.56843,24,32765
3.4094,1.10786,-0.570543,23,32765
3.41296,1.09672,-0.570807,23,32765
0,0,-0,0,32765
